n   Temperature [K]
 36 5.802259e+03 1.160452e+04 1.740678e+04 2.320904e+04 5.802259e+04 8.123163e+04 1.160452e+05 1.740678e+05 2.669039e+05 3.713446e+05 6.034349e+05 8.587343e+05 1.160452e+06 1.914745e+06 2.727062e+06 3.597401e+06 4.525762e+06 5.512146e+06 7.600959e+06 9.805818e+06 1.160452e+07 1.672211e+07 2.233870e+07 2.847749e+07 3.516169e+07 4.241451e+07 5.025917e+07 5.871886e+07 6.781680e+07 7.757620e+07 8.802027e+07 9.917221e+07 1.160452e+08 2.320904e+08 5.802259e+08 1.160452e+09
Q   Rate [m3/s]
  1 5.669000e-19 3.439000e-19 2.505000e-19 1.978000e-19 8.702000e-20 6.279000e-20 4.374000e-20 2.890000e-20 2.102000e-20 2.300000e-20 4.049000e-20 6.257000e-20 8.382000e-20 1.145000e-19 1.274000e-19 1.310000e-19 1.295000e-19 1.252000e-19 1.127000e-19 9.916000e-20 8.919000e-20 6.709000e-20 5.105000e-20 3.951000e-20 3.110000e-20 2.485000e-20 2.013000e-20 1.650000e-20 1.367000e-20 1.143000e-20 9.633000e-21 8.183000e-21 6.583000e-21 2.457000e-21 6.422000e-22 2.296000e-22
  2 1.464000e-18 9.261000e-19 6.932000e-19 5.584000e-19 2.628000e-19 1.941000e-19 1.385000e-19 9.302000e-20 6.439000e-20 5.733000e-20 6.990000e-20 9.127000e-20 1.118000e-19 1.402000e-19 1.506000e-19 1.518000e-19 1.485000e-19 1.426000e-19 1.278000e-19 1.124000e-19 1.012000e-19 7.636000e-20 5.831000e-20 4.526000e-20 3.570000e-20 2.858000e-20 2.318000e-20 1.902000e-20 1.577000e-20 1.320000e-20 1.114000e-20 9.466000e-21 7.621000e-21 2.850000e-21 7.463000e-22 2.669000e-22
  3 2.824000e-18 1.841000e-18 1.406000e-18 1.151000e-18 5.710000e-19 4.304000e-19 3.141000e-19 2.161000e-19 1.486000e-19 1.219000e-19 1.183000e-19 1.327000e-19 1.491000e-19 1.703000e-19 1.761000e-19 1.741000e-19 1.683000e-19 1.604000e-19 1.427000e-19 1.253000e-19 1.128000e-19 8.541000e-20 6.544000e-20 5.094000e-20 4.028000e-20 3.231000e-20 2.625000e-20 2.157000e-20 1.790000e-20 1.500000e-20 1.266000e-20 1.077000e-20 8.678000e-21 3.254000e-21 8.538000e-22 3.057000e-22
  4 4.634000e-18 3.083000e-18 2.391000e-18 1.980000e-18 1.025000e-18 7.854000e-19 5.835000e-19 4.094000e-19 2.847000e-19 2.268000e-19 1.941000e-19 1.951000e-19 2.023000e-19 2.114000e-19 2.094000e-19 2.023000e-19 1.927000e-19 1.821000e-19 1.606000e-19 1.407000e-19 1.267000e-19 9.620000e-20 7.400000e-20 5.780000e-20 4.584000e-20 3.686000e-20 3.000000e-20 2.470000e-20 2.053000e-20 1.721000e-20 1.455000e-20 1.239000e-20 9.992000e-21 3.760000e-21 9.894000e-22 3.548000e-22
  5 6.886000e-18 4.647000e-18 3.643000e-18 3.039000e-18 1.629000e-18 1.266000e-18 9.545000e-19 6.814000e-19 4.785000e-19 3.786000e-19 3.039000e-19 2.836000e-19 2.761000e-19 2.657000e-19 2.528000e-19 2.380000e-19 2.231000e-19 2.087000e-19 1.821000e-19 1.589000e-19 1.431000e-19 1.089000e-19 8.412000e-20 6.596000e-20 5.248000e-20 4.231000e-20 3.452000e-20 2.847000e-20 2.371000e-20 1.991000e-20 1.685000e-20 1.436000e-20 1.160000e-20 4.384000e-21 1.157000e-21 4.159000e-22
  6 9.571000e-18 6.526000e-18 5.156000e-18 4.336000e-18 2.384000e-18 1.873000e-18 1.431000e-18 1.036000e-18 7.361000e-19 5.810000e-19 4.503000e-19 4.007000e-19 3.731000e-19 3.356000e-19 3.071000e-19 2.825000e-19 2.604000e-19 2.408000e-19 2.077000e-19 1.804000e-19 1.622000e-19 1.237000e-19 9.586000e-20 7.544000e-20 6.023000e-20 4.870000e-20 3.984000e-20 3.292000e-20 2.746000e-20 2.310000e-20 1.957000e-20 1.670000e-20 1.351000e-20 5.131000e-21 1.361000e-21 4.901000e-22
  7 1.270000e-17 8.717000e-18 6.928000e-18 5.855000e-18 3.288000e-18 2.612000e-18 2.031000e-18 1.537000e-18 1.184000e-18 9.979000e-19 8.042000e-19 6.962000e-19 6.157000e-19 4.987000e-19 4.263000e-19 3.742000e-19 3.338000e-19 3.008000e-19 2.511000e-19 2.145000e-19 1.912000e-19 1.443000e-19 1.115000e-19 8.769000e-20 7.003000e-20 5.667000e-20 4.640000e-20 3.838000e-20 3.204000e-20 2.697000e-20 2.288000e-20 1.953000e-20 1.581000e-20 6.028000e-21 1.604000e-21 5.791000e-22
  8 1.625000e-17 1.122000e-17 8.960000e-18 7.602000e-18 4.341000e-18 3.476000e-18 2.732000e-18 2.093000e-18 1.624000e-18 1.365000e-18 1.080000e-18 9.154000e-19 7.937000e-19 6.209000e-19 5.175000e-19 4.463000e-19 3.932000e-19 3.511000e-19 2.889000e-19 2.448000e-19 2.179000e-19 1.643000e-19 1.272000e-19 1.004000e-19 8.041000e-20 6.525000e-20 5.355000e-20 4.439000e-20 3.713000e-20 3.131000e-20 2.659000e-20 2.274000e-20 1.844000e-20 7.068000e-21 1.891000e-21 6.847000e-22
  9 2.023000e-17 1.402000e-17 1.124000e-17 9.567000e-18 5.535000e-18 4.468000e-18 3.544000e-18 2.745000e-18 2.146000e-18 1.801000e-18 1.407000e-18 1.176000e-18 1.005000e-18 7.650000e-19 6.254000e-19 5.318000e-19 4.628000e-19 4.098000e-19 3.330000e-19 2.799000e-19 2.481000e-19 1.867000e-19 1.450000e-19 1.146000e-19 9.207000e-20 7.490000e-20 6.162000e-20 5.119000e-20 4.290000e-20 3.623000e-20 3.082000e-20 2.638000e-20 2.143000e-20 8.265000e-21 2.224000e-21 8.078000e-22
 10 2.464000e-17 1.714000e-17 1.377000e-17 1.175000e-17 6.882000e-18 5.586000e-18 4.465000e-18 3.490000e-18 2.743000e-18 2.301000e-18 1.783000e-18 1.475000e-18 1.247000e-18 9.322000e-19 7.511000e-19 6.306000e-19 5.440000e-19 4.775000e-19 3.844000e-19 3.204000e-19 2.829000e-19 2.121000e-19 1.647000e-19 1.308000e-19 1.052000e-19 8.578000e-20 7.073000e-20 5.888000e-20 4.943000e-20 4.182000e-20 3.562000e-20 3.054000e-20 2.484000e-20 9.640000e-21 2.609000e-21 9.509000e-22
 11 2.947000e-17 2.056000e-17 1.656000e-17 1.415000e-17 8.369000e-18 6.838000e-18 5.532000e-18 4.391000e-18 3.489000e-18 2.932000e-18 2.257000e-18 1.848000e-18 1.547000e-18 1.135000e-18 9.017000e-19 7.491000e-19 6.401000e-19 5.580000e-19 4.437000e-19 3.674000e-19 3.229000e-19 2.407000e-19 1.869000e-19 1.484000e-19 1.197000e-19 9.781000e-20 8.081000e-20 6.739000e-20 5.667000e-20 4.802000e-20 4.096000e-20 3.516000e-20 2.865000e-20 1.118000e-20 3.044000e-21 1.114000e-21
 12 3.474000e-17 2.428000e-17 1.960000e-17 1.678000e-17 1.001000e-17 8.214000e-18 6.684000e-18 5.338000e-18 4.255000e-18 3.574000e-18 2.738000e-18 2.230000e-18 1.856000e-18 1.346000e-18 1.062000e-18 8.759000e-19 7.435000e-19 6.448000e-19 5.079000e-19 4.188000e-19 3.664000e-19 2.714000e-19 2.104000e-19 1.673000e-19 1.354000e-19 1.109000e-19 9.176000e-20 7.667000e-20 6.458000e-20 5.481000e-20 4.682000e-20 4.024000e-20 3.284000e-20 1.290000e-20 3.533000e-21 1.297000e-21
 13 5.349000e-17 3.908000e-17 3.173000e-17 2.728000e-17 1.662000e-17 1.375000e-17 1.118000e-17 8.760000e-18 6.704000e-18 5.411000e-18 3.901000e-18 3.052000e-18 2.463000e-18 1.711000e-18 1.315000e-18 1.066000e-18 8.941000e-19 7.659000e-19 5.943000e-19 4.840000e-19 4.220000e-19 3.089000e-19 2.383000e-19 1.892000e-19 1.530000e-19 1.256000e-19 1.040000e-19 8.696000e-20 7.334000e-20 6.230000e-20 5.328000e-20 4.584000e-20 3.746000e-20 1.479000e-20 4.074000e-21 1.502000e-21
 14 6.037000e-17 4.456000e-17 3.623000e-17 3.119000e-17 1.906000e-17 1.579000e-17 1.286000e-17 1.010000e-17 7.751000e-18 6.264000e-18 4.522000e-18 3.536000e-18 2.851000e-18 1.972000e-18 1.510000e-18 1.220000e-18 1.018000e-18 8.706000e-19 6.715000e-19 5.442000e-19 4.729000e-19 3.449000e-19 2.654000e-19 2.109000e-19 1.711000e-19 1.405000e-19 1.169000e-19 9.779000e-20 8.261000e-20 7.030000e-20 6.021000e-20 5.187000e-20 4.247000e-20 1.688000e-20 4.681000e-21 1.732000e-21
 15 6.829000e-17 5.071000e-17 4.116000e-17 3.543000e-17 2.165000e-17 1.793000e-17 1.458000e-17 1.141000e-17 8.685000e-18 6.970000e-18 4.938000e-18 3.790000e-18 2.997000e-18 1.996000e-18 1.479000e-18 1.162000e-18 9.457000e-19 7.880000e-19 5.809000e-19 4.531000e-19 3.834000e-19 2.653000e-19 1.961000e-19 1.527000e-19 1.209000e-19 9.843000e-20 8.181000e-20 6.912000e-20 5.872000e-20 5.057000e-20 4.393000e-20 3.845000e-20 3.187000e-20 1.359000e-20 4.111000e-21 1.610000e-21
 16 7.628000e-17 5.729000e-17 4.653000e-17 4.008000e-17 2.457000e-17 2.038000e-17 1.661000e-17 1.305000e-17 9.977000e-18 8.032000e-18 5.727000e-18 4.423000e-18 3.525000e-18 2.392000e-18 1.805000e-18 1.440000e-18 1.187000e-18 1.002000e-18 7.532000e-19 5.972000e-19 5.105000e-19 3.611000e-19 2.704000e-19 2.129000e-19 1.714000e-19 1.408000e-19 1.176000e-19 9.983000e-20 8.546000e-20 7.385000e-20 6.432000e-20 5.639000e-20 4.735000e-20 2.036000e-20 6.161000e-21 2.400000e-21
 17 8.403000e-17 6.427000e-17 5.222000e-17 4.501000e-17 2.768000e-17 2.300000e-17 1.878000e-17 1.479000e-17 1.136000e-17 9.170000e-18 6.578000e-18 5.110000e-18 4.100000e-18 2.825000e-18 2.161000e-18 1.742000e-18 1.452000e-18 1.237000e-18 9.427000e-19 7.538000e-19 6.480000e-19 4.633000e-19 3.519000e-19 2.781000e-19 2.264000e-19 1.865000e-19 1.567000e-19 1.331000e-19 1.145000e-19 9.906000e-20 8.641000e-20 7.585000e-20 6.376000e-20 2.778000e-20 8.434000e-21 3.279000e-21
 18 9.190000e-17 7.104000e-17 5.825000e-17 5.023000e-17 3.096000e-17 2.576000e-17 2.109000e-17 1.665000e-17 1.283000e-17 1.037000e-17 7.491000e-18 5.850000e-18 4.722000e-18 3.297000e-18 2.549000e-18 2.073000e-18 1.740000e-18 1.490000e-18 1.146000e-18 9.234000e-19 7.984000e-19 5.748000e-19 4.404000e-19 3.484000e-19 2.848000e-19 2.363000e-19 1.984000e-19 1.693000e-19 1.455000e-19 1.264000e-19 1.103000e-19 9.688000e-20 8.151000e-20 3.587000e-20 1.094000e-20 4.252000e-21
 19 1.001000e-16 7.789000e-17 6.459000e-17 5.572000e-17 3.444000e-17 2.868000e-17 2.351000e-17 1.862000e-17 1.439000e-17 1.167000e-17 8.466000e-18 6.644000e-18 5.393000e-18 3.808000e-18 2.969000e-18 2.432000e-18 2.050000e-18 1.765000e-18 1.368000e-18 1.109000e-18 9.599000e-19 6.965000e-19 5.354000e-19 4.250000e-19 3.473000e-19 2.897000e-19 2.436000e-19 2.078000e-19 1.789000e-19 1.555000e-19 1.361000e-19 1.195000e-19 1.006000e-19 4.466000e-20 1.368000e-20 5.324000e-21
 20 1.083000e-16 8.505000e-17 7.127000e-17 6.150000e-17 3.808000e-17 3.176000e-17 2.607000e-17 2.068000e-17 1.603000e-17 1.304000e-17 9.503000e-18 7.494000e-18 6.113000e-18 4.359000e-18 3.423000e-18 2.819000e-18 2.388000e-18 2.063000e-18 1.608000e-18 1.308000e-18 1.134000e-18 8.261000e-19 6.358000e-19 5.075000e-19 4.144000e-19 3.464000e-19 2.925000e-19 2.493000e-19 2.151000e-19 1.868000e-19 1.636000e-19 1.441000e-19 1.212000e-19 5.418000e-20 1.668000e-20 6.502000e-21
 21 1.162000e-16 9.253000e-17 7.827000e-17 6.757000e-17 4.191000e-17 3.498000e-17 2.877000e-17 2.286000e-17 1.776000e-17 1.449000e-17 1.061000e-17 8.405000e-18 6.892000e-18 4.962000e-18 3.923000e-18 3.245000e-18 2.758000e-18 2.386000e-18 1.868000e-18 1.523000e-18 1.326000e-18 9.671000e-19 7.453000e-19 5.973000e-19 4.871000e-19 4.071000e-19 3.450000e-19 2.941000e-19 2.536000e-19 2.207000e-19 1.931000e-19 1.701000e-19 1.434000e-19 6.444000e-20 1.994000e-20 7.788000e-21
 22 1.244000e-16 1.003000e-16 8.551000e-17 7.391000e-17 4.593000e-17 3.837000e-17 3.158000e-17 2.515000e-17 1.958000e-17 1.601000e-17 1.177000e-17 9.370000e-18 7.718000e-18 5.603000e-18 4.451000e-18 3.695000e-18 3.149000e-18 2.731000e-18 2.145000e-18 1.753000e-18 1.527000e-18 1.117000e-18 8.628000e-19 6.907000e-19 5.653000e-19 4.714000e-19 4.001000e-19 3.421000e-19 2.948000e-19 2.564000e-19 2.245000e-19 1.978000e-19 1.671000e-19 7.544000e-20 2.346000e-20 9.184000e-21
 23 1.329000e-16 1.084000e-16 9.230000e-17 8.054000e-17 5.012000e-17 4.190000e-17 3.453000e-17 2.754000e-17 2.149000e-17 1.761000e-17 1.300000e-17 1.039000e-17 8.595000e-18 6.284000e-18 5.015000e-18 4.176000e-18 3.567000e-18 3.100000e-18 2.440000e-18 1.999000e-18 1.742000e-18 1.277000e-18 9.881000e-19 7.903000e-19 6.492000e-19 5.407000e-19 4.587000e-19 3.935000e-19 3.393000e-19 2.948000e-19 2.584000e-19 2.275000e-19 1.922000e-19 8.726000e-20 2.728000e-20 1.070000e-20
 24 1.407000e-16 1.162000e-16 9.934000e-17 8.745000e-17 5.449000e-17 4.559000e-17 3.761000e-17 3.003000e-17 2.349000e-17 1.929000e-17 1.428000e-17 1.147000e-17 9.529000e-18 7.014000e-18 5.621000e-18 4.692000e-18 4.015000e-18 3.493000e-18 2.755000e-18 2.260000e-18 1.972000e-18 1.448000e-18 1.121000e-18 8.970000e-19 7.382000e-19 6.149000e-19 5.207000e-19 4.472000e-19 3.862000e-19 3.356000e-19 2.940000e-19 2.593000e-19 2.188000e-19 1.001000e-19 3.137000e-20 1.234000e-20
 25 1.486000e-16 1.240000e-16 1.066000e-16 9.465000e-17 5.904000e-17 4.944000e-17 4.081000e-17 3.269000e-17 2.582000e-17 2.158000e-17 1.668000e-17 1.383000e-17 1.171000e-17 8.708000e-18 6.935000e-18 5.739000e-18 4.868000e-18 4.204000e-18 3.276000e-18 2.667000e-18 2.317000e-18 1.686000e-18 1.297000e-18 1.034000e-18 8.465000e-19 7.055000e-19 5.955000e-19 5.103000e-19 4.413000e-19 3.833000e-19 3.351000e-19 2.952000e-19 2.490000e-19 1.138000e-19 3.583000e-20 1.412000e-20
 26 1.568000e-16 1.320000e-16 1.142000e-16 1.019000e-16 6.377000e-17 5.344000e-17 4.415000e-17 3.541000e-17 2.802000e-17 2.347000e-17 1.820000e-17 1.513000e-17 1.284000e-17 9.584000e-18 7.653000e-18 6.344000e-18 5.389000e-18 4.662000e-18 3.640000e-18 2.966000e-18 2.579000e-18 1.882000e-18 1.449000e-18 1.157000e-18 9.456000e-19 7.906000e-19 6.670000e-19 5.706000e-19 4.940000e-19 4.297000e-19 3.761000e-19 3.308000e-19 2.796000e-19 1.279000e-19 4.054000e-20 1.602000e-20
 27 1.646000e-16 1.403000e-16 1.220000e-16 1.088000e-16 6.868000e-17 5.759000e-17 4.762000e-17 3.822000e-17 3.030000e-17 2.542000e-17 1.976000e-17 1.646000e-17 1.401000e-17 1.049000e-17 8.397000e-18 6.975000e-18 5.935000e-18 5.138000e-18 4.019000e-18 3.280000e-18 2.855000e-18 2.085000e-18 1.608000e-18 1.285000e-18 1.051000e-18 8.786000e-19 7.425000e-19 6.347000e-19 5.494000e-19 4.791000e-19 4.191000e-19 3.687000e-19 3.114000e-19 1.428000e-19 4.557000e-20 1.806000e-20
 28 1.722000e-16 1.488000e-16 1.301000e-16 1.159000e-16 7.377000e-17 6.189000e-17 5.120000e-17 4.115000e-17 3.266000e-17 2.743000e-17 2.138000e-17 1.784000e-17 1.521000e-17 1.143000e-17 9.169000e-18 7.629000e-18 6.500000e-18 5.633000e-18 4.416000e-18 3.606000e-18 3.142000e-18 2.300000e-18 1.775000e-18 1.420000e-18 1.163000e-18 9.704000e-19 8.227000e-19 7.030000e-19 6.076000e-19 5.308000e-19 4.647000e-19 4.092000e-19 3.452000e-19 1.586000e-19 5.093000e-20 2.023000e-20
 29 1.798000e-16 1.566000e-16 1.381000e-16 1.233000e-16 7.904000e-17 6.635000e-17 5.500000e-17 4.449000e-17 3.583000e-17 3.051000e-17 2.413000e-17 2.018000e-17 1.719000e-17 1.284000e-17 1.026000e-17 8.507000e-18 7.232000e-18 6.258000e-18 4.895000e-18 3.993000e-18 3.477000e-18 2.544000e-18 1.963000e-18 1.568000e-18 1.285000e-18 1.071000e-18 9.084000e-19 7.763000e-19 6.702000e-19 5.848000e-19 5.135000e-19 4.519000e-19 3.811000e-19 1.753000e-19 5.658000e-20 2.254000e-20
 30 1.875000e-16 1.646000e-16 1.458000e-16 1.309000e-16 8.449000e-17 7.095000e-17 5.884000e-17 4.759000e-17 3.835000e-17 3.266000e-17 2.586000e-17 2.166000e-17 1.849000e-17 1.386000e-17 1.109000e-17 9.215000e-18 7.844000e-18 6.796000e-18 5.324000e-18 4.349000e-18 3.790000e-18 2.780000e-18 2.148000e-18 1.716000e-18 1.406000e-18 1.173000e-18 9.944000e-19 8.518000e-19 7.352000e-19 6.407000e-19 5.635000e-19 4.963000e-19 4.190000e-19 1.928000e-19 6.257000e-20 2.499000e-20
 31 1.946000e-16 1.799000e-16 1.721000e-16 1.648000e-16 1.183000e-16 9.987000e-17 8.299000e-17 6.698000e-17 5.317000e-17 4.427000e-17 3.350000e-17 2.714000e-17 2.254000e-17 1.629000e-17 1.279000e-17 1.050000e-17 8.864000e-18 7.635000e-18 5.938000e-18 4.829000e-18 4.195000e-18 3.064000e-18 2.361000e-18 1.885000e-18 1.544000e-18 1.287000e-18 1.089000e-18 9.337000e-19 8.052000e-19 7.008000e-19 6.157000e-19 5.437000e-19 4.585000e-19 2.115000e-19 6.881000e-20 2.756000e-20
 32 2.016000e-16 1.877000e-16 1.798000e-16 1.731000e-16 1.259000e-16 1.064000e-16 8.847000e-17 7.144000e-17 5.676000e-17 4.730000e-17 3.585000e-17 2.908000e-17 2.417000e-17 1.750000e-17 1.376000e-17 1.131000e-17 9.562000e-18 8.242000e-18 6.418000e-18 5.225000e-18 4.543000e-18 3.322000e-18 2.563000e-18 2.048000e-18 1.678000e-18 1.400000e-18 1.184000e-18 1.016000e-18 8.771000e-19 7.634000e-19 6.697000e-19 5.925000e-19 5.000000e-19 2.308000e-19 7.557000e-20 3.035000e-20
 33 2.391000e-16 2.202000e-16 2.006000e-16 1.855000e-16 1.325000e-16 1.134000e-16 9.428000e-17 7.616000e-17 6.052000e-17 5.047000e-17 3.828000e-17 3.108000e-17 2.588000e-17 1.885000e-17 1.495000e-17 1.236000e-17 1.050000e-17 9.095000e-18 7.126000e-18 5.825000e-18 5.076000e-18 3.724000e-18 2.879000e-18 2.302000e-18 1.884000e-18 1.571000e-18 1.327000e-18 1.135000e-18 9.815000e-19 8.529000e-19 7.463000e-19 6.589000e-19 5.583000e-19 2.580000e-19 8.872000e-20 3.813000e-20
 34 2.464000e-16 2.290000e-16 2.100000e-16 1.942000e-16 1.397000e-16 1.203000e-16 1.000000e-16 8.082000e-17 6.428000e-17 5.363000e-17 4.076000e-17 3.318000e-17 2.773000e-17 2.041000e-17 1.634000e-17 1.363000e-17 1.167000e-17 1.017000e-17 8.060000e-18 6.645000e-18 5.826000e-18 4.327000e-18 3.380000e-18 2.726000e-18 2.246000e-18 1.884000e-18 1.602000e-18 1.376000e-18 1.196000e-18 1.045000e-18 9.187000e-19 8.125000e-19 6.929000e-19 3.276000e-19 1.145000e-19 4.944000e-20
 35 2.535000e-16 2.378000e-16 2.191000e-16 2.028000e-16 1.470000e-16 1.273000e-16 1.059000e-16 8.563000e-17 6.816000e-17 5.690000e-17 4.332000e-17 3.536000e-17 2.965000e-17 2.206000e-17 1.782000e-17 1.498000e-17 1.291000e-17 1.131000e-17 9.042000e-18 7.507000e-18 6.608000e-18 4.956000e-18 3.901000e-18 3.163000e-18 2.621000e-18 2.210000e-18 1.887000e-18 1.627000e-18 1.419000e-18 1.244000e-18 1.097000e-18 9.724000e-19 8.313000e-19 4.000000e-19 1.414000e-19 6.129000e-20
 36 2.606000e-16 2.468000e-16 2.279000e-16 2.117000e-16 1.545000e-16 1.346000e-16 1.120000e-16 9.058000e-17 7.214000e-17 6.027000e-17 4.598000e-17 3.764000e-17 3.170000e-17 2.382000e-17 1.939000e-17 1.641000e-17 1.422000e-17 1.251000e-17 1.007000e-17 8.405000e-18 7.426000e-18 5.609000e-18 4.440000e-18 3.618000e-18 3.012000e-18 2.549000e-18 2.183000e-18 1.889000e-18 1.648000e-18 1.451000e-18 1.282000e-18 1.139000e-18 9.743000e-19 4.751000e-19 1.694000e-19 7.369000e-20
 37 2.677000e-16 2.560000e-16 2.370000e-16 2.207000e-16 1.622000e-16 1.419000e-16 1.182000e-16 9.568000e-17 7.637000e-17 6.423000e-17 5.003000e-17 4.182000e-17 3.587000e-17 2.746000e-17 2.245000e-17 1.900000e-17 1.644000e-17 1.445000e-17 1.159000e-17 9.660000e-18 8.527000e-18 6.433000e-18 5.093000e-18 4.155000e-18 3.464000e-18 2.931000e-18 2.514000e-18 2.177000e-18 1.901000e-18 1.676000e-18 1.483000e-18 1.319000e-18 1.128000e-18 5.534000e-19 1.987000e-19 8.667000e-20
 38 2.749000e-16 2.648000e-16 2.461000e-16 2.299000e-16 1.701000e-16 1.486000e-16 1.246000e-16 1.009000e-16 8.085000e-17 6.835000e-17 5.382000e-17 4.535000e-17 3.909000e-17 3.010000e-17 2.468000e-17 2.092000e-17 1.813000e-17 1.596000e-17 1.284000e-17 1.072000e-17 9.475000e-18 7.172000e-18 5.694000e-18 4.658000e-18 3.891000e-18 3.298000e-18 2.834000e-18 2.459000e-18 2.150000e-18 1.896000e-18 1.682000e-18 1.498000e-18 1.283000e-18 6.322000e-19 2.288000e-19 1.001000e-19
 39 3.974000e-16 3.951000e-16 3.851000e-16 3.661000e-16 2.798000e-16 2.469000e-16 2.139000e-16 1.797000e-16 1.472000e-16 1.236000e-16 9.505000e-17 7.812000e-17 6.578000e-17 4.885000e-17 3.918000e-17 3.276000e-17 2.809000e-17 2.452000e-17 1.951000e-17 1.616000e-17 1.422000e-17 1.066000e-17 8.395000e-18 6.825000e-18 5.668000e-18 4.786000e-18 4.093000e-18 3.533000e-18 3.074000e-18 2.693000e-18 2.376000e-18 2.107000e-18 1.795000e-18 8.634000e-19 3.079000e-19 1.338000e-19
 40 3.269000e-16 3.196000e-16 3.027000e-16 2.864000e-16 2.243000e-16 2.005000e-16 1.758000e-16 1.495000e-16 1.231000e-16 1.034000e-16 7.955000e-17 6.542000e-17 5.513000e-17 4.104000e-17 3.299000e-17 2.766000e-17 2.379000e-17 2.082000e-17 1.666000e-17 1.386000e-17 1.224000e-17 9.243000e-18 7.329000e-18 5.991000e-18 4.998000e-18 4.238000e-18 3.637000e-18 3.153000e-18 2.755000e-18 2.423000e-18 2.147000e-18 1.911000e-18 1.634000e-18 7.944000e-19 2.863000e-19 1.244000e-19
 41 3.534000e-16 3.476000e-16 3.310000e-16 3.146000e-16 2.520000e-16 2.272000e-16 2.021000e-16 1.746000e-16 1.479000e-16 1.273000e-16 1.025000e-16 8.770000e-17 7.486000e-17 5.632000e-17 4.573000e-17 3.870000e-17 3.358000e-17 2.964000e-17 2.409000e-17 2.033000e-17 1.813000e-17 1.405000e-17 1.139000e-17 9.507000e-18 8.094000e-18 6.996000e-18 6.110000e-18 5.388000e-18 4.787000e-18 4.278000e-18 3.846000e-18 3.474000e-18 3.030000e-18 1.613000e-18 6.534000e-19 3.112000e-19
 42 3.818000e-16 3.776000e-16 3.611000e-16 3.449000e-16 2.819000e-16 2.560000e-16 2.306000e-16 2.017000e-16 1.744000e-16 1.528000e-16 1.266000e-16 1.111000e-16 9.614000e-17 7.281000e-17 5.949000e-17 5.061000e-17 4.414000e-17 3.916000e-17 3.211000e-17 2.732000e-17 2.450000e-17 1.923000e-17 1.576000e-17 1.328000e-17 1.144000e-17 9.970000e-18 8.781000e-18 7.804000e-18 6.983000e-18 6.286000e-18 5.684000e-18 5.166000e-18 4.542000e-18 2.502000e-18 1.053000e-18 5.158000e-19
