n   Temperature [K]
 36 5.802259e+03 1.160452e+04 1.740678e+04 2.320904e+04 5.802259e+04 8.123163e+04 1.160452e+05 1.740678e+05 2.669039e+05 3.713446e+05 6.034349e+05 8.587343e+05 1.160452e+06 1.914745e+06 2.727062e+06 3.597401e+06 4.525762e+06 5.512146e+06 7.600959e+06 9.805818e+06 1.160452e+07 1.672211e+07 2.233870e+07 2.847749e+07 3.516169e+07 4.241451e+07 5.025917e+07 5.871886e+07 6.781680e+07 7.757620e+07 8.802027e+07 9.917221e+07 1.160452e+08 2.320904e+08 5.802259e+08 1.160452e+09
Q   Rate [m3/s]
  1 1.308000e-18 8.422000e-19 6.398000e-19 5.218000e-19 2.572000e-19 1.936000e-19 1.410000e-19 9.677000e-20 6.349000e-20 4.526000e-20 2.675000e-20 1.818000e-20 1.274000e-20 6.901000e-21 4.590000e-21 3.389000e-21 2.533000e-21 1.988000e-21 1.333000e-21 9.664000e-22 7.799000e-22 4.877000e-22 3.348000e-22 2.436000e-22 1.845000e-22 1.440000e-22 1.149000e-22 9.339000e-23 7.703000e-23 6.432000e-23 5.428000e-23 4.622000e-23 3.739000e-23 1.457000e-23 4.141000e-24 1.586000e-24
  2 2.515000e-18 1.646000e-18 1.265000e-18 1.041000e-18 5.289000e-19 4.033000e-19 2.979000e-19 2.074000e-19 1.382000e-19 9.962000e-20 6.038000e-20 4.106000e-20 2.929000e-20 1.631000e-20 1.061000e-20 7.655000e-21 5.891000e-21 4.736000e-21 3.162000e-21 2.305000e-21 1.866000e-21 1.174000e-21 8.093000e-22 5.908000e-22 4.487000e-22 3.508000e-22 2.805000e-22 2.284000e-22 1.886000e-22 1.577000e-22 1.332000e-22 1.135000e-22 9.196000e-23 3.603000e-23 1.029000e-23 3.954000e-24
  3 4.246000e-18 2.829000e-18 2.197000e-18 1.825000e-18 9.582000e-19 7.400000e-19 5.548000e-19 3.928000e-19 2.667000e-19 1.948000e-19 1.198000e-19 8.296000e-20 5.989000e-20 3.426000e-20 2.243000e-20 1.614000e-20 1.225000e-20 9.717000e-21 6.741000e-21 4.908000e-21 3.989000e-21 2.533000e-21 1.754000e-21 1.286000e-21 9.797000e-22 7.680000e-22 6.154000e-22 5.019000e-22 4.152000e-22 3.477000e-22 2.941000e-22 2.510000e-22 2.036000e-22 8.026000e-23 2.307000e-23 8.898000e-24
  4 6.429000e-18 4.339000e-18 3.405000e-18 2.845000e-18 1.536000e-18 1.200000e-18 9.110000e-19 6.540000e-19 4.512000e-19 3.333000e-19 2.082000e-19 1.457000e-19 1.060000e-19 6.104000e-20 4.132000e-20 2.953000e-20 2.245000e-20 1.776000e-20 1.216000e-20 9.074000e-21 7.376000e-21 4.707000e-21 3.285000e-21 2.414000e-21 1.844000e-21 1.449000e-21 1.163000e-21 9.502000e-22 7.873000e-22 6.601000e-22 5.591000e-22 4.776000e-22 3.880000e-22 1.537000e-22 4.442000e-23 1.719000e-23
  5 9.087000e-18 6.194000e-18 4.896000e-18 4.121000e-18 2.276000e-18 1.795000e-18 1.377000e-18 1.002000e-18 7.007000e-19 5.236000e-19 3.329000e-19 2.345000e-19 1.725000e-19 1.011000e-19 6.782000e-20 5.000000e-20 3.791000e-20 2.986000e-20 2.044000e-20 1.512000e-20 1.244000e-20 8.005000e-21 5.604000e-21 4.146000e-21 3.172000e-21 2.498000e-21 2.009000e-21 1.644000e-21 1.364000e-21 1.145000e-21 9.709000e-22 8.304000e-22 6.753000e-22 2.689000e-22 7.812000e-23 3.032000e-23
  6 1.223000e-17 8.398000e-18 6.678000e-18 5.642000e-18 3.179000e-18 2.528000e-18 1.959000e-18 1.441000e-18 1.021000e-18 7.702000e-19 4.973000e-19 3.545000e-19 2.620000e-19 1.550000e-19 1.057000e-19 7.715000e-20 5.992000e-20 4.723000e-20 3.218000e-20 2.383000e-20 1.951000e-20 1.277000e-20 8.924000e-21 6.618000e-21 5.097000e-21 4.015000e-21 3.236000e-21 2.652000e-21 2.203000e-21 1.852000e-21 1.572000e-21 1.346000e-21 1.096000e-21 4.384000e-22 1.280000e-22 4.982000e-23
  7 1.590000e-17 1.098000e-17 8.767000e-18 7.442000e-18 4.260000e-18 3.414000e-18 2.667000e-18 1.982000e-18 1.421000e-18 1.082000e-18 7.075000e-19 5.102000e-19 3.811000e-19 2.281000e-19 1.561000e-19 1.151000e-19 8.879000e-20 7.155000e-20 4.868000e-20 3.599000e-20 2.962000e-20 1.917000e-20 1.359000e-20 1.010000e-20 7.792000e-21 6.182000e-21 4.983000e-21 4.090000e-21 3.404000e-21 2.865000e-21 2.435000e-21 2.086000e-21 1.701000e-21 6.841000e-22 2.007000e-22 7.838000e-23
  8 2.002000e-17 1.388000e-17 1.112000e-17 9.471000e-18 5.493000e-18 4.432000e-18 3.487000e-18 2.615000e-18 1.893000e-18 1.453000e-18 9.618000e-19 6.992000e-19 5.263000e-19 3.190000e-19 2.202000e-19 1.633000e-19 1.262000e-19 1.012000e-19 7.002000e-20 5.175000e-20 4.238000e-20 2.751000e-20 1.960000e-20 1.462000e-20 1.130000e-20 8.974000e-21 7.282000e-21 5.972000e-21 4.976000e-21 4.193000e-21 3.567000e-21 3.060000e-21 2.498000e-21 1.009000e-21 2.974000e-22 1.165000e-22
  9 2.495000e-17 1.736000e-17 1.396000e-17 1.192000e-17 6.998000e-18 5.675000e-18 4.498000e-18 3.403000e-18 2.489000e-18 1.927000e-18 1.292000e-18 9.487000e-19 7.200000e-19 4.437000e-19 3.086000e-19 2.297000e-19 1.800000e-19 1.439000e-19 1.007000e-19 7.471000e-20 6.124000e-20 4.006000e-20 2.833000e-20 2.133000e-20 1.646000e-20 1.309000e-20 1.064000e-20 8.789000e-21 7.335000e-21 6.192000e-21 5.276000e-21 4.532000e-21 3.707000e-21 1.507000e-21 4.473000e-22 1.758000e-22
 10 3.005000e-17 2.102000e-17 1.694000e-17 1.449000e-17 8.586000e-18 6.990000e-18 5.574000e-18 4.245000e-18 3.130000e-18 2.439000e-18 1.651000e-18 1.222000e-18 9.329000e-19 5.805000e-19 4.071000e-19 3.050000e-19 2.380000e-19 1.929000e-19 1.342000e-19 1.009000e-19 8.251000e-20 5.373000e-20 3.840000e-20 2.867000e-20 2.244000e-20 1.777000e-20 1.444000e-20 1.194000e-20 1.002000e-20 8.452000e-21 7.210000e-21 6.199000e-21 5.075000e-21 2.073000e-21 6.177000e-22 2.434000e-22
 11 3.525000e-17 2.466000e-17 1.990000e-17 1.705000e-17 1.017000e-17 8.314000e-18 6.653000e-18 5.094000e-18 3.778000e-18 2.958000e-18 2.017000e-18 1.499000e-18 1.149000e-18 7.210000e-19 5.082000e-19 3.813000e-19 2.990000e-19 2.409000e-19 1.687000e-19 1.268000e-19 1.044000e-19 6.776000e-20 4.806000e-20 3.603000e-20 2.815000e-20 2.269000e-20 1.831000e-20 1.515000e-20 1.270000e-20 1.072000e-20 9.146000e-21 7.867000e-21 6.444000e-21 2.636000e-21 7.868000e-22 3.103000e-22
 12 4.135000e-17 2.914000e-17 2.356000e-17 2.020000e-17 1.214000e-17 9.959000e-18 7.997000e-18 6.164000e-18 4.603000e-18 3.625000e-18 2.494000e-18 1.867000e-18 1.440000e-18 9.116000e-19 6.474000e-19 4.891000e-19 3.850000e-19 3.115000e-19 2.198000e-19 1.644000e-19 1.365000e-19 8.867000e-20 6.313000e-20 4.745000e-20 3.689000e-20 2.964000e-20 2.414000e-20 1.999000e-20 1.678000e-20 1.424000e-20 1.215000e-20 1.046000e-20 8.578000e-21 3.526000e-21 1.058000e-21 4.184000e-22
 13 4.464000e-17 3.129000e-17 2.532000e-17 2.173000e-17 1.309000e-17 1.075000e-17 8.652000e-18 6.681000e-18 4.999000e-18 3.943000e-18 2.722000e-18 2.059000e-18 1.633000e-18 1.166000e-18 9.628000e-19 8.433000e-19 7.577000e-19 6.914000e-19 5.915000e-19 5.179000e-19 4.718000e-19 3.795000e-19 3.137000e-19 2.642000e-19 2.254000e-19 1.933000e-19 1.670000e-19 1.446000e-19 1.257000e-19 1.097000e-19 9.603000e-20 8.431000e-20 7.060000e-20 3.009000e-20 8.675000e-21 3.232000e-21
 14 5.105000e-17 3.582000e-17 2.902000e-17 2.493000e-17 1.509000e-17 1.243000e-17 1.004000e-17 7.783000e-18 5.856000e-18 4.640000e-18 3.226000e-18 2.452000e-18 1.951000e-18 1.392000e-18 1.143000e-18 9.951000e-19 8.901000e-19 8.083000e-19 6.854000e-19 5.974000e-19 5.415000e-19 4.328000e-19 3.556000e-19 2.986000e-19 2.542000e-19 2.181000e-19 1.884000e-19 1.635000e-19 1.422000e-19 1.242000e-19 1.088000e-19 9.563000e-20 8.019000e-20 3.437000e-20 9.961000e-21 3.722000e-21
 15 5.775000e-17 4.065000e-17 3.296000e-17 2.835000e-17 1.723000e-17 1.423000e-17 1.153000e-17 8.960000e-18 6.783000e-18 5.403000e-18 3.830000e-18 3.008000e-18 2.488000e-18 1.879000e-18 1.562000e-18 1.351000e-18 1.193000e-18 1.066000e-18 8.793000e-19 7.488000e-19 6.706000e-19 5.215000e-19 4.214000e-19 3.494000e-19 2.948000e-19 2.517000e-19 2.164000e-19 1.873000e-19 1.629000e-19 1.419000e-19 1.243000e-19 1.091000e-19 9.147000e-20 3.921000e-20 1.139000e-20 4.263000e-21
 16 6.412000e-17 4.579000e-17 3.716000e-17 3.198000e-17 1.952000e-17 1.614000e-17 1.310000e-17 1.023000e-17 7.778000e-18 6.220000e-18 4.435000e-18 3.495000e-18 2.894000e-18 2.182000e-18 1.808000e-18 1.558000e-18 1.370000e-18 1.221000e-18 1.003000e-18 8.499000e-19 7.596000e-19 5.867000e-19 4.731000e-19 3.910000e-19 3.295000e-19 2.809000e-19 2.418000e-19 2.091000e-19 1.820000e-19 1.591000e-19 1.392000e-19 1.224000e-19 1.027000e-19 4.426000e-20 1.292000e-20 4.852000e-21
 17 7.082000e-17 5.123000e-17 4.160000e-17 3.583000e-17 2.193000e-17 1.818000e-17 1.479000e-17 1.159000e-17 8.843000e-18 7.097000e-18 5.087000e-18 4.022000e-18 3.336000e-18 2.512000e-18 2.075000e-18 1.782000e-18 1.564000e-18 1.391000e-18 1.137000e-18 9.605000e-19 8.555000e-19 6.579000e-19 5.296000e-19 4.362000e-19 3.666000e-19 3.123000e-19 2.687000e-19 2.326000e-19 2.025000e-19 1.771000e-19 1.552000e-19 1.366000e-19 1.148000e-19 4.973000e-20 1.460000e-20 5.496000e-21
 18 7.787000e-17 5.698000e-17 4.629000e-17 3.989000e-17 2.449000e-17 2.032000e-17 1.658000e-17 1.303000e-17 9.976000e-18 8.033000e-18 5.787000e-18 4.588000e-18 3.811000e-18 2.868000e-18 2.364000e-18 2.024000e-18 1.772000e-18 1.573000e-18 1.282000e-18 1.080000e-18 9.598000e-19 7.352000e-19 5.891000e-19 4.847000e-19 4.065000e-19 3.461000e-19 2.975000e-19 2.578000e-19 2.243000e-19 1.963000e-19 1.725000e-19 1.518000e-19 1.277000e-19 5.561000e-20 1.641000e-20 6.197000e-21
 19 8.522000e-17 6.302000e-17 5.123000e-17 4.417000e-17 2.719000e-17 2.260000e-17 1.846000e-17 1.454000e-17 1.118000e-17 9.027000e-18 6.534000e-18 5.195000e-18 4.321000e-18 3.251000e-18 2.674000e-18 2.286000e-18 1.997000e-18 1.771000e-18 1.439000e-18 1.209000e-18 1.072000e-18 8.184000e-19 6.532000e-19 5.374000e-19 4.497000e-19 3.821000e-19 3.283000e-19 2.844000e-19 2.480000e-19 2.168000e-19 1.906000e-19 1.683000e-19 1.415000e-19 6.194000e-20 1.838000e-20 6.960000e-21
 20 9.202000e-17 6.937000e-17 5.641000e-17 4.866000e-17 3.002000e-17 2.499000e-17 2.045000e-17 1.615000e-17 1.244000e-17 1.008000e-17 7.328000e-18 5.841000e-18 4.865000e-18 3.661000e-18 3.007000e-18 2.567000e-18 2.238000e-18 1.981000e-18 1.607000e-18 1.347000e-18 1.194000e-18 9.075000e-19 7.219000e-19 5.934000e-19 4.956000e-19 4.206000e-19 3.613000e-19 3.127000e-19 2.726000e-19 2.386000e-19 2.099000e-19 1.853000e-19 1.562000e-19 6.871000e-20 2.049000e-20 7.784000e-21
 21 9.907000e-17 7.603000e-17 6.185000e-17 5.336000e-17 3.300000e-17 2.749000e-17 2.254000e-17 1.783000e-17 1.378000e-17 1.119000e-17 8.179000e-18 6.548000e-18 5.469000e-18 4.123000e-18 3.385000e-18 2.883000e-18 2.510000e-18 2.217000e-18 1.793000e-18 1.500000e-18 1.327000e-18 1.005000e-18 7.977000e-19 6.531000e-19 5.460000e-19 4.625000e-19 3.966000e-19 3.435000e-19 2.991000e-19 2.622000e-19 2.306000e-19 2.036000e-19 1.721000e-19 7.598000e-20 2.278000e-20 8.677000e-21
 22 1.064000e-16 8.298000e-17 6.753000e-17 5.828000e-17 3.611000e-17 3.011000e-17 2.471000e-17 1.960000e-17 1.518000e-17 1.236000e-17 9.068000e-18 7.277000e-18 6.086000e-18 4.591000e-18 3.764000e-18 3.204000e-18 2.786000e-18 2.459000e-18 1.985000e-18 1.659000e-18 1.465000e-18 1.107000e-18 8.774000e-19 7.164000e-19 5.988000e-19 5.065000e-19 4.339000e-19 3.755000e-19 3.271000e-19 2.868000e-19 2.526000e-19 2.230000e-19 1.886000e-19 8.373000e-20 2.523000e-20 9.639000e-21
 23 1.136000e-16 8.965000e-17 7.346000e-17 6.342000e-17 3.936000e-17 3.284000e-17 2.700000e-17 2.144000e-17 1.665000e-17 1.359000e-17 1.000000e-17 8.045000e-18 6.739000e-18 5.087000e-18 4.168000e-18 3.544000e-18 3.081000e-18 2.716000e-18 2.190000e-18 1.828000e-18 1.613000e-18 1.216000e-18 9.616000e-19 7.839000e-19 6.544000e-19 5.534000e-19 4.739000e-19 4.096000e-19 3.571000e-19 3.128000e-19 2.756000e-19 2.439000e-19 2.061000e-19 9.196000e-20 2.786000e-20 1.067000e-20
 24 1.205000e-16 9.630000e-17 7.964000e-17 6.877000e-17 4.274000e-17 3.570000e-17 2.938000e-17 2.338000e-17 1.818000e-17 1.486000e-17 1.098000e-17 8.854000e-18 7.426000e-18 5.610000e-18 4.596000e-18 3.907000e-18 3.392000e-18 2.989000e-18 2.406000e-18 2.006000e-18 1.771000e-18 1.332000e-18 1.052000e-18 8.563000e-19 7.134000e-19 6.038000e-19 5.161000e-19 4.459000e-19 3.885000e-19 3.408000e-19 2.999000e-19 2.654000e-19 2.246000e-19 1.007000e-19 3.067000e-20 1.178000e-20
 25 1.276000e-16 1.032000e-16 8.606000e-17 7.433000e-17 4.626000e-17 3.867000e-17 3.185000e-17 2.542000e-17 1.999000e-17 1.670000e-17 1.301000e-17 1.090000e-17 9.344000e-18 7.097000e-18 5.737000e-18 4.802000e-18 4.113000e-18 3.583000e-18 2.832000e-18 2.332000e-18 2.044000e-18 1.516000e-18 1.184000e-18 9.581000e-19 7.930000e-19 6.696000e-19 5.703000e-19 4.915000e-19 4.271000e-19 3.739000e-19 3.288000e-19 2.907000e-19 2.460000e-19 1.105000e-19 3.372000e-20 1.298000e-20
 26 1.348000e-16 1.103000e-16 9.274000e-17 8.011000e-17 4.992000e-17 4.176000e-17 3.443000e-17 2.752000e-17 2.168000e-17 1.813000e-17 1.415000e-17 1.186000e-17 1.017000e-17 7.733000e-18 6.254000e-18 5.235000e-18 4.483000e-18 3.905000e-18 3.086000e-18 2.541000e-18 2.224000e-18 1.649000e-18 1.287000e-18 1.040000e-18 8.604000e-19 7.257000e-19 6.188000e-19 5.326000e-19 4.630000e-19 4.049000e-19 3.565000e-19 3.149000e-19 2.669000e-19 1.203000e-19 3.691000e-20 1.425000e-20
 27 1.415000e-16 1.177000e-16 9.966000e-17 8.611000e-17 5.371000e-17 4.497000e-17 3.711000e-17 2.968000e-17 2.343000e-17 1.962000e-17 1.532000e-17 1.286000e-17 1.104000e-17 8.395000e-18 6.792000e-18 5.688000e-18 4.872000e-18 4.242000e-18 3.353000e-18 2.759000e-18 2.415000e-18 1.789000e-18 1.396000e-18 1.128000e-18 9.320000e-19 7.845000e-19 6.699000e-19 5.760000e-19 5.004000e-19 4.375000e-19 3.852000e-19 3.404000e-19 2.886000e-19 1.307000e-19 4.029000e-20 1.560000e-20
 28 1.481000e-16 1.249000e-16 1.068000e-16 9.232000e-17 5.764000e-17 4.829000e-17 3.987000e-17 3.194000e-17 2.524000e-17 2.115000e-17 1.653000e-17 1.388000e-17 1.192000e-17 9.075000e-18 7.347000e-18 6.155000e-18 5.273000e-18 4.593000e-18 3.631000e-18 2.986000e-18 2.616000e-18 1.937000e-18 1.511000e-18 1.220000e-18 1.008000e-18 8.471000e-19 7.233000e-19 6.226000e-19 5.401000e-19 4.726000e-19 4.156000e-19 3.678000e-19 3.115000e-19 1.418000e-19 4.391000e-20 1.705000e-20
 29 1.548000e-16 1.318000e-16 1.134000e-16 9.875000e-17 6.170000e-17 5.173000e-17 4.280000e-17 3.457000e-17 2.786000e-17 2.380000e-17 1.899000e-17 1.601000e-17 1.370000e-17 1.032000e-17 8.277000e-18 6.887000e-18 5.871000e-18 5.095000e-18 4.004000e-18 3.282000e-18 2.868000e-18 2.118000e-18 1.648000e-18 1.325000e-18 1.093000e-18 9.176000e-19 7.822000e-19 6.735000e-19 5.837000e-19 5.102000e-19 4.485000e-19 3.967000e-19 3.360000e-19 1.534000e-19 4.771000e-20 1.857000e-20
 30 1.614000e-16 1.389000e-16 1.202000e-16 1.054000e-16 6.590000e-17 5.528000e-17 4.578000e-17 3.698000e-17 2.983000e-17 2.550000e-17 2.035000e-17 1.716000e-17 1.470000e-17 1.108000e-17 8.894000e-18 7.405000e-18 6.315000e-18 5.482000e-18 4.310000e-18 3.533000e-18 3.086000e-18 2.280000e-18 1.773000e-18 1.426000e-18 1.176000e-18 9.870000e-19 8.400000e-19 7.242000e-19 6.276000e-19 5.479000e-19 4.821000e-19 4.259000e-19 3.614000e-19 1.658000e-19 5.169000e-20 2.018000e-20
 31 1.696000e-16 1.661000e-16 1.593000e-16 1.483000e-16 9.789000e-17 8.233000e-17 6.833000e-17 5.507000e-17 4.364000e-17 3.628000e-17 2.738000e-17 2.214000e-17 1.834000e-17 1.320000e-17 1.034000e-17 8.474000e-18 7.152000e-18 6.158000e-18 4.793000e-18 3.903000e-18 3.395000e-18 2.491000e-18 1.929000e-18 1.547000e-18 1.273000e-18 1.067000e-18 9.060000e-19 7.801000e-19 6.761000e-19 5.897000e-19 5.182000e-19 4.577000e-19 3.880000e-19 1.783000e-19 5.584000e-20 2.185000e-20
 32 1.753000e-16 1.727000e-16 1.663000e-16 1.560000e-16 1.036000e-16 8.713000e-17 7.235000e-17 5.835000e-17 4.628000e-17 3.850000e-17 2.909000e-17 2.354000e-17 1.952000e-17 1.407000e-17 1.103000e-17 9.053000e-18 7.643000e-18 6.584000e-18 5.126000e-18 4.177000e-18 3.635000e-18 2.667000e-18 2.065000e-18 1.657000e-18 1.363000e-18 1.141000e-18 9.696000e-19 8.338000e-19 7.240000e-19 6.315000e-19 5.543000e-19 4.901000e-19 4.151000e-19 1.913000e-19 6.026000e-20 2.365000e-20
 33 2.110000e-16 1.923000e-16 1.731000e-16 1.579000e-16 1.053000e-16 8.854000e-17 7.350000e-17 5.925000e-17 4.692000e-17 3.900000e-17 2.937000e-17 2.367000e-17 1.953000e-17 1.397000e-17 1.087000e-17 8.854000e-18 7.429000e-18 6.361000e-18 4.895000e-18 3.944000e-18 3.404000e-18 2.446000e-18 1.859000e-18 1.465000e-18 1.183000e-18 9.743000e-19 8.159000e-19 6.906000e-19 5.945000e-19 5.113000e-19 4.438000e-19 3.893000e-19 3.282000e-19 1.471000e-19 4.967000e-20 2.068000e-20
 34 2.174000e-16 2.002000e-16 1.816000e-16 1.656000e-16 1.116000e-16 9.384000e-17 7.793000e-17 6.284000e-17 4.983000e-17 4.143000e-17 3.127000e-17 2.524000e-17 2.085000e-17 1.497000e-17 1.171000e-17 9.588000e-18 8.087000e-18 6.960000e-18 5.404000e-18 4.388000e-18 3.808000e-18 2.768000e-18 2.125000e-18 1.687000e-18 1.371000e-18 1.138000e-18 9.583000e-19 8.143000e-19 7.024000e-19 6.094000e-19 5.310000e-19 4.664000e-19 3.943000e-19 1.804000e-19 6.164000e-20 2.568000e-20
 35 2.236000e-16 2.081000e-16 1.895000e-16 1.733000e-16 1.180000e-16 9.929000e-17 8.249000e-17 6.657000e-17 5.282000e-17 4.396000e-17 3.323000e-17 2.686000e-17 2.223000e-17 1.602000e-17 1.258000e-17 1.035000e-17 8.773000e-18 7.584000e-18 5.937000e-18 4.852000e-18 4.229000e-18 3.104000e-18 2.401000e-18 1.918000e-18 1.569000e-18 1.308000e-18 1.105000e-18 9.439000e-19 8.152000e-19 7.116000e-19 6.215000e-19 5.470000e-19 4.637000e-19 2.151000e-19 7.419000e-20 3.096000e-20
 36 2.298000e-16 2.162000e-16 1.974000e-16 1.813000e-16 1.247000e-16 1.049000e-16 8.718000e-17 7.039000e-17 5.590000e-17 4.656000e-17 3.524000e-17 2.852000e-17 2.364000e-17 1.710000e-17 1.349000e-17 1.115000e-17 9.490000e-18 8.237000e-18 6.492000e-18 5.335000e-18 4.668000e-18 3.453000e-18 2.688000e-18 2.159000e-18 1.776000e-18 1.485000e-18 1.258000e-18 1.079000e-18 9.330000e-19 8.166000e-19 7.162000e-19 6.315000e-19 5.355000e-19 2.518000e-19 8.732000e-20 3.650000e-20
 37 2.360000e-16 2.244000e-16 2.055000e-16 1.894000e-16 1.315000e-16 1.106000e-16 9.199000e-17 7.432000e-17 5.905000e-17 4.923000e-17 3.729000e-17 3.022000e-17 2.510000e-17 1.822000e-17 1.443000e-17 1.198000e-17 1.024000e-17 8.916000e-18 7.069000e-18 5.838000e-18 5.125000e-18 3.816000e-18 2.987000e-18 2.410000e-18 1.991000e-18 1.668000e-18 1.419000e-18 1.220000e-18 1.056000e-18 9.246000e-19 8.151000e-19 7.191000e-19 6.103000e-19 2.893000e-19 1.017000e-19 4.233000e-20
 38 2.422000e-16 2.322000e-16 2.138000e-16 1.977000e-16 1.384000e-16 1.166000e-16 9.693000e-17 7.836000e-17 6.230000e-17 5.198000e-17 3.943000e-17 3.199000e-17 2.661000e-17 1.938000e-17 1.541000e-17 1.284000e-17 1.101000e-17 9.623000e-18 7.672000e-18 6.363000e-18 5.601000e-18 4.195000e-18 3.298000e-18 2.674000e-18 2.212000e-18 1.858000e-18 1.584000e-18 1.365000e-18 1.185000e-18 1.037000e-18 9.170000e-19 8.106000e-19 6.884000e-19 3.284000e-19 1.158000e-19 4.845000e-20
 39 2.484000e-16 2.398000e-16 2.222000e-16 2.062000e-16 1.456000e-16 1.226000e-16 1.020000e-16 8.250000e-17 6.564000e-17 5.477000e-17 4.162000e-17 3.381000e-17 2.817000e-17 2.062000e-17 1.649000e-17 1.380000e-17 1.188000e-17 1.041000e-17 8.343000e-18 6.944000e-18 6.125000e-18 4.607000e-18 3.633000e-18 2.954000e-18 2.447000e-18 2.062000e-18 1.761000e-18 1.518000e-18 1.321000e-18 1.156000e-18 1.022000e-18 9.070000e-19 7.710000e-19 3.693000e-19 1.306000e-19 5.485000e-20
 40 2.546000e-16 2.474000e-16 2.307000e-16 2.144000e-16 1.530000e-16 1.288000e-16 1.072000e-16 8.674000e-17 6.906000e-17 5.767000e-17 4.387000e-17 3.568000e-17 2.977000e-17 2.187000e-17 1.755000e-17 1.475000e-17 1.273000e-17 1.119000e-17 9.004000e-18 7.519000e-18 6.643000e-18 5.020000e-18 3.972000e-18 3.236000e-18 2.688000e-18 2.271000e-18 1.940000e-18 1.676000e-18 1.460000e-18 1.279000e-18 1.130000e-18 1.006000e-18 8.557000e-19 4.117000e-19 1.461000e-19 6.157000e-20
 41 2.608000e-16 2.551000e-16 2.385000e-16 2.223000e-16 1.604000e-16 1.352000e-16 1.125000e-16 9.109000e-17 7.257000e-17 6.064000e-17 4.618000e-17 3.760000e-17 3.141000e-17 2.317000e-17 1.867000e-17 1.573000e-17 1.362000e-17 1.200000e-17 9.692000e-18 8.116000e-18 7.185000e-18 5.449000e-18 4.322000e-18 3.528000e-18 2.937000e-18 2.487000e-18 2.125000e-18 1.838000e-18 1.603000e-18 1.407000e-18 1.243000e-18 1.107000e-18 9.438000e-19 4.557000e-19 1.621000e-19 6.856000e-20
 42 2.670000e-16 2.629000e-16 2.464000e-16 2.303000e-16 1.673000e-16 1.417000e-16 1.180000e-16 9.555000e-17 7.614000e-17 6.368000e-17 4.855000e-17 3.958000e-17 3.311000e-17 2.451000e-17 1.982000e-17 1.676000e-17 1.455000e-17 1.285000e-17 1.041000e-17 8.735000e-18 7.746000e-18 5.893000e-18 4.683000e-18 3.833000e-18 3.198000e-18 2.708000e-18 2.318000e-18 2.008000e-18 1.752000e-18 1.540000e-18 1.360000e-18 1.211000e-18 1.036000e-18 5.014000e-19 1.788000e-19 7.587000e-20
 43 2.732000e-16 2.700000e-16 2.544000e-16 2.384000e-16 1.743000e-16 1.484000e-16 1.236000e-16 1.001000e-16 7.983000e-17 6.680000e-17 5.114000e-17 4.209000e-17 3.567000e-17 2.717000e-17 2.230000e-17 1.898000e-17 1.651000e-17 1.457000e-17 1.176000e-17 9.835000e-18 8.698000e-18 6.578000e-18 5.206000e-18 4.247000e-18 3.539000e-18 2.989000e-18 2.559000e-18 2.214000e-18 1.930000e-18 1.696000e-18 1.497000e-18 1.331000e-18 1.140000e-18 5.519000e-19 1.965000e-19 8.357000e-20
 44 2.794000e-16 2.770000e-16 2.625000e-16 2.467000e-16 1.814000e-16 1.552000e-16 1.293000e-16 1.048000e-16 8.360000e-17 6.996000e-17 5.362000e-17 4.416000e-17 3.751000e-17 2.864000e-17 2.360000e-17 2.013000e-17 1.754000e-17 1.550000e-17 1.255000e-17 1.051000e-17 9.310000e-18 7.057000e-18 5.598000e-18 4.574000e-18 3.816000e-18 3.228000e-18 2.769000e-18 2.394000e-18 2.089000e-18 1.837000e-18 1.624000e-18 1.443000e-18 1.237000e-18 6.010000e-19 2.144000e-19 9.149000e-20
 45 2.856000e-16 2.840000e-16 2.707000e-16 2.551000e-16 1.887000e-16 1.622000e-16 1.351000e-16 1.095000e-16 8.745000e-17 7.323000e-17 5.617000e-17 4.632000e-17 3.939000e-17 3.017000e-17 2.491000e-17 2.129000e-17 1.859000e-17 1.646000e-17 1.335000e-17 1.121000e-17 9.934000e-18 7.552000e-18 6.002000e-18 4.911000e-18 4.101000e-18 3.475000e-18 2.983000e-18 2.580000e-18 2.254000e-18 1.983000e-18 1.755000e-18 1.560000e-18 1.337000e-18 6.519000e-19 2.331000e-19 9.973000e-20
 46 2.919000e-16 2.910000e-16 2.789000e-16 2.637000e-16 1.961000e-16 1.693000e-16 1.411000e-16 1.144000e-16 9.139000e-17 7.656000e-17 5.877000e-17 4.850000e-17 4.129000e-17 3.170000e-17 2.623000e-17 2.247000e-17 1.965000e-17 1.742000e-17 1.417000e-17 1.191000e-17 1.057000e-17 8.056000e-18 6.412000e-18 5.256000e-18 4.393000e-18 3.728000e-18 3.201000e-18 2.773000e-18 2.425000e-18 2.134000e-18 1.889000e-18 1.680000e-18 1.439000e-18 7.047000e-19 2.524000e-19 1.083000e-19
 47 2.981000e-16 2.981000e-16 2.864000e-16 2.717000e-16 2.037000e-16 1.766000e-16 1.472000e-16 1.195000e-16 9.586000e-17 8.117000e-17 6.420000e-17 5.435000e-17 4.705000e-17 3.651000e-17 3.009000e-17 2.559000e-17 2.222000e-17 1.959000e-17 1.579000e-17 1.319000e-17 1.166000e-17 8.823000e-18 6.996000e-18 5.716000e-18 4.771000e-18 4.045000e-18 3.466000e-18 3.004000e-18 2.623000e-18 2.307000e-18 2.042000e-18 1.817000e-18 1.554000e-18 7.616000e-19 2.727000e-19 1.172000e-19
 48 3.043000e-16 3.043000e-16 2.940000e-16 2.796000e-16 2.115000e-16 1.841000e-16 1.534000e-16 1.246000e-16 1.000000e-16 8.474000e-17 6.713000e-17 5.692000e-17 4.934000e-17 3.838000e-17 3.168000e-17 2.698000e-17 2.346000e-17 2.069000e-17 1.670000e-17 1.397000e-17 1.236000e-17 9.368000e-18 7.439000e-18 6.083000e-18 5.083000e-18 4.314000e-18 3.700000e-18 3.211000e-18 2.802000e-18 2.467000e-18 2.184000e-18 1.944000e-18 1.663000e-18 8.175000e-19 2.938000e-19 1.264000e-19
 49 3.105000e-16 3.106000e-16 3.028000e-16 2.927000e-16 2.596000e-16 2.384000e-16 2.052000e-16 1.684000e-16 1.351000e-16 1.135000e-16 8.749000e-17 7.202000e-17 6.073000e-17 4.525000e-17 3.642000e-17 3.052000e-17 2.624000e-17 2.297000e-17 1.834000e-17 1.524000e-17 1.344000e-17 1.013000e-17 8.017000e-18 6.543000e-18 5.459000e-18 4.629000e-18 3.969000e-18 3.442000e-18 3.003000e-18 2.644000e-18 2.340000e-18 2.083000e-18 1.781000e-18 8.753000e-19 3.148000e-19 1.358000e-19
 50 3.168000e-16 3.168000e-16 3.104000e-16 3.004000e-16 2.687000e-16 2.477000e-16 2.142000e-16 1.761000e-16 1.414000e-16 1.188000e-16 9.161000e-17 7.547000e-17 6.369000e-17 4.751000e-17 3.827000e-17 3.211000e-17 2.763000e-17 2.419000e-17 1.935000e-17 1.609000e-17 1.420000e-17 1.071000e-17 8.489000e-18 6.936000e-18 5.792000e-18 4.912000e-18 4.217000e-18 3.655000e-18 3.194000e-18 2.812000e-18 2.490000e-18 2.217000e-18 1.897000e-18 9.330000e-19 3.365000e-19 1.456000e-19
 51 3.702000e-16 3.702000e-16 3.644000e-16 3.509000e-16 2.828000e-16 2.531000e-16 2.202000e-16 1.854000e-16 1.487000e-16 1.250000e-16 9.640000e-17 7.944000e-17 6.705000e-17 5.004000e-17 4.035000e-17 3.390000e-17 2.922000e-17 2.569000e-17 2.066000e-17 1.727000e-17 1.529000e-17 1.162000e-17 9.254000e-18 7.588000e-18 6.351000e-18 5.396000e-18 4.639000e-18 4.022000e-18 3.520000e-18 3.096000e-18 2.742000e-18 2.441000e-18 2.089000e-18 1.020000e-18 3.694000e-19 1.646000e-19
 52 3.774000e-16 3.774000e-16 3.729000e-16 3.601000e-16 2.920000e-16 2.612000e-16 2.279000e-16 1.927000e-16 1.545000e-16 1.300000e-16 1.003000e-16 8.265000e-17 6.979000e-17 5.218000e-17 4.217000e-17 3.554000e-17 3.075000e-17 2.714000e-17 2.201000e-17 1.854000e-17 1.650000e-17 1.269000e-17 1.020000e-17 8.427000e-18 7.103000e-18 6.073000e-18 5.251000e-18 4.576000e-18 4.026000e-18 3.555000e-18 3.163000e-18 2.826000e-18 2.430000e-18 1.214000e-18 4.524000e-19 2.044000e-19
 53 3.846000e-16 3.846000e-16 3.808000e-16 3.694000e-16 3.009000e-16 2.694000e-16 2.358000e-16 2.000000e-16 1.605000e-16 1.350000e-16 1.042000e-16 8.596000e-17 7.263000e-17 5.438000e-17 4.402000e-17 3.725000e-17 3.235000e-17 2.866000e-17 2.342000e-17 1.986000e-17 1.775000e-17 1.379000e-17 1.117000e-17 9.296000e-18 7.876000e-18 6.768000e-18 5.879000e-18 5.146000e-18 4.541000e-18 4.026000e-18 3.593000e-18 3.220000e-18 2.781000e-18 1.412000e-18 5.375000e-19 2.453000e-19
 54 3.917000e-16 3.917000e-16 3.888000e-16 3.779000e-16 3.095000e-16 2.778000e-16 2.438000e-16 2.074000e-16 1.666000e-16 1.402000e-16 1.083000e-16 8.933000e-17 7.551000e-17 5.662000e-17 4.595000e-17 3.900000e-17 3.399000e-17 3.022000e-17 2.486000e-17 2.121000e-17 1.904000e-17 1.492000e-17 1.217000e-17 1.018000e-17 8.668000e-18 7.480000e-18 6.521000e-18 5.729000e-18 5.068000e-18 4.510000e-18 4.033000e-18 3.624000e-18 3.141000e-18 1.615000e-18 6.249000e-19 2.882000e-19
 55 3.989000e-16 3.989000e-16 3.968000e-16 3.864000e-16 3.182000e-16 2.863000e-16 2.519000e-16 2.142000e-16 1.728000e-16 1.455000e-16 1.131000e-16 9.452000e-17 8.133000e-17 6.337000e-17 5.286000e-17 4.557000e-17 4.007000e-17 3.576000e-17 2.942000e-17 2.501000e-17 2.238000e-17 1.739000e-17 1.409000e-17 1.173000e-17 9.955000e-18 8.568000e-18 7.454000e-18 6.544000e-18 5.780000e-18 5.145000e-18 4.596000e-18 4.130000e-18 3.578000e-18 1.845000e-18 7.181000e-19 3.321000e-19
 56 4.061000e-16 4.061000e-16 4.048000e-16 3.950000e-16 3.271000e-16 2.949000e-16 2.602000e-16 2.211000e-16 1.791000e-16 1.511000e-16 1.182000e-16 9.957000e-17 8.628000e-17 6.785000e-17 5.683000e-17 4.911000e-17 4.325000e-17 3.860000e-17 3.185000e-17 2.711000e-17 2.428000e-17 1.892000e-17 1.537000e-17 1.282000e-17 1.090000e-17 9.400000e-18 8.193000e-18 7.203000e-18 6.373000e-18 5.681000e-18 5.081000e-18 4.572000e-18 3.968000e-18 2.062000e-18 8.103000e-19 3.762000e-19
 57 6.401000e-16 6.401000e-16 6.400000e-16 6.375000e-16 5.881000e-16 5.372000e-16 4.781000e-16 4.112000e-16 3.449000e-16 2.988000e-16 2.377000e-16 1.973000e-16 1.678000e-16 1.272000e-16 1.039000e-16 8.829000e-17 7.683000e-17 6.796000e-17 5.532000e-17 4.668000e-17 4.159000e-17 3.209000e-17 2.588000e-17 2.146000e-17 1.815000e-17 1.557000e-17 1.351000e-17 1.183000e-17 1.043000e-17 9.258000e-18 8.258000e-18 7.397000e-18 6.387000e-18 3.222000e-18 1.218000e-18 5.544000e-19
 58 4.764000e-16 4.764000e-16 4.764000e-16 4.683000e-16 4.010000e-16 3.684000e-16 3.334000e-16 2.913000e-16 2.481000e-16 2.176000e-16 1.739000e-16 1.443000e-16 1.227000e-16 9.296000e-17 7.594000e-17 6.453000e-17 5.617000e-17 4.972000e-17 4.056000e-17 3.431000e-17 3.062000e-17 2.376000e-17 1.925000e-17 1.605000e-17 1.363000e-17 1.175000e-17 1.023000e-17 8.995000e-18 7.959000e-18 7.085000e-18 6.342000e-18 5.697000e-18 4.939000e-18 2.547000e-18 9.835000e-19 4.500000e-19
 59 5.140000e-16 5.140000e-16 5.140000e-16 5.075000e-16 4.407000e-16 4.079000e-16 3.724000e-16 3.292000e-16 2.854000e-16 2.537000e-16 2.093000e-16 1.785000e-16 1.560000e-16 1.252000e-16 1.031000e-16 8.811000e-17 7.715000e-17 6.868000e-17 5.662000e-17 4.837000e-17 4.349000e-17 3.435000e-17 2.831000e-17 2.396000e-17 2.066000e-17 1.805000e-17 1.594000e-17 1.421000e-17 1.275000e-17 1.149000e-17 1.042000e-17 9.476000e-18 8.357000e-18 4.676000e-18 2.028000e-18 1.017000e-18
 60 5.503000e-16 5.503000e-16 5.503000e-16 5.451000e-16 4.791000e-16 4.461000e-16 4.094000e-16 3.657000e-16 3.213000e-16 2.886000e-16 2.437000e-16 2.119000e-16 1.888000e-16 1.570000e-16 1.305000e-16 1.119000e-16 9.832000e-17 8.782000e-17 7.284000e-17 6.258000e-17 5.650000e-17 4.507000e-17 3.748000e-17 3.199000e-17 2.780000e-17 2.446000e-17 2.175000e-17 1.948000e-17 1.762000e-17 1.598000e-17 1.457000e-17 1.334000e-17 1.185000e-17 6.865000e-18 3.110000e-18 1.608000e-18
