n   Temperature [K]
 36 5.802259e+03 1.160452e+04 1.740678e+04 2.320904e+04 5.802259e+04 8.123163e+04 1.160452e+05 1.740678e+05 2.669039e+05 3.713446e+05 6.034349e+05 8.587343e+05 1.160452e+06 1.914745e+06 2.727062e+06 3.597401e+06 4.525762e+06 5.512146e+06 7.600959e+06 9.805818e+06 1.160452e+07 1.672211e+07 2.233870e+07 2.847749e+07 3.516169e+07 4.241451e+07 5.025917e+07 5.871886e+07 6.781680e+07 7.757620e+07 8.802027e+07 9.917221e+07 1.160452e+08 2.320904e+08 5.802259e+08 1.160452e+09
Q   Rate [m3/s]
  1 1.537000e-18 9.942000e-19 7.569000e-19 6.178000e-19 3.045000e-19 2.289000e-19 1.667000e-19 1.139000e-19 7.465000e-20 5.294000e-20 3.111000e-20 2.119000e-20 1.460000e-20 8.000000e-21 5.372000e-21 3.869000e-21 2.924000e-21 2.293000e-21 1.534000e-21 1.111000e-21 8.958000e-22 5.593000e-22 3.835000e-22 2.789000e-22 2.111000e-22 1.646000e-22 1.313000e-22 1.067000e-22 8.797000e-23 7.343000e-23 6.195000e-23 5.274000e-23 4.265000e-23 1.661000e-23 4.711000e-24 1.802000e-24
  2 2.814000e-18 1.850000e-18 1.429000e-18 1.179000e-18 6.034000e-19 4.608000e-19 3.408000e-19 2.374000e-19 1.585000e-19 1.142000e-19 6.901000e-20 4.685000e-20 3.367000e-20 1.845000e-20 1.206000e-20 8.770000e-21 6.803000e-21 5.355000e-21 3.600000e-21 2.622000e-21 2.122000e-21 1.334000e-21 9.189000e-22 6.705000e-22 5.091000e-22 3.979000e-22 3.181000e-22 2.589000e-22 2.138000e-22 1.787000e-22 1.509000e-22 1.286000e-22 1.042000e-22 4.078000e-23 1.164000e-23 4.470000e-24
  3 4.490000e-18 3.002000e-18 2.339000e-18 1.945000e-18 1.027000e-18 7.941000e-19 5.961000e-19 4.221000e-19 2.865000e-19 2.090000e-19 1.282000e-19 8.880000e-20 6.366000e-20 3.619000e-20 2.369000e-20 1.697000e-20 1.297000e-20 1.037000e-20 7.108000e-21 5.204000e-21 4.226000e-21 2.674000e-21 1.850000e-21 1.355000e-21 1.031000e-21 8.081000e-22 6.472000e-22 5.275000e-22 4.363000e-22 3.652000e-22 3.088000e-22 2.635000e-22 2.136000e-22 8.408000e-23 2.413000e-23 9.298000e-24
  4 1.025000e-17 7.041000e-18 5.603000e-18 4.746000e-18 2.701000e-18 2.166000e-18 1.697000e-18 1.267000e-18 9.157000e-19 7.027000e-19 4.654000e-19 3.388000e-19 2.561000e-19 1.564000e-19 1.084000e-19 8.064000e-20 6.285000e-20 5.045000e-20 3.548000e-20 2.571000e-20 2.089000e-20 1.351000e-20 9.707000e-21 7.447000e-21 5.660000e-21 4.493000e-21 3.638000e-21 2.993000e-21 2.496000e-21 2.104000e-21 1.791000e-21 1.537000e-21 1.255000e-21 5.082000e-22 1.501000e-22 5.884000e-23
  5 1.408000e-17 9.721000e-18 7.773000e-18 6.603000e-18 3.816000e-18 3.073000e-18 2.427000e-18 1.829000e-18 1.335000e-18 1.033000e-18 6.931000e-19 5.097000e-19 3.871000e-19 2.397000e-19 1.685000e-19 1.261000e-19 9.841000e-20 7.965000e-20 5.575000e-20 4.189000e-20 3.382000e-20 2.161000e-20 1.536000e-20 1.167000e-20 9.276000e-21 7.266000e-21 5.898000e-21 4.863000e-21 4.062000e-21 3.431000e-21 2.924000e-21 2.513000e-21 2.056000e-21 8.372000e-22 2.488000e-22 9.788000e-23
  6 1.846000e-17 1.280000e-17 1.027000e-17 8.755000e-18 5.120000e-18 4.148000e-18 3.291000e-18 2.498000e-18 1.838000e-18 1.433000e-18 9.717000e-19 7.202000e-19 5.514000e-19 3.453000e-19 2.436000e-19 1.836000e-19 1.443000e-19 1.167000e-19 8.200000e-20 6.216000e-20 5.138000e-20 3.251000e-20 2.292000e-20 1.728000e-20 1.363000e-20 1.111000e-20 8.897000e-21 7.350000e-21 6.150000e-21 5.201000e-21 4.439000e-21 3.819000e-21 3.129000e-21 1.281000e-21 3.828000e-22 1.511000e-22
  7 2.342000e-17 1.629000e-17 1.311000e-17 1.119000e-17 6.611000e-18 5.381000e-18 4.283000e-18 3.276000e-18 2.428000e-18 1.903000e-18 1.303000e-18 9.730000e-19 7.493000e-19 4.728000e-19 3.360000e-19 2.547000e-19 2.009000e-19 1.631000e-19 1.157000e-19 8.696000e-20 7.252000e-20 4.668000e-20 3.270000e-20 2.449000e-20 1.920000e-20 1.556000e-20 1.295000e-20 1.053000e-20 8.829000e-21 7.477000e-21 6.389000e-21 5.503000e-21 4.515000e-21 1.858000e-21 5.579000e-22 2.208000e-22
  8 3.046000e-17 2.126000e-17 1.715000e-17 1.468000e-17 8.770000e-18 7.178000e-18 5.755000e-18 4.433000e-18 3.318000e-18 2.622000e-18 1.819000e-18 1.372000e-18 1.067000e-18 6.841000e-19 4.910000e-19 3.742000e-19 2.979000e-19 2.429000e-19 1.730000e-19 1.316000e-19 1.090000e-19 7.292000e-20 5.061000e-20 3.762000e-20 2.928000e-20 2.358000e-20 1.950000e-20 1.646000e-20 1.370000e-20 1.162000e-20 9.952000e-21 8.586000e-21 7.060000e-21 2.929000e-21 8.863000e-22 3.523000e-22
  9 3.644000e-17 2.569000e-17 2.075000e-17 1.779000e-17 1.070000e-17 8.783000e-18 7.070000e-18 5.456000e-18 4.113000e-18 3.264000e-18 2.279000e-18 1.728000e-18 1.349000e-18 8.731000e-19 6.291000e-19 4.822000e-19 3.843000e-19 3.155000e-19 2.249000e-19 1.717000e-19 1.425000e-19 9.563000e-20 6.732000e-20 4.983000e-20 3.863000e-20 3.098000e-20 2.551000e-20 2.145000e-20 1.834000e-20 1.540000e-20 1.320000e-20 1.140000e-20 9.386000e-21 3.911000e-21 1.189000e-21 4.737000e-22
 10 4.533000e-17 3.450000e-17 2.794000e-17 2.401000e-17 1.457000e-17 1.204000e-17 9.760000e-18 7.611000e-18 5.792000e-18 4.643000e-18 3.296000e-18 2.532000e-18 2.000000e-18 1.321000e-18 9.669000e-19 7.493000e-19 6.018000e-19 4.967000e-19 3.596000e-19 2.763000e-19 2.310000e-19 1.553000e-19 1.138000e-19 8.437000e-20 6.487000e-20 5.163000e-20 4.221000e-20 3.525000e-20 2.995000e-20 2.583000e-20 2.255000e-20 1.930000e-20 1.594000e-20 6.726000e-21 2.069000e-21 8.300000e-22
 11 5.129000e-17 4.004000e-17 3.245000e-17 2.790000e-17 1.701000e-17 1.407000e-17 1.144000e-17 8.949000e-18 6.830000e-18 5.491000e-18 3.915000e-18 3.018000e-18 2.392000e-18 1.589000e-18 1.168000e-18 9.070000e-19 7.309000e-19 6.038000e-19 4.390000e-19 3.377000e-19 2.826000e-19 1.910000e-19 1.391000e-19 1.053000e-19 8.073000e-20 6.409000e-20 5.225000e-20 4.351000e-20 3.687000e-20 3.171000e-20 2.761000e-20 2.429000e-20 1.979000e-20 8.383000e-21 2.588000e-21 1.040000e-21
 12 4.142000e-17 2.903000e-17 2.348000e-17 2.013000e-17 1.210000e-17 9.923000e-18 7.978000e-18 6.150000e-18 4.594000e-18 3.618000e-18 2.490000e-18 1.863000e-18 1.437000e-18 9.091000e-19 6.455000e-19 4.877000e-19 3.836000e-19 3.110000e-19 2.186000e-19 1.635000e-19 1.351000e-19 8.826000e-20 6.240000e-20 4.692000e-20 3.654000e-20 2.934000e-20 2.412000e-20 1.988000e-20 1.665000e-20 1.410000e-20 1.204000e-20 1.037000e-20 8.499000e-21 3.490000e-21 1.046000e-21 4.134000e-22
 13 4.783000e-17 3.363000e-17 2.723000e-17 2.338000e-17 1.413000e-17 1.162000e-17 9.378000e-18 7.261000e-18 5.455000e-18 4.318000e-18 2.995000e-18 2.255000e-18 1.749000e-18 1.116000e-18 7.981000e-19 6.065000e-19 4.781000e-19 3.882000e-19 2.734000e-19 2.068000e-19 1.701000e-19 1.124000e-19 7.933000e-20 5.947000e-20 4.653000e-20 3.718000e-20 3.050000e-20 2.549000e-20 2.126000e-20 1.802000e-20 1.541000e-20 1.329000e-20 1.090000e-20 4.498000e-21 1.354000e-21 5.364000e-22
 14 5.463000e-17 3.861000e-17 3.130000e-17 2.690000e-17 1.634000e-17 1.347000e-17 1.091000e-17 8.469000e-18 6.404000e-18 5.093000e-18 3.558000e-18 2.694000e-18 2.099000e-18 1.352000e-18 9.711000e-19 7.411000e-19 5.880000e-19 4.790000e-19 3.392000e-19 2.569000e-19 2.123000e-19 1.404000e-19 9.944000e-20 7.473000e-20 5.817000e-20 4.684000e-20 3.816000e-20 3.184000e-20 2.697000e-20 2.271000e-20 1.945000e-20 1.678000e-20 1.381000e-20 5.717000e-21 1.728000e-21 6.866000e-22
 15 6.113000e-17 4.399000e-17 3.569000e-17 3.071000e-17 1.872000e-17 1.547000e-17 1.256000e-17 9.800000e-18 7.443000e-18 5.944000e-18 4.181000e-18 3.183000e-18 2.492000e-18 1.617000e-18 1.168000e-18 8.970000e-19 7.139000e-19 5.826000e-19 4.153000e-19 3.141000e-19 2.618000e-19 1.725000e-19 1.236000e-19 9.242000e-20 7.207000e-20 5.786000e-20 4.727000e-20 3.938000e-20 3.331000e-20 2.854000e-20 2.423000e-20 2.093000e-20 1.724000e-20 7.178000e-21 2.180000e-21 8.681000e-22
 16 6.803000e-17 4.969000e-17 4.043000e-17 3.481000e-17 2.130000e-17 1.764000e-17 1.435000e-17 1.124000e-17 8.573000e-18 6.873000e-18 4.866000e-18 3.723000e-18 2.927000e-18 1.913000e-18 1.391000e-18 1.071000e-18 8.559000e-19 7.030000e-19 5.024000e-19 3.814000e-19 3.173000e-19 2.104000e-19 1.518000e-19 1.133000e-19 8.854000e-20 7.091000e-20 5.820000e-20 4.829000e-20 4.079000e-20 3.489000e-20 2.986000e-20 2.581000e-20 2.128000e-20 8.911000e-21 2.718000e-21 1.085000e-21
 17 7.533000e-17 5.576000e-17 4.551000e-17 3.921000e-17 2.406000e-17 1.997000e-17 1.629000e-17 1.280000e-17 9.797000e-18 7.882000e-18 5.614000e-18 4.315000e-18 3.407000e-18 2.244000e-18 1.639000e-18 1.267000e-18 1.017000e-18 8.364000e-19 6.017000e-19 4.589000e-19 3.813000e-19 2.543000e-19 1.836000e-19 1.381000e-19 1.074000e-19 8.620000e-20 7.062000e-20 5.898000e-20 4.953000e-20 4.233000e-20 3.656000e-20 3.150000e-20 2.600000e-20 1.095000e-20 3.355000e-21 1.343000e-21
 18 8.303000e-17 6.220000e-17 5.094000e-17 4.392000e-17 2.703000e-17 2.246000e-17 1.836000e-17 1.447000e-17 1.112000e-17 8.974000e-18 6.426000e-18 4.962000e-18 3.933000e-18 2.608000e-18 1.915000e-18 1.486000e-18 1.196000e-18 9.872000e-19 7.129000e-19 5.460000e-19 4.556000e-19 3.052000e-19 2.194000e-19 1.665000e-19 1.294000e-19 1.039000e-19 8.512000e-20 7.092000e-20 5.971000e-20 5.096000e-20 4.397000e-20 3.830000e-20 3.146000e-20 1.332000e-20 4.102000e-21 1.646000e-21
 19 9.070000e-17 6.901000e-17 5.673000e-17 4.894000e-17 3.019000e-17 2.513000e-17 2.057000e-17 1.625000e-17 1.253000e-17 1.015000e-17 7.305000e-18 5.663000e-18 4.506000e-18 3.008000e-18 2.218000e-18 1.728000e-18 1.395000e-18 1.156000e-18 8.395000e-19 6.443000e-19 5.388000e-19 3.622000e-19 2.610000e-19 1.993000e-19 1.549000e-19 1.241000e-19 1.021000e-19 8.477000e-20 7.165000e-20 6.094000e-20 5.253000e-20 4.571000e-20 3.776000e-20 1.607000e-20 4.971000e-21 2.001000e-21
 20 9.827000e-17 7.622000e-17 6.274000e-17 5.432000e-17 3.359000e-17 2.798000e-17 2.296000e-17 1.818000e-17 1.405000e-17 1.142000e-17 8.258000e-18 6.427000e-18 5.133000e-18 3.448000e-18 2.554000e-18 1.998000e-18 1.617000e-18 1.342000e-18 9.800000e-19 7.549000e-19 6.329000e-19 4.261000e-19 3.087000e-19 2.349000e-19 1.842000e-19 1.474000e-19 1.210000e-19 1.009000e-19 8.512000e-20 7.280000e-20 6.245000e-20 5.429000e-20 4.522000e-20 1.927000e-20 5.987000e-21 2.416000e-21
 21 1.062000e-16 8.378000e-17 6.906000e-17 6.001000e-17 3.718000e-17 3.102000e-17 2.548000e-17 2.022000e-17 1.568000e-17 1.277000e-17 9.272000e-18 7.246000e-18 5.806000e-18 3.923000e-18 2.920000e-18 2.292000e-18 1.861000e-18 1.547000e-18 1.134000e-18 8.771000e-19 7.370000e-19 4.979000e-19 3.626000e-19 2.753000e-19 2.178000e-19 1.740000e-19 1.424000e-19 1.192000e-19 1.004000e-19 8.575000e-20 7.370000e-20 6.401000e-20 5.326000e-20 2.293000e-20 7.145000e-21 2.891000e-21
 22 1.144000e-16 9.115000e-17 7.570000e-17 6.603000e-17 4.100000e-17 3.423000e-17 2.815000e-17 2.239000e-17 1.740000e-17 1.421000e-17 1.036000e-17 8.124000e-18 6.530000e-18 4.437000e-18 3.316000e-18 2.610000e-18 2.126000e-18 1.772000e-18 1.305000e-18 1.014000e-18 8.519000e-19 5.789000e-19 4.222000e-19 3.212000e-19 2.540000e-19 2.039000e-19 1.668000e-19 1.393000e-19 1.179000e-19 1.005000e-19 8.669000e-20 7.506000e-20 6.238000e-20 2.700000e-20 8.468000e-21 3.434000e-21
 23 1.223000e-16 9.855000e-17 8.266000e-17 7.227000e-17 4.503000e-17 3.762000e-17 3.099000e-17 2.468000e-17 1.924000e-17 1.572000e-17 1.152000e-17 9.063000e-18 7.307000e-18 4.992000e-18 3.746000e-18 2.958000e-18 2.416000e-18 2.019000e-18 1.491000e-18 1.162000e-18 9.793000e-19 6.679000e-19 4.887000e-19 3.727000e-19 2.940000e-19 2.382000e-19 1.945000e-19 1.620000e-19 1.374000e-19 1.172000e-19 1.010000e-19 8.786000e-20 7.269000e-20 3.158000e-20 9.969000e-21 4.054000e-21
 24 1.226000e-16 9.866000e-17 8.232000e-17 7.110000e-17 4.421000e-17 3.695000e-17 3.041000e-17 2.422000e-17 1.886000e-17 1.542000e-17 1.128000e-17 8.863000e-18 7.154000e-18 4.984000e-18 3.894000e-18 3.238000e-18 2.789000e-18 2.458000e-18 1.998000e-18 1.687000e-18 1.505000e-18 1.158000e-18 9.296000e-19 7.686000e-19 6.472000e-19 5.549000e-19 4.784000e-19 4.172000e-19 3.662000e-19 3.240000e-19 2.875000e-19 2.565000e-19 2.194000e-19 1.029000e-19 3.254000e-20 1.269000e-20
 25 1.297000e-16 1.056000e-16 8.885000e-17 7.675000e-17 4.779000e-17 3.997000e-17 3.293000e-17 2.627000e-17 2.049000e-17 1.678000e-17 1.232000e-17 9.704000e-18 7.852000e-18 5.495000e-18 4.306000e-18 3.586000e-18 3.094000e-18 2.730000e-18 2.220000e-18 1.877000e-18 1.674000e-18 1.288000e-18 1.033000e-18 8.534000e-19 7.178000e-19 6.143000e-19 5.310000e-19 4.622000e-19 4.056000e-19 3.586000e-19 3.183000e-19 2.840000e-19 2.434000e-19 1.145000e-19 3.639000e-20 1.422000e-20
 26 1.370000e-16 1.128000e-16 9.563000e-17 8.262000e-17 5.150000e-17 4.310000e-17 3.555000e-17 2.839000e-17 2.219000e-17 1.821000e-17 1.341000e-17 1.065000e-17 8.743000e-18 6.359000e-18 5.121000e-18 4.325000e-18 3.751000e-18 3.310000e-18 2.677000e-18 2.245000e-18 1.988000e-18 1.509000e-18 1.198000e-18 9.818000e-19 8.206000e-19 6.981000e-19 6.016000e-19 5.216000e-19 4.567000e-19 4.023000e-19 3.568000e-19 3.175000e-19 2.717000e-19 1.277000e-19 4.059000e-20 1.588000e-20
 27 1.435000e-16 1.202000e-16 1.027000e-16 8.870000e-17 5.535000e-17 4.635000e-17 3.825000e-17 3.059000e-17 2.396000e-17 1.969000e-17 1.454000e-17 1.158000e-17 9.522000e-18 6.949000e-18 5.608000e-18 4.743000e-18 4.119000e-18 3.635000e-18 2.943000e-18 2.467000e-18 2.187000e-18 1.660000e-18 1.318000e-18 1.079000e-18 9.025000e-19 7.663000e-19 6.605000e-19 5.729000e-19 5.013000e-19 4.415000e-19 3.914000e-19 3.488000e-19 2.981000e-19 1.407000e-19 4.494000e-20 1.763000e-20
 28 1.502000e-16 1.271000e-16 1.091000e-16 9.500000e-17 5.933000e-17 4.972000e-17 4.107000e-17 3.288000e-17 2.579000e-17 2.122000e-17 1.572000e-17 1.254000e-17 1.033000e-17 7.565000e-18 6.117000e-18 5.179000e-18 4.500000e-18 3.975000e-18 3.220000e-18 2.701000e-18 2.396000e-18 1.819000e-18 1.445000e-18 1.181000e-18 9.881000e-19 8.385000e-19 7.218000e-19 6.276000e-19 5.483000e-19 4.832000e-19 4.279000e-19 3.812000e-19 3.259000e-19 1.545000e-19 4.957000e-20 1.950000e-20
 29 1.569000e-16 1.340000e-16 1.157000e-16 1.015000e-16 6.345000e-17 5.320000e-17 4.398000e-17 3.525000e-17 2.768000e-17 2.280000e-17 1.694000e-17 1.354000e-17 1.118000e-17 8.211000e-18 6.651000e-18 5.638000e-18 4.903000e-18 4.334000e-18 3.513000e-18 2.947000e-18 2.613000e-18 1.987000e-18 1.578000e-18 1.290000e-18 1.078000e-18 9.145000e-19 7.865000e-19 6.844000e-19 5.976000e-19 5.263000e-19 4.660000e-19 4.150000e-19 3.550000e-19 1.693000e-19 5.444000e-20 2.147000e-20
 30 1.633000e-16 1.412000e-16 1.225000e-16 1.083000e-16 6.771000e-17 5.680000e-17 4.699000e-17 3.768000e-17 2.964000e-17 2.445000e-17 1.819000e-17 1.458000e-17 1.206000e-17 8.885000e-18 7.210000e-18 6.119000e-18 5.325000e-18 4.710000e-18 3.819000e-18 3.205000e-18 2.841000e-18 2.162000e-18 1.716000e-18 1.402000e-18 1.172000e-18 9.946000e-19 8.539000e-19 7.424000e-19 6.498000e-19 5.714000e-19 5.063000e-19 4.504000e-19 3.857000e-19 1.841000e-19 5.954000e-20 2.354000e-20
 31 1.693000e-16 1.485000e-16 1.295000e-16 1.152000e-16 7.211000e-17 6.052000e-17 5.010000e-17 4.021000e-17 3.167000e-17 2.616000e-17 1.950000e-17 1.566000e-17 1.297000e-17 9.582000e-18 7.788000e-18 6.616000e-18 5.762000e-18 5.097000e-18 4.137000e-18 3.474000e-18 3.079000e-18 2.343000e-18 1.860000e-18 1.521000e-18 1.270000e-18 1.078000e-18 9.255000e-19 8.041000e-19 7.045000e-19 6.193000e-19 5.483000e-19 4.878000e-19 4.176000e-19 1.998000e-19 6.498000e-20 2.576000e-20
 32 1.754000e-16 1.560000e-16 1.367000e-16 1.223000e-16 7.664000e-17 6.434000e-17 5.330000e-17 4.282000e-17 3.377000e-17 2.792000e-17 2.087000e-17 1.680000e-17 1.397000e-17 1.038000e-17 8.461000e-18 7.198000e-18 6.271000e-18 5.549000e-18 4.502000e-18 3.778000e-18 3.349000e-18 2.545000e-18 2.020000e-18 1.651000e-18 1.377000e-18 1.168000e-18 1.003000e-18 8.697000e-19 7.621000e-19 6.707000e-19 5.930000e-19 5.279000e-19 4.513000e-19 2.163000e-19 7.069000e-20 2.809000e-20
 33 1.815000e-16 1.630000e-16 1.441000e-16 1.288000e-16 8.130000e-17 6.829000e-17 5.660000e-17 4.551000e-17 3.591000e-17 2.974000e-17 2.227000e-17 1.796000e-17 1.496000e-17 1.114000e-17 9.097000e-18 7.747000e-18 6.754000e-18 5.978000e-18 4.852000e-18 4.074000e-18 3.611000e-18 2.745000e-18 2.180000e-18 1.782000e-18 1.485000e-18 1.260000e-18 1.082000e-18 9.370000e-19 8.208000e-19 7.230000e-19 6.391000e-19 5.686000e-19 4.860000e-19 2.333000e-19 7.665000e-20 3.053000e-20
 34 1.869000e-16 1.699000e-16 1.514000e-16 1.355000e-16 8.611000e-17 7.235000e-17 6.000000e-17 4.827000e-17 3.814000e-17 3.160000e-17 2.372000e-17 1.916000e-17 1.598000e-17 1.193000e-17 9.753000e-18 8.313000e-18 7.253000e-18 6.423000e-18 5.217000e-18 4.381000e-18 3.885000e-18 2.954000e-18 2.347000e-18 1.917000e-18 1.598000e-18 1.355000e-18 1.163000e-18 1.008000e-18 8.818000e-19 7.779000e-19 6.879000e-19 6.113000e-19 5.230000e-19 2.512000e-19 8.293000e-20 3.312000e-20
 35 1.921000e-16 1.769000e-16 1.583000e-16 1.423000e-16 9.105000e-17 7.653000e-17 6.349000e-17 5.112000e-17 4.043000e-17 3.353000e-17 2.522000e-17 2.039000e-17 1.703000e-17 1.274000e-17 1.043000e-17 8.901000e-18 7.769000e-18 6.884000e-18 5.596000e-18 4.701000e-18 4.169000e-18 3.171000e-18 2.520000e-18 2.058000e-18 1.717000e-18 1.455000e-18 1.249000e-18 1.082000e-18 9.460000e-19 8.345000e-19 7.386000e-19 6.562000e-19 5.611000e-19 2.699000e-19 8.953000e-20 3.584000e-20
 36 1.974000e-16 1.841000e-16 1.653000e-16 1.493000e-16 9.612000e-17 8.082000e-17 6.708000e-17 5.405000e-17 4.281000e-17 3.564000e-17 2.732000e-17 2.268000e-17 1.946000e-17 1.501000e-17 1.236000e-17 1.050000e-17 9.107000e-18 8.012000e-18 6.430000e-18 5.348000e-18 4.714000e-18 3.541000e-18 2.793000e-18 2.269000e-18 1.886000e-18 1.592000e-18 1.362000e-18 1.179000e-18 1.027000e-18 9.040000e-19 8.005000e-19 7.106000e-19 6.061000e-19 2.912000e-19 9.660000e-20 3.873000e-20
 37 2.027000e-16 1.913000e-16 1.725000e-16 1.565000e-16 1.013000e-16 8.522000e-17 7.077000e-17 5.706000e-17 4.521000e-17 3.769000e-17 2.890000e-17 2.403000e-17 2.064000e-17 1.595000e-17 1.314000e-17 1.118000e-17 9.699000e-18 8.537000e-18 6.855000e-18 5.706000e-18 5.031000e-18 3.781000e-18 2.984000e-18 2.426000e-18 2.017000e-18 1.701000e-18 1.456000e-18 1.259000e-18 1.098000e-18 9.652000e-19 8.549000e-19 7.595000e-19 6.475000e-19 3.113000e-19 1.038000e-19 4.171000e-20
 38 2.079000e-16 1.981000e-16 1.798000e-16 1.639000e-16 1.067000e-16 8.975000e-17 7.456000e-17 6.015000e-17 4.770000e-17 3.979000e-17 3.055000e-17 2.541000e-17 2.183000e-17 1.689000e-17 1.394000e-17 1.186000e-17 1.030000e-17 9.074000e-18 7.295000e-18 6.074000e-18 5.359000e-18 4.031000e-18 3.181000e-18 2.589000e-18 2.150000e-18 1.815000e-18 1.553000e-18 1.343000e-18 1.172000e-18 1.029000e-18 9.116000e-19 8.107000e-19 6.909000e-19 3.322000e-19 1.113000e-19 4.485000e-20
 39 2.132000e-16 2.047000e-16 1.873000e-16 1.714000e-16 1.122000e-16 9.439000e-17 7.844000e-17 6.332000e-17 5.026000e-17 4.192000e-17 3.222000e-17 2.681000e-17 2.304000e-17 1.785000e-17 1.474000e-17 1.256000e-17 1.092000e-17 9.625000e-18 7.745000e-18 6.455000e-18 5.695000e-18 4.288000e-18 3.386000e-18 2.757000e-18 2.289000e-18 1.934000e-18 1.655000e-18 1.431000e-18 1.249000e-18 1.096000e-18 9.702000e-19 8.639000e-19 7.368000e-19 3.540000e-19 1.192000e-19 4.813000e-20
 40 2.184000e-16 2.113000e-16 1.947000e-16 1.784000e-16 1.178000e-16 9.914000e-17 8.243000e-17 6.672000e-17 5.359000e-17 4.559000e-17 3.639000e-17 3.093000e-17 2.679000e-17 2.065000e-17 1.687000e-17 1.423000e-17 1.227000e-17 1.074000e-17 8.561000e-18 7.090000e-18 6.230000e-18 4.660000e-18 3.665000e-18 2.974000e-18 2.464000e-18 2.081000e-18 1.776000e-18 1.535000e-18 1.337000e-18 1.173000e-18 1.037000e-18 9.230000e-19 7.872000e-19 3.774000e-19 1.274000e-19 5.156000e-20
 41 2.237000e-16 2.181000e-16 2.015000e-16 1.854000e-16 1.236000e-16 1.040000e-16 8.651000e-17 7.005000e-17 5.628000e-17 4.790000e-17 3.825000e-17 3.253000e-17 2.818000e-17 2.176000e-17 1.779000e-17 1.502000e-17 1.296000e-17 1.135000e-17 9.053000e-18 7.502000e-18 6.596000e-18 4.938000e-18 3.883000e-18 3.153000e-18 2.615000e-18 2.209000e-18 1.884000e-18 1.628000e-18 1.419000e-18 1.246000e-18 1.100000e-18 9.785000e-19 8.357000e-19 4.006000e-19 1.358000e-19 5.510000e-20
 42 2.290000e-16 2.304000e-16 2.280000e-16 2.249000e-16 1.749000e-16 1.490000e-16 1.243000e-16 1.008000e-16 8.039000e-17 6.732000e-17 5.147000e-17 4.207000e-17 3.523000e-17 2.588000e-17 2.058000e-17 1.707000e-17 1.455000e-17 1.263000e-17 9.961000e-18 8.193000e-18 7.177000e-18 5.335000e-18 4.177000e-18 3.383000e-18 2.803000e-18 2.360000e-18 2.013000e-18 1.737000e-18 1.512000e-18 1.327000e-18 1.171000e-18 1.040000e-18 8.892000e-19 4.254000e-19 1.446000e-19 5.878000e-20
 43 2.343000e-16 2.359000e-16 2.342000e-16 2.316000e-16 1.824000e-16 1.555000e-16 1.298000e-16 1.053000e-16 8.403000e-17 7.039000e-17 5.384000e-17 4.405000e-17 3.689000e-17 2.715000e-17 2.161000e-17 1.794000e-17 1.530000e-17 1.330000e-17 1.049000e-17 8.637000e-18 7.569000e-18 5.629000e-18 4.409000e-18 3.572000e-18 2.962000e-18 2.492000e-18 2.129000e-18 1.836000e-18 1.599000e-18 1.402000e-18 1.238000e-18 1.099000e-18 9.404000e-19 4.505000e-19 1.536000e-19 6.259000e-20
 44 2.810000e-16 2.785000e-16 2.642000e-16 2.485000e-16 1.832000e-16 1.576000e-16 1.313000e-16 1.064000e-16 8.489000e-17 7.105000e-17 5.429000e-17 4.432000e-17 3.706000e-17 2.711000e-17 2.149000e-17 1.777000e-17 1.510000e-17 1.307000e-17 1.025000e-17 8.386000e-18 7.315000e-18 5.373000e-18 4.160000e-18 3.331000e-18 2.731000e-18 2.273000e-18 1.922000e-18 1.637000e-18 1.412000e-18 1.226000e-18 1.073000e-18 9.429000e-19 7.988000e-19 3.671000e-19 1.260000e-19 5.441000e-20
 45 2.872000e-16 2.855000e-16 2.724000e-16 2.569000e-16 1.905000e-16 1.646000e-16 1.371000e-16 1.112000e-16 8.877000e-17 7.434000e-17 5.685000e-17 4.645000e-17 3.887000e-17 2.849000e-17 2.263000e-17 1.876000e-17 1.599000e-17 1.389000e-17 1.095000e-17 9.013000e-18 7.891000e-18 5.852000e-18 4.565000e-18 3.680000e-18 3.032000e-18 2.538000e-18 2.156000e-18 1.845000e-18 1.598000e-18 1.392000e-18 1.223000e-18 1.078000e-18 9.147000e-19 4.292000e-19 1.495000e-19 6.488000e-20
 46 2.934000e-16 2.926000e-16 2.806000e-16 2.655000e-16 1.980000e-16 1.718000e-16 1.432000e-16 1.161000e-16 9.274000e-17 7.769000e-17 5.947000e-17 4.863000e-17 4.073000e-17 2.990000e-17 2.380000e-17 1.978000e-17 1.690000e-17 1.472000e-17 1.168000e-17 9.660000e-18 8.487000e-18 6.346000e-18 4.982000e-18 4.038000e-18 3.343000e-18 2.813000e-18 2.395000e-18 2.060000e-18 1.789000e-18 1.564000e-18 1.377000e-18 1.217000e-18 1.035000e-18 4.935000e-19 1.738000e-19 7.576000e-20
 47 2.996000e-16 2.996000e-16 2.881000e-16 2.734000e-16 2.056000e-16 1.791000e-16 1.493000e-16 1.211000e-16 9.679000e-17 8.112000e-17 6.215000e-17 5.086000e-17 4.263000e-17 3.136000e-17 2.501000e-17 2.083000e-17 1.785000e-17 1.559000e-17 1.243000e-17 1.033000e-17 9.106000e-18 6.855000e-18 5.414000e-18 4.406000e-18 3.665000e-18 3.096000e-18 2.643000e-18 2.283000e-18 1.984000e-18 1.740000e-18 1.534000e-18 1.362000e-18 1.159000e-18 5.597000e-19 1.990000e-19 8.704000e-20
 48 3.059000e-16 3.059000e-16 2.957000e-16 2.813000e-16 2.134000e-16 1.866000e-16 1.556000e-16 1.262000e-16 1.009000e-16 8.463000e-17 6.488000e-17 5.314000e-17 4.457000e-17 3.284000e-17 2.624000e-17 2.191000e-17 1.882000e-17 1.648000e-17 1.321000e-17 1.102000e-17 9.741000e-18 7.379000e-18 5.858000e-18 4.786000e-18 3.995000e-18 3.386000e-18 2.899000e-18 2.512000e-18 2.186000e-18 1.922000e-18 1.698000e-18 1.509000e-18 1.287000e-18 6.264000e-19 2.257000e-19 9.875000e-20
 49 3.121000e-16 3.121000e-16 3.033000e-16 2.892000e-16 2.213000e-16 1.936000e-16 1.620000e-16 1.315000e-16 1.052000e-16 8.817000e-17 6.768000e-17 5.546000e-17 4.655000e-17 3.436000e-17 2.751000e-17 2.302000e-17 1.982000e-17 1.740000e-17 1.401000e-17 1.173000e-17 1.040000e-17 7.922000e-18 6.316000e-18 5.179000e-18 4.336000e-18 3.684000e-18 3.163000e-18 2.744000e-18 2.395000e-18 2.110000e-18 1.867000e-18 1.661000e-18 1.419000e-18 6.959000e-19 2.523000e-19 1.109000e-19
 50 3.183000e-16 3.183000e-16 3.110000e-16 2.973000e-16 2.293000e-16 2.005000e-16 1.685000e-16 1.368000e-16 1.095000e-16 9.183000e-17 7.050000e-17 5.784000e-17 4.858000e-17 3.595000e-17 2.887000e-17 2.426000e-17 2.096000e-17 1.846000e-17 1.493000e-17 1.255000e-17 1.115000e-17 8.534000e-18 6.825000e-18 5.613000e-18 4.709000e-18 4.007000e-18 3.448000e-18 2.993000e-18 2.619000e-18 2.307000e-18 2.044000e-18 1.821000e-18 1.559000e-18 7.675000e-19 2.800000e-19 1.234000e-19
 51 3.246000e-16 3.246000e-16 3.188000e-16 3.054000e-16 2.375000e-16 2.076000e-16 1.752000e-16 1.422000e-16 1.138000e-16 9.555000e-17 7.341000e-17 6.026000e-17 5.066000e-17 3.755000e-17 3.022000e-17 2.545000e-17 2.205000e-17 1.946000e-17 1.581000e-17 1.333000e-17 1.187000e-17 9.122000e-18 7.319000e-18 6.035000e-18 5.075000e-18 4.327000e-18 3.732000e-18 3.242000e-18 2.845000e-18 2.505000e-18 2.224000e-18 1.983000e-18 1.701000e-18 8.407000e-19 3.084000e-19 1.364000e-19
 52 3.308000e-16 3.308000e-16 3.263000e-16 3.137000e-16 2.458000e-16 2.148000e-16 1.820000e-16 1.478000e-16 1.183000e-16 9.935000e-17 7.638000e-17 6.271000e-17 5.274000e-17 3.919000e-17 3.158000e-17 2.668000e-17 2.316000e-17 2.049000e-17 1.671000e-17 1.413000e-17 1.260000e-17 9.728000e-18 7.829000e-18 6.470000e-18 5.450000e-18 4.656000e-18 4.022000e-18 3.500000e-18 3.075000e-18 2.711000e-18 2.409000e-18 2.150000e-18 1.847000e-18 9.162000e-19 3.377000e-19 1.499000e-19
 53 3.370000e-16 3.370000e-16 3.333000e-16 3.220000e-16 2.535000e-16 2.221000e-16 1.889000e-16 1.534000e-16 1.229000e-16 1.032000e-16 7.940000e-17 6.523000e-17 5.491000e-17 4.086000e-17 3.301000e-17 2.795000e-17 2.432000e-17 2.156000e-17 1.764000e-17 1.496000e-17 1.336000e-17 1.035000e-17 8.353000e-18 6.919000e-18 5.835000e-18 4.993000e-18 4.319000e-18 3.764000e-18 3.309000e-18 2.923000e-18 2.598000e-18 2.321000e-18 1.996000e-18 9.939000e-19 3.679000e-19 1.638000e-19
 54 3.433000e-16 3.433000e-16 3.403000e-16 3.295000e-16 2.612000e-16 2.295000e-16 1.960000e-16 1.592000e-16 1.276000e-16 1.072000e-16 8.249000e-17 6.786000e-17 5.731000e-17 4.324000e-17 3.545000e-17 3.034000e-17 2.659000e-17 2.367000e-17 1.943000e-17 1.648000e-17 1.472000e-17 1.136000e-17 9.147000e-18 7.560000e-18 6.366000e-18 5.441000e-18 4.701000e-18 4.098000e-18 3.596000e-18 3.179000e-18 2.823000e-18 2.522000e-18 2.168000e-18 1.079000e-18 4.000000e-19 1.790000e-19
 55 3.495000e-16 3.495000e-16 3.474000e-16 3.371000e-16 2.690000e-16 2.371000e-16 2.031000e-16 1.651000e-16 1.323000e-16 1.112000e-16 8.564000e-17 7.049000e-17 5.957000e-17 4.499000e-17 3.699000e-17 3.172000e-17 2.785000e-17 2.483000e-17 2.044000e-17 1.737000e-17 1.553000e-17 1.203000e-17 9.704000e-18 8.036000e-18 6.778000e-18 5.800000e-18 5.017000e-18 4.379000e-18 3.845000e-18 3.405000e-18 3.023000e-18 2.703000e-18 2.325000e-18 1.163000e-18 4.320000e-19 1.936000e-19
 56 3.557000e-16 3.557000e-16 3.545000e-16 3.447000e-16 2.769000e-16 2.447000e-16 2.105000e-16 1.710000e-16 1.371000e-16 1.153000e-16 8.880000e-17 7.316000e-17 6.186000e-17 4.680000e-17 3.855000e-17 3.311000e-17 2.912000e-17 2.600000e-17 2.146000e-17 1.828000e-17 1.636000e-17 1.271000e-17 1.027000e-17 8.521000e-18 7.198000e-18 6.167000e-18 5.340000e-18 4.666000e-18 4.101000e-18 3.633000e-18 3.229000e-18 2.889000e-18 2.487000e-18 1.247000e-18 4.649000e-19 2.086000e-19
 57 3.620000e-16 3.620000e-16 3.616000e-16 3.524000e-16 2.850000e-16 2.525000e-16 2.179000e-16 1.771000e-16 1.420000e-16 1.194000e-16 9.206000e-17 7.589000e-17 6.420000e-17 4.864000e-17 4.012000e-17 3.452000e-17 3.040000e-17 2.719000e-17 2.249000e-17 1.919000e-17 1.721000e-17 1.340000e-17 1.085000e-17 9.013000e-18 7.624000e-18 6.539000e-18 5.668000e-18 4.957000e-18 4.361000e-18 3.864000e-18 3.440000e-18 3.077000e-18 2.652000e-18 1.334000e-18 4.988000e-19 2.241000e-19
 58 3.682000e-16 3.682000e-16 3.682000e-16 3.601000e-16 2.931000e-16 2.604000e-16 2.255000e-16 1.833000e-16 1.472000e-16 1.244000e-16 9.784000e-17 8.278000e-17 7.187000e-17 5.643000e-17 4.705000e-17 4.045000e-17 3.546000e-17 3.151000e-17 2.575000e-17 2.175000e-17 1.937000e-17 1.489000e-17 1.196000e-17 9.875000e-18 8.318000e-18 7.109000e-18 6.148000e-18 5.366000e-18 4.716000e-18 4.171000e-18 3.713000e-18 3.316000e-18 2.855000e-18 1.433000e-18 5.358000e-19 2.403000e-19
 59 3.745000e-16 3.745000e-16 3.745000e-16 3.680000e-16 3.013000e-16 2.685000e-16 2.329000e-16 1.896000e-16 1.523000e-16 1.288000e-16 1.014000e-16 8.589000e-17 7.471000e-17 5.880000e-17 4.910000e-17 4.227000e-17 3.709000e-17 3.299000e-17 2.699000e-17 2.283000e-17 2.034000e-17 1.567000e-17 1.260000e-17 1.042000e-17 8.783000e-18 7.510000e-18 6.501000e-18 5.677000e-18 4.996000e-18 4.418000e-18 3.939000e-18 3.516000e-18 3.030000e-18 1.525000e-18 5.712000e-19 2.565000e-19
 60 3.807000e-16 3.807000e-16 3.808000e-16 3.762000e-16 3.375000e-16 3.216000e-16 2.951000e-16 2.502000e-16 2.031000e-16 1.713000e-16 1.327000e-16 1.098000e-16 9.302000e-17 7.007000e-17 5.690000e-17 4.804000e-17 4.164000e-17 3.668000e-17 2.963000e-17 2.486000e-17 2.206000e-17 1.687000e-17 1.351000e-17 1.114000e-17 9.373000e-18 8.007000e-18 6.925000e-18 6.043000e-18 5.316000e-18 4.701000e-18 4.187000e-18 3.740000e-18 3.222000e-18 1.623000e-18 6.077000e-19 2.732000e-19
 61 3.870000e-16 3.870000e-16 3.870000e-16 3.831000e-16 3.462000e-16 3.312000e-16 3.047000e-16 2.598000e-16 2.112000e-16 1.782000e-16 1.381000e-16 1.143000e-16 9.689000e-17 7.305000e-17 5.936000e-17 5.016000e-17 4.350000e-17 3.834000e-17 3.100000e-17 2.603000e-17 2.311000e-17 1.770000e-17 1.419000e-17 1.171000e-17 9.861000e-18 8.430000e-18 7.295000e-18 6.370000e-18 5.606000e-18 4.961000e-18 4.417000e-18 3.951000e-18 3.404000e-18 1.719000e-18 6.449000e-19 2.904000e-19
 62 4.508000e-16 4.508000e-16 4.508000e-16 4.471000e-16 3.844000e-16 3.508000e-16 3.117000e-16 2.668000e-16 2.218000e-16 1.870000e-16 1.449000e-16 1.200000e-16 1.017000e-16 7.673000e-17 6.236000e-17 5.270000e-17 4.570000e-17 4.030000e-17 3.267000e-17 2.752000e-17 2.450000e-17 1.887000e-17 1.521000e-17 1.261000e-17 1.066000e-17 9.138000e-18 7.922000e-18 6.928000e-18 6.105000e-18 5.409000e-18 4.817000e-18 4.315000e-18 3.715000e-18 1.870000e-18 6.989000e-19 3.162000e-19
 63 4.580000e-16 4.580000e-16 4.580000e-16 4.552000e-16 3.938000e-16 3.594000e-16 3.200000e-16 2.745000e-16 2.289000e-16 1.931000e-16 1.496000e-16 1.239000e-16 1.052000e-16 7.936000e-17 6.454000e-17 5.460000e-17 4.740000e-17 4.187000e-17 3.409000e-17 2.885000e-17 2.578000e-17 2.007000e-17 1.632000e-17 1.364000e-17 1.161000e-17 1.002000e-17 8.733000e-18 7.680000e-18 6.800000e-18 6.057000e-18 5.415000e-18 4.872000e-18 4.216000e-18 2.173000e-18 8.365000e-19 3.866000e-19
 64 4.653000e-16 4.653000e-16 4.653000e-16 4.632000e-16 4.027000e-16 3.681000e-16 3.284000e-16 2.823000e-16 2.362000e-16 1.992000e-16 1.545000e-16 1.280000e-16 1.086000e-16 8.204000e-17 6.677000e-17 5.653000e-17 4.914000e-17 4.347000e-17 3.553000e-17 3.021000e-17 2.710000e-17 2.129000e-17 1.745000e-17 1.469000e-17 1.258000e-17 1.091000e-17 9.560000e-18 8.447000e-18 7.510000e-18 6.714000e-18 6.026000e-18 5.436000e-18 4.727000e-18 2.482000e-18 9.773000e-19 4.588000e-19
 65 4.725000e-16 4.725000e-16 4.725000e-16 4.713000e-16 4.116000e-16 3.769000e-16 3.368000e-16 2.903000e-16 2.436000e-16 2.055000e-16 1.594000e-16 1.321000e-16 1.122000e-16 8.476000e-17 6.903000e-17 5.850000e-17 5.091000e-17 4.511000e-17 3.698000e-17 3.161000e-17 2.846000e-17 2.255000e-17 1.862000e-17 1.576000e-17 1.357000e-17 1.183000e-17 1.041000e-17 9.231000e-18 8.236000e-18 7.387000e-18 6.649000e-18 6.013000e-18 5.249000e-18 2.795000e-18 1.121000e-18 5.324000e-19
 66 4.797000e-16 4.797000e-16 4.797000e-16 4.794000e-16 4.206000e-16 3.858000e-16 3.454000e-16 2.984000e-16 2.511000e-16 2.119000e-16 1.647000e-16 1.375000e-16 1.181000e-16 9.222000e-17 7.737000e-17 6.717000e-17 5.949000e-17 5.339000e-17 4.438000e-17 3.811000e-17 3.431000e-17 2.703000e-17 2.215000e-17 1.861000e-17 1.592000e-17 1.380000e-17 1.209000e-17 1.068000e-17 9.500000e-18 8.499000e-18 7.637000e-18 6.892000e-18 6.010000e-18 3.184000e-18 1.280000e-18 6.109000e-19
 67 4.869000e-16 4.869000e-16 4.869000e-16 4.869000e-16 4.297000e-16 3.948000e-16 3.541000e-16 3.065000e-16 2.584000e-16 2.184000e-16 1.704000e-16 1.430000e-16 1.237000e-16 9.767000e-17 8.239000e-17 7.175000e-17 6.367000e-17 5.722000e-17 4.767000e-17 4.098000e-17 3.693000e-17 2.916000e-17 2.395000e-17 2.016000e-17 1.728000e-17 1.501000e-17 1.316000e-17 1.165000e-17 1.037000e-17 9.293000e-18 8.367000e-18 7.557000e-18 6.606000e-18 3.524000e-18 1.433000e-18 6.882000e-19
 68 8.378000e-16 8.378000e-16 8.378000e-16 8.378000e-16 8.126000e-16 7.924000e-16 7.302000e-16 6.388000e-16 5.431000e-16 4.730000e-16 3.821000e-16 3.227000e-16 2.755000e-16 2.105000e-16 1.731000e-16 1.480000e-16 1.296000e-16 1.153000e-16 9.478000e-17 8.069000e-17 7.236000e-17 5.657000e-17 4.615000e-17 3.865000e-17 3.297000e-17 2.850000e-17 2.491000e-17 2.194000e-17 1.947000e-17 1.737000e-17 1.558000e-17 1.404000e-17 1.220000e-17 6.350000e-18 2.444000e-18 1.143000e-18
 69 5.693000e-16 5.693000e-16 5.693000e-16 5.693000e-16 5.162000e-16 4.809000e-16 4.397000e-16 3.915000e-16 3.403000e-16 2.997000e-16 2.475000e-16 2.087000e-16 1.779000e-16 1.357000e-16 1.115000e-16 9.524000e-17 8.330000e-17 7.411000e-17 6.089000e-17 5.189000e-17 4.655000e-17 3.648000e-17 2.987000e-17 2.510000e-17 2.149000e-17 1.865000e-17 1.635000e-17 1.446000e-17 1.287000e-17 1.153000e-17 1.037000e-17 9.369000e-18 8.179000e-18 4.333000e-18 1.729000e-18 8.153000e-19
 70 6.145000e-16 6.145000e-16 6.145000e-16 6.145000e-16 5.635000e-16 5.282000e-16 4.867000e-16 4.387000e-16 3.856000e-16 3.448000e-16 2.906000e-16 2.514000e-16 2.194000e-16 1.756000e-16 1.504000e-16 1.295000e-16 1.138000e-16 1.017000e-16 8.429000e-17 7.242000e-17 6.536000e-17 5.202000e-17 4.319000e-17 3.679000e-17 3.190000e-17 2.803000e-17 2.488000e-17 2.226000e-17 2.005000e-17 1.815000e-17 1.653000e-17 1.510000e-17 1.338000e-17 7.656000e-18 3.429000e-18 1.769000e-18
 71 6.558000e-16 6.558000e-16 6.558000e-16 6.558000e-16 6.070000e-16 5.716000e-16 5.299000e-16 4.809000e-16 4.266000e-16 3.856000e-16 3.302000e-16 2.909000e-16 2.583000e-16 2.135000e-16 1.878000e-16 1.630000e-16 1.436000e-16 1.287000e-16 1.072000e-16 9.253000e-17 8.380000e-17 6.727000e-17 5.628000e-17 4.829000e-17 4.217000e-17 3.729000e-17 3.331000e-17 2.997000e-17 2.714000e-17 2.470000e-17 2.263000e-17 2.079000e-17 1.855000e-17 1.098000e-17 5.148000e-18 2.742000e-18
