Q      1s      2s       2p       2p*      3s      3p        3p*      4s       3d       3d*      4p       4p*      5s       4d       4d*      5p       5p*      6s       4f       4f*      5d       5d*      6p       6p*      7s       5f       5f*      6d       6d*
 0  7179.19  883.714  745.119   757.81  116.184   74.966  76.6157  7.17606  16.0947  16.2575        0        0        0        0        0        0        0        0        0        0        0        0        0        0        0        0        0        0        0 
 1  7179.14  883.656   745.06  757.751  116.126  74.9076  76.5573  7.11773  16.0364  16.1992        0        0        0        0        0        0        0        0        0        0        0        0        0        0        0        0        0        0        0 
 2  7193.59  898.107  759.512  772.203  130.578  89.3594  91.0091  21.5695  30.4882   30.651        0        0        0        0        0        0        0        0        0        0        0        0        0        0        0        0        0        0        0 
 3  7217.85  922.366  783.771  796.462  154.837  113.618  115.268  45.8285  54.7472    54.91        0        0        0        0        0        0        0        0        0        0        0        0        0        0        0        0        0        0        0 
 4  7237.94  942.456  803.861  816.552  174.927  133.708  135.358  65.9185  74.8372       75        0        0        0        0        0        0        0        0        0        0        0        0        0        0        0        0        0        0        0 
 5  7262.08  966.604  828.009    840.7  199.074  157.856  159.506  90.0664   98.985        0        0        0        0        0        0        0        0        0        0        0        0        0        0        0        0        0        0        0        0 
 6  7296.99  1001.51  862.919   875.61  233.984  192.766  194.416  124.976        0        0        0        0        0        0        0        0        0        0        0        0        0        0        0        0        0        0        0        0        0 
 7  7323.08   1027.6  889.003  901.694  260.068   218.85    220.5   151.06        0        0        0        0        0        0        0        0        0        0        0        0        0        0        0        0        0        0        0        0        0 
 8  7336.18   1040.7  902.103  914.794  273.168   231.95    233.6        0        0        0        0        0        0        0        0        0        0        0        0        0        0        0        0        0        0        0        0        0        0 
 9  7364.68   1069.2  930.603  943.294  301.668   260.45    262.1        0        0        0        0        0        0        0        0        0        0        0        0        0        0        0        0        0        0        0        0        0        0 
10  7393.48     1098  959.403  972.094  330.468   289.25    290.9        0        0        0        0        0        0        0        0        0        0        0        0        0        0        0        0        0        0        0        0        0        0 
11  7433.38   1137.9  999.303  1011.99  370.368   329.15    330.8        0        0        0        0        0        0        0        0        0        0        0        0        0        0        0        0        0        0        0        0        0        0 
12  7463.58   1168.1   1029.5  1042.19  400.568   359.35      361        0        0        0        0        0        0        0        0        0        0        0        0        0        0        0        0        0        0        0        0        0        0 
13  7496.43  1200.95  1062.35  1075.04  433.418    392.2        0        0        0        0        0        0        0        0        0        0        0        0        0        0        0        0        0        0        0        0        0        0        0 
14  7519.21  1223.73  1085.13  1097.83    456.2        0        0        0        0        0        0        0        0        0        0        0        0        0        0        0        0        0        0        0        0        0        0        0        0 
15  7552.32  1256.84  1118.25  1130.94  489.312        0        0        0        0        0        0        0        0        0        0        0        0        0        0        0        0        0        0        0        0        0        0        0        0 
16  7684.08   1388.6  1250.01   1262.7        0        0        0        0        0        0        0        0        0        0        0        0        0        0        0        0        0        0        0        0        0        0        0        0        0 
17  7779.18   1483.7  1345.11   1357.8        0        0        0        0        0        0        0        0        0        0        0        0        0        0        0        0        0        0        0        0        0        0        0        0        0 
18  7881.38   1585.9  1447.31     1460        0        0        0        0        0        0        0        0        0        0        0        0        0        0        0        0        0        0        0        0        0        0        0        0        0 
19  7996.98   1701.5  1562.91   1575.6        0        0        0        0        0        0        0        0        0        0        0        0        0        0        0        0        0        0        0        0        0        0        0        0        0 
20  8108.38   1812.9  1674.31     1687        0        0        0        0        0        0        0        0        0        0        0        0        0        0        0        0        0        0        0        0        0        0        0        0        0 
21  8232.47     1937   1798.4        0        0        0        0        0        0        0        0        0        0        0        0        0        0        0        0        0        0        0        0        0        0        0        0        0        0 
22  8245.88   1950.4        0        0        0        0        0        0        0        0        0        0        0        0        0        0        0        0        0        0        0        0        0        0        0        0        0        0        0 
23  8341.24  2045.76        0        0        0        0        0        0        0        0        0        0        0        0        0        0        0        0        0        0        0        0        0        0        0        0        0        0        0 
24  8828.19        0        0        0        0        0        0        0        0        0        0        0        0        0        0        0        0        0        0        0        0        0        0        0        0        0        0        0        0 
25  9277.68        0        0        0        0        0        0        0        0        0        0        0        0        0        0        0        0        0        0        0        0        0        0        0        0        0        0        0        0 
