Q      1s      2s       2p       2p*      3s      3p        3p*      4s       3d       3d*      4p       4p*      5s       4d       4d*      5p       5p*      6s       4f       4f*      5d       5d*      6p       6p*      7s       5f       5f*      6d       6d*
 0  16207.8  2262.49  1982.14  2051.09  379.858  290.426   301.45   53.032  151.245  153.161  29.3863  30.6517  4.93241        0        0        0        0        0        0        0        0        0        0        0        0        0        0        0        0 
 1  16213.9  2268.59  1988.24  2057.18  385.956  296.524  307.548  59.1298  157.343  159.259  35.4842  36.7495  11.0303        0        0        0        0        0        0        0        0        0        0        0        0        0        0        0        0 
 2    16220  2274.72  1994.38  2063.32   392.09  302.658  313.682  65.2638  163.477  165.393  41.6182  42.8835        0        0        0        0        0        0        0        0        0        0        0        0        0        0        0        0        0 
 3  16233.4  2288.12  2007.77  2076.71  405.487  316.055  327.078  78.6603  176.873  178.789  55.0147    56.28        0        0        0        0        0        0        0        0        0        0        0        0        0        0        0        0        0 
 4  16247.8  2302.54  2022.19  2091.13  419.907  330.475  341.498  93.0803  191.293  193.209  69.4347     70.7        0        0        0        0        0        0        0        0        0        0        0        0        0        0        0        0        0 
 5  16265.1  2319.84  2039.49  2108.43  437.207  347.775  358.798   110.38  208.593  210.509  86.7347       88        0        0        0        0        0        0        0        0        0        0        0        0        0        0        0        0        0 
 6  16281.1  2335.84  2055.49  2124.43  453.207  363.775  374.798   126.38  224.593  226.509  102.735      104        0        0        0        0        0        0        0        0        0        0        0        0        0        0        0        0        0 
 7  16299.6  2354.31  2073.97  2142.91  471.682   382.25  393.273  144.856  243.069  244.985   121.21        0        0        0        0        0        0        0        0        0        0        0        0        0        0        0        0        0        0 
 8  16212.9  2267.66  1987.31  2056.25  385.027  295.595  306.619   58.201  156.414   158.33        0        0        0        0        0        0        0        0        0        0        0        0        0        0        0        0        0        0        0 
 9  16231.9  2286.63  2006.28  2075.22  403.997  314.565  325.589   77.171  175.384    177.3        0        0        0        0        0        0        0        0        0        0        0        0        0        0        0        0        0        0        0 
10  16378.7   2433.4  2153.05  2221.99  550.767  461.335  472.359  223.941  322.154   324.07        0        0        0        0        0        0        0        0        0        0        0        0        0        0        0        0        0        0        0 
11  16416.6  2471.33  2190.98  2259.92  588.697  499.265  510.289  261.871  360.084      362        0        0        0        0        0        0        0        0        0        0        0        0        0        0        0        0        0        0        0 
12  16462.6  2517.33  2236.98  2305.92  634.697  545.265  556.289  307.871  406.084      408        0        0        0        0        0        0        0        0        0        0        0        0        0        0        0        0        0        0        0 
13  16508.6  2563.33  2282.98  2351.92  680.697  591.265  602.289  353.871  452.084      454        0        0        0        0        0        0        0        0        0        0        0        0        0        0        0        0        0        0        0 
14  16553.6  2608.33  2327.98  2396.92  725.697  636.265  647.289  398.871  497.084      499        0        0        0        0        0        0        0        0        0        0        0        0        0        0        0        0        0        0        0 
15  16616.6  2671.33  2390.98  2459.92  788.697  699.265  710.289  461.871  560.084      562        0        0        0        0        0        0        0        0        0        0        0        0        0        0        0        0        0        0        0 
16  16666.6  2721.33  2440.98  2509.92  838.697  749.265  760.289  511.871  610.084      612        0        0        0        0        0        0        0        0        0        0        0        0        0        0        0        0        0        0        0 
17  16721.5  2776.24   2495.9  2564.84  893.614  804.181  815.205  566.787      665        0        0        0        0        0        0        0        0        0        0        0        0        0        0        0        0        0        0        0        0 
18  16876.7  2931.46  2651.11  2720.05  1048.83  959.394  970.418      722        0        0        0        0        0        0        0        0        0        0        0        0        0        0        0        0        0        0        0        0        0 
19  16928.7  2983.46  2703.11  2772.05  1100.83  1011.39  1022.42      774        0        0        0        0        0        0        0        0        0        0        0        0        0        0        0        0        0        0        0        0        0 
20  16838.3  2893.04  2612.69  2681.64  1010.41  920.977      932        0        0        0        0        0        0        0        0        0        0        0        0        0        0        0        0        0        0        0        0        0        0 
21  16888.4  2943.14  2662.79  2731.74  1060.51  971.077    982.1        0        0        0        0        0        0        0        0        0        0        0        0        0        0        0        0        0        0        0        0        0        0 
22  16944.3  2999.04  2718.69  2787.64  1116.41  1026.98     1038        0        0        0        0        0        0        0        0        0        0        0        0        0        0        0        0        0        0        0        0        0        0 
23  17011.3  3066.04  2785.69  2854.64  1183.41  1093.98     1105        0        0        0        0        0        0        0        0        0        0        0        0        0        0        0        0        0        0        0        0        0        0 
24  17071.3  3126.04  2845.69  2914.64  1243.41  1153.98     1165        0        0        0        0        0        0        0        0        0        0        0        0        0        0        0        0        0        0        0        0        0        0 
25  17128.3  3183.06  2902.72  2971.66  1300.43     1211        0        0        0        0        0        0        0        0        0        0        0        0        0        0        0        0        0        0        0        0        0        0        0 
26  17161.3  3216.03  2935.68  3004.63   1333.4        0        0        0        0        0        0        0        0        0        0        0        0        0        0        0        0        0        0        0        0        0        0        0        0 
27  17215.1  3269.82  2989.47  3058.42  1387.19        0        0        0        0        0        0        0        0        0        0        0        0        0        0        0        0        0        0        0        0        0        0        0        0 
28  17501.4   3556.1  3275.76   3344.7        0        0        0        0        0        0        0        0        0        0        0        0        0        0        0        0        0        0        0        0        0        0        0        0        0 
29  17653.7   3708.4  3428.06     3497        0        0        0        0        0        0        0        0        0        0        0        0        0        0        0        0        0        0        0        0        0        0        0        0        0 
30  17820.7   3875.4  3595.06     3664        0        0        0        0        0        0        0        0        0        0        0        0        0        0        0        0        0        0        0        0        0        0        0        0        0 
31  17986.7   4041.4  3761.06     3830        0        0        0        0        0        0        0        0        0        0        0        0        0        0        0        0        0        0        0        0        0        0        0        0        0 
32  18209.7   4264.4  3984.06     4053        0        0        0        0        0        0        0        0        0        0        0        0        0        0        0        0        0        0        0        0        0        0        0        0        0 
33  18457.6  4512.35     4232        0        0        0        0        0        0        0        0        0        0        0        0        0        0        0        0        0        0        0        0        0        0        0        0        0        0 
34  18410.3     4465        0        0        0        0        0        0        0        0        0        0        0        0        0        0        0        0        0        0        0        0        0        0        0        0        0        0        0 
35  18557.7   4612.4        0        0        0        0        0        0        0        0        0        0        0        0        0        0        0        0        0        0        0        0        0        0        0        0        0        0        0 
36  19345.6        0        0        0        0        0        0        0        0        0        0        0        0        0        0        0        0        0        0        0        0        0        0        0        0        0        0        0        0 
37  20025.2        0        0        0        0        0        0        0        0        0        0        0        0        0        0        0        0        0        0        0        0        0        0        0        0        0        0        0        0 
