Q      1s      2s       2p       2p*      3s      3p        3p*      4s       3d       3d*      4p       4p*      5s       4d       4d*      5p       5p*      6s       4f       4f*      5d       5d*      6p       6p*      7s       5f       5f*      6d       6d*
 0    24493  3658.52  3222.16  3382.42  695.056  555.912  584.778  104.556  356.754  362.452  63.8732  68.5798        0  8.70194  9.26678        0        0        0        0        0        0        0        0        0        0        0        0        0        0 
 1  24503.1  3668.69  3232.33  3392.58  705.219  566.076  594.941  114.719  366.918  372.615  74.0364   78.743        0  18.8652    19.43        0        0        0        0        0        0        0        0        0        0        0        0        0        0 
 2  24516.6  3682.19  3245.83  3406.08  718.719  579.576  608.441  128.219  380.418  386.115  87.5364   92.243        0  32.3652    32.93        0        0        0        0        0        0        0        0        0        0        0        0        0        0 
 3  24529.7  3695.26   3258.9  3419.15  731.789  592.646  621.511  141.289  393.488  399.185  100.606  105.313        0  45.4352       46        0        0        0        0        0        0        0        0        0        0        0        0        0        0 
 4  24544.7  3710.26   3273.9  3434.15  746.789  607.646  636.511  156.289  408.488  414.185  115.606  120.313        0  60.4352       61        0        0        0        0        0        0        0        0        0        0        0        0        0        0 
 5  24567.8  3733.36     3297  3457.25  769.889  630.746  659.611  179.389  431.588  437.285  138.706  143.413        0  83.5352     84.1        0        0        0        0        0        0        0        0        0        0        0        0        0        0 
 6  24584.7  3750.26   3313.9  3474.15  786.789  647.646  676.511  196.289  448.488  454.185  155.606  160.313        0  100.435      101        0        0        0        0        0        0        0        0        0        0        0        0        0        0 
 7  24603.7  3769.26   3332.9  3493.15  805.789  666.646  695.511  215.289  467.488  473.185  174.606  179.313        0  119.435      120        0        0        0        0        0        0        0        0        0        0        0        0        0        0 
 8  24624.7  3790.26   3353.9  3514.15  826.789  687.646  716.511  236.289  488.488  494.185  195.606  200.313        0  140.435      141        0        0        0        0        0        0        0        0        0        0        0        0        0        0 
 9  24644.2  3809.72  3373.36  3533.61  846.254   707.11  735.976  255.754  507.952   513.65  215.071  219.778        0    159.9        0        0        0        0        0        0        0        0        0        0        0        0        0        0        0 
10  24662.9  3828.51  3392.15  3552.41  865.046  725.903  754.768  274.546  526.745  532.442  233.863   238.57        0        0        0        0        0        0        0        0        0        0        0        0        0        0        0        0        0 
11  24684.4  3849.94  3413.58  3573.84  886.476  747.333  776.198  295.976  548.175  553.872  255.293      260        0        0        0        0        0        0        0        0        0        0        0        0        0        0        0        0        0 
12  24710.4  3875.94  3439.58  3599.84  912.476  773.333  802.198  321.976  574.175  579.872  281.293      286        0        0        0        0        0        0        0        0        0        0        0        0        0        0        0        0        0 
13  24735.4  3900.94  3464.58  3624.84  937.476  798.333  827.198  346.976  599.175  604.872  306.293      311        0        0        0        0        0        0        0        0        0        0        0        0        0        0        0        0        0 
14  24766.4  3931.94  3495.58  3655.84  968.476  829.333  858.198  377.976  630.175  635.872  337.293      342        0        0        0        0        0        0        0        0        0        0        0        0        0        0        0        0        0 
15  24798.2  3963.75  3527.39  3687.64  1000.28  861.139  890.005  409.782  661.981  667.679    369.1        0        0        0        0        0        0        0        0        0        0        0        0        0        0        0        0        0        0 
16  24557.5  3723.07  3286.71  3446.96  759.604   620.46  649.326  169.103  421.302      427        0        0        0        0        0        0        0        0        0        0        0        0        0        0        0        0        0        0        0 
17    24588  3753.57  3317.21  3477.46  790.104   650.96  679.826  199.603  451.802    457.5        0        0        0        0        0        0        0        0        0        0        0        0        0        0        0        0        0        0        0 
18  24940.5  4106.07  3669.71  3829.96   1142.6  1003.46  1032.33  552.103  804.302      810        0        0        0        0        0        0        0        0        0        0        0        0        0        0        0        0        0        0        0 
19  24999.5  4165.07  3728.71  3888.96   1201.6  1062.46  1091.33  611.103  863.302      869        0        0        0        0        0        0        0        0        0        0        0        0        0        0        0        0        0        0        0 
20  25063.5  4229.07  3792.71  3952.96   1265.6  1126.46  1155.33  675.103  927.302      933        0        0        0        0        0        0        0        0        0        0        0        0        0        0        0        0        0        0        0 
21  25130.5  4296.07  3859.71  4019.96   1332.6  1193.46  1222.33  742.103  994.302     1000        0        0        0        0        0        0        0        0        0        0        0        0        0        0        0        0        0        0        0 
22  25195.5  4361.07  3924.71  4084.96   1397.6  1258.46  1287.33  807.103   1059.3     1065        0        0        0        0        0        0        0        0        0        0        0        0        0        0        0        0        0        0        0 
23  25275.5  4441.07  4004.71  4164.96   1477.6  1338.46  1367.33  887.103   1139.3     1145        0        0        0        0        0        0        0        0        0        0        0        0        0        0        0        0        0        0        0 
24  25348.5  4514.07  4077.71  4237.96   1550.6  1411.46  1440.33  960.103   1212.3     1218        0        0        0        0        0        0        0        0        0        0        0        0        0        0        0        0        0        0        0 
25  25426.2  4591.77  4155.41  4315.66   1628.3  1489.16  1518.02   1037.8     1290        0        0        0        0        0        0        0        0        0        0        0        0        0        0        0        0        0        0        0        0 
26  25754.4  4919.97  4483.61  4643.86   1956.5  1817.36  1846.22     1366        0        0        0        0        0        0        0        0        0        0        0        0        0        0        0        0        0        0        0        0        0 
27  25826.4  4991.97  4555.61  4715.86   2028.5  1889.36  1918.22     1438        0        0        0        0        0        0        0        0        0        0        0        0        0        0        0        0        0        0        0        0        0 
28  25552.2  4717.75  4281.38  4441.64  1754.28  1615.13     1644        0        0        0        0        0        0        0        0        0        0        0        0        0        0        0        0        0        0        0        0        0        0 
29  25614.4  4779.95  4343.58  4503.84  1816.48  1677.33   1706.2        0        0        0        0        0        0        0        0        0        0        0        0        0        0        0        0        0        0        0        0        0        0 
30  25689.5  4855.05  4418.68  4578.94  1891.58  1752.43   1781.3        0        0        0        0        0        0        0        0        0        0        0        0        0        0        0        0        0        0        0        0        0        0 
31  25777.2  4942.75  4506.38  4666.64  1979.28  1840.13     1869        0        0        0        0        0        0        0        0        0        0        0        0        0        0        0        0        0        0        0        0        0        0 
32  25870.2  5035.75  4599.38  4759.64  2072.28  1933.13     1962        0        0        0        0        0        0        0        0        0        0        0        0        0        0        0        0        0        0        0        0        0        0 
33    25953  5118.61  4682.25   4842.5  2155.14     2016        0        0        0        0        0        0        0        0        0        0        0        0        0        0        0        0        0        0        0        0        0        0        0 
34  25978.9  5144.47  4708.11  4868.36     2181        0        0        0        0        0        0        0        0        0        0        0        0        0        0        0        0        0        0        0        0        0        0        0        0 
35  26046.8  5212.34  4775.98  4936.23  2248.87        0        0        0        0        0        0        0        0        0        0        0        0        0        0        0        0        0        0        0        0        0        0        0        0 
36  26394.5  5560.11  5123.75     5284        0        0        0        0        0        0        0        0        0        0        0        0        0        0        0        0        0        0        0        0        0        0        0        0        0 
37  26585.5  5751.11  5314.75     5475        0        0        0        0        0        0        0        0        0        0        0        0        0        0        0        0        0        0        0        0        0        0        0        0        0 
38  26793.5  5959.11  5522.75     5683        0        0        0        0        0        0        0        0        0        0        0        0        0        0        0        0        0        0        0        0        0        0        0        0        0 
39  26990.5  6156.11  5719.75     5880        0        0        0        0        0        0        0        0        0        0        0        0        0        0        0        0        0        0        0        0        0        0        0        0        0 
40  27352.5  6518.11  6081.75     6242        0        0        0        0        0        0        0        0        0        0        0        0        0        0        0        0        0        0        0        0        0        0        0        0        0 
41  27739.8  6905.36     6469        0        0        0        0        0        0        0        0        0        0        0        0        0        0        0        0        0        0        0        0        0        0        0        0        0        0 
42  27593.4     6759        0        0        0        0        0        0        0        0        0        0        0        0        0        0        0        0        0        0        0        0        0        0        0        0        0        0        0 
43  27777.5   6943.1        0        0        0        0        0        0        0        0        0        0        0        0        0        0        0        0        0        0        0        0        0        0        0        0        0        0        0 
44    28776        0        0        0        0        0        0        0        0        0        0        0        0        0        0        0        0        0        0        0        0        0        0        0        0        0        0        0        0 
45  29622.6        0        0        0        0        0        0        0        0        0        0        0        0        0        0        0        0        0        0        0        0        0        0        0        0        0        0        0        0 
