Q      1s      2s       2p       2p*      3s      3p        3p*      4s       3d       3d*      4p       4p*      5s       4d       4d*      5p       5p*      6s       4f       4f*      5d       5d*      6p       6p*      7s       5f       5f*      6d       6d*
 0    29370  4525.75     3983  4214.65  913.346  742.232  785.783  160.234  510.534    519.4  107.774  115.679  13.8826  35.2198  36.3614  6.56805  7.00806        0        0        0        0        0        0        0        0        0        0        0        0 
 1  29378.1  4533.81  3991.06  4222.72  921.411  750.297  793.848  168.299  518.599  527.465  115.839  123.745  21.9476  43.2849  44.4264  14.6331        0        0        0        0        0        0        0        0        0        0        0        0        0 
 2  29364.2  4519.89  3977.14   4208.8   907.49  736.377  779.928  154.379  504.679  513.545  101.919  109.824  8.02721  29.3645   30.506        0        0        0        0        0        0        0        0        0        0        0        0        0        0 
 3  29374.4  4530.13  3987.38  4219.03  917.724  746.611  790.162  164.613  514.913  523.779  112.153  120.058  18.2612  39.5985    40.74        0        0        0        0        0        0        0        0        0        0        0        0        0        0 
 4  29410.7  4566.42  4023.67  4255.32  954.014  782.901  826.452  200.903  551.203  560.069  148.443  156.348  54.5512  75.8885    77.03        0        0        0        0        0        0        0        0        0        0        0        0        0        0 
 5  29427.6  4583.39  4040.64  4272.29  970.984  799.871  843.422  217.873  568.173  577.039  165.413  173.318  71.5212  92.8585       94        0        0        0        0        0        0        0        0        0        0        0        0        0        0 
 6  29446.5  4602.29  4059.54  4291.19  989.884  818.771  862.322  236.773  587.073  595.939  184.313  192.218  90.4212  111.758    112.9        0        0        0        0        0        0        0        0        0        0        0        0        0        0 
 7  29468.6  4624.39  4081.64  4313.29  1011.98  840.871  884.422  258.873  609.173  618.039  206.413  214.318  112.521  133.858      135        0        0        0        0        0        0        0        0        0        0        0        0        0        0 
 8  29489.6  4645.39  4102.64  4334.29  1032.98  861.871  905.422  279.873  630.173  639.039  227.413  235.318  133.521  154.858      156        0        0        0        0        0        0        0        0        0        0        0        0        0        0 
 9  29517.6  4673.39  4130.64  4362.29  1060.98  889.871  933.422  307.873  658.173  667.039  255.413  263.318  161.521  182.858      184        0        0        0        0        0        0        0        0        0        0        0        0        0        0 
10  29541.6  4697.39  4154.64  4386.29  1084.98  913.871  957.422  331.873  682.173  691.039  279.413  287.318  185.521  206.858      208        0        0        0        0        0        0        0        0        0        0        0        0        0        0 
11  29566.8  4722.53  4179.78  4411.43  1110.13  939.012  982.563  357.014  707.314   716.18  304.554   312.46  210.663      232        0        0        0        0        0        0        0        0        0        0        0        0        0        0        0 
12  29614.1  4769.87  4227.12  4458.77  1157.46   986.35   1029.9  404.351  754.651  763.518  351.891  359.797      258        0        0        0        0        0        0        0        0        0        0        0        0        0        0        0        0 
13  29638.1  4793.87  4251.12  4482.77  1181.46  1010.35   1053.9  428.351  778.651  787.518  375.891  383.797      282        0        0        0        0        0        0        0        0        0        0        0        0        0        0        0        0 
14  29633.3  4789.07  4246.32  4477.98  1176.67  1005.55   1049.1  423.555  773.855  782.721  371.094      379        0        0        0        0        0        0        0        0        0        0        0        0        0        0        0        0        0 
15  29661.3  4817.07  4274.32  4505.98  1204.67  1033.55   1077.1  451.555  801.855  810.721  399.094      407        0        0        0        0        0        0        0        0        0        0        0        0        0        0        0        0        0 
16  29691.3  4847.07  4304.32  4535.98  1234.67  1063.55   1107.1  481.555  831.855  840.721  429.094      437        0        0        0        0        0        0        0        0        0        0        0        0        0        0        0        0        0 
17  29720.3  4876.07  4333.32  4564.98  1263.67  1092.55   1136.1  510.555  860.855  869.721  458.094      466        0        0        0        0        0        0        0        0        0        0        0        0        0        0        0        0        0 
18  29760.3  4916.07  4373.32  4604.98  1303.67  1132.55   1176.1  550.555  900.855  909.721  498.094      506        0        0        0        0        0        0        0        0        0        0        0        0        0        0        0        0        0 
19  29799.2  4954.97  4412.22  4643.88  1342.57  1171.46  1215.01   589.46   939.76  948.626      537        0        0        0        0        0        0        0        0        0        0        0        0        0        0        0        0        0        0 
20  29458.6  4614.35   4071.6  4303.25  1001.95  830.832  874.383  248.834  599.134      608        0        0        0        0        0        0        0        0        0        0        0        0        0        0        0        0        0        0        0 
21    29493   4648.7  4105.95   4337.6   1036.3  865.182  908.733  283.184  633.484   642.35        0        0        0        0        0        0        0        0        0        0        0        0        0        0        0        0        0        0        0 
22  29977.6  5133.35   4590.6  4822.25  1520.95  1349.83  1393.38  767.834  1118.13     1127        0        0        0        0        0        0        0        0        0        0        0        0        0        0        0        0        0        0        0 
23  30045.6  5201.35   4658.6  4890.25  1588.95  1417.83  1461.38  835.834  1186.13     1195        0        0        0        0        0        0        0        0        0        0        0        0        0        0        0        0        0        0        0 
24  30119.6  5275.35   4732.6  4964.25  1662.95  1491.83  1535.38  909.834  1260.13     1269        0        0        0        0        0        0        0        0        0        0        0        0        0        0        0        0        0        0        0 
25  30197.6  5353.35   4810.6  5042.25  1740.95  1569.83  1613.38  987.834  1338.13     1347        0        0        0        0        0        0        0        0        0        0        0        0        0        0        0        0        0        0        0 
26  30271.6  5427.35   4884.6  5116.25  1814.95  1643.83  1687.38  1061.83  1412.13     1421        0        0        0        0        0        0        0        0        0        0        0        0        0        0        0        0        0        0        0 
27  30358.6  5514.35   4971.6  5203.25  1901.95  1730.83  1774.38  1148.83  1499.13     1508        0        0        0        0        0        0        0        0        0        0        0        0        0        0        0        0        0        0        0 
28  30446.6  5602.35   5059.6  5291.25  1989.95  1818.83  1862.38  1236.83  1587.13     1596        0        0        0        0        0        0        0        0        0        0        0        0        0        0        0        0        0        0        0 
29  30535.5  5691.21  5148.46  5380.12  2078.81   1907.7  1951.25   1325.7     1676        0        0        0        0        0        0        0        0        0        0        0        0        0        0        0        0        0        0        0        0 
30  30972.8  6128.51  5585.76  5817.42  2516.11     2345  2388.55     1763        0        0        0        0        0        0        0        0        0        0        0        0        0        0        0        0        0        0        0        0        0 
31  31053.8  6209.51  5666.76  5898.42  2597.11     2426  2469.55     1844        0        0        0        0        0        0        0        0        0        0        0        0        0        0        0        0        0        0        0        0        0 
32  30658.2  5813.97  5271.22  5502.87  2201.56  2030.45     2074        0        0        0        0        0        0        0        0        0        0        0        0        0        0        0        0        0        0        0        0        0        0 
33  30726.3  5882.07  5339.32  5570.97  2269.66  2098.55   2142.1        0        0        0        0        0        0        0        0        0        0        0        0        0        0        0        0        0        0        0        0        0        0 
34  30811.2  5966.97  5424.22  5655.87  2354.56  2183.45     2227        0        0        0        0        0        0        0        0        0        0        0        0        0        0        0        0        0        0        0        0        0        0 
35  30910.2  6065.97  5523.22  5754.87  2453.56  2282.45     2326        0        0        0        0        0        0        0        0        0        0        0        0        0        0        0        0        0        0        0        0        0        0 
36  31027.2  6182.97  5640.22  5871.87  2570.56  2399.45     2443        0        0        0        0        0        0        0        0        0        0        0        0        0        0        0        0        0        0        0        0        0        0 
37  31126.8  6282.52  5739.77  5971.42  2670.11     2499        0        0        0        0        0        0        0        0        0        0        0        0        0        0        0        0        0        0        0        0        0        0        0 
38  31143.7   6299.4  5756.65  5988.31     2687        0        0        0        0        0        0        0        0        0        0        0        0        0        0        0        0        0        0        0        0        0        0        0        0 
39  31219.2  6374.89  5832.14   6063.8  2762.49        0        0        0        0        0        0        0        0        0        0        0        0        0        0        0        0        0        0        0        0        0        0        0        0 
40  31576.4  6732.09  6189.34     6421        0        0        0        0        0        0        0        0        0        0        0        0        0        0        0        0        0        0        0        0        0        0        0        0        0 
41  31786.4  6942.09  6399.34     6631        0        0        0        0        0        0        0        0        0        0        0        0        0        0        0        0        0        0        0        0        0        0        0        0        0 
42  32014.4  7170.09  6627.34     6859        0        0        0        0        0        0        0        0        0        0        0        0        0        0        0        0        0        0        0        0        0        0        0        0        0 
43  32235.4  7391.09  6848.34     7080        0        0        0        0        0        0        0        0        0        0        0        0        0        0        0        0        0        0        0        0        0        0        0        0        0 
44  32686.4  7842.09  7299.34     7531        0        0        0        0        0        0        0        0        0        0        0        0        0        0        0        0        0        0        0        0        0        0        0        0        0 
45    33177  8332.75     7790        0        0        0        0        0        0        0        0        0        0        0        0        0        0        0        0        0        0        0        0        0        0        0        0        0        0 
46  32947.3     8103        0        0        0        0        0        0        0        0        0        0        0        0        0        0        0        0        0        0        0        0        0        0        0        0        0        0        0 
47  33151.2  8306.95        0        0        0        0        0        0        0        0        0        0        0        0        0        0        0        0        0        0        0        0        0        0        0        0        0        0        0 
48  34257.1        0        0        0        0        0        0        0        0        0        0        0        0        0        0        0        0        0        0        0        0        0        0        0        0        0        0        0        0 
49  35192.4        0        0        0        0        0        0        0        0        0        0        0        0        0        0        0        0        0        0        0        0        0        0        0        0        0        0        0        0 
