Q      1s      2s       2p       2p*      3s      3p        3p*      4s       3d       3d*      4p       4p*      5s       4d       4d*      5p       5p*      6s       4f       4f*      5d       5d*      6p       6p*      7s       5f       5f*      6d       6d*
 0  30668.4  4760.89  4187.89  4440.77   974.28  794.282  842.283  176.597  554.126  563.962  120.823   129.78    17.07  43.6943  45.0422  7.89151  8.53472        0        0        0        0        0        0        0        0        0        0        0        0 
 1  30676.5  4768.98  4195.98  4448.86  982.371  802.373  850.375  184.689  562.218  572.053  128.914  137.871  25.1613  51.7856  53.1334  15.9828   16.626        0        0        0        0        0        0        0        0        0        0        0        0 
 2  30685.9  4778.32  4205.32   4458.2  991.712  811.714  859.715  194.029  571.558  581.394  138.255  147.212   34.502  61.1263  62.4742  25.3235        0        0        0        0        0        0        0        0        0        0        0        0        0 
 3  30667.2  4759.65  4186.65  4439.53  973.042  793.044  841.045  175.359  552.888  562.724  119.585  128.541  15.8319  42.4562   43.804        0        0        0        0        0        0        0        0        0        0        0        0        0        0 
 4  30678.4  4770.85  4197.84  4450.73  984.238   804.24  852.241  186.555  564.084   573.92  130.781  139.737  27.0279  53.6522       55        0        0        0        0        0        0        0        0        0        0        0        0        0        0 
 5  30722.9  4815.36  4242.35  4495.24  1028.75   848.75  896.751  231.065  608.594   618.43  175.291  184.247  71.5379  98.1622    99.51        0        0        0        0        0        0        0        0        0        0        0        0        0        0 
 6  30740.4  4832.85  4259.84  4512.73  1046.24   866.24  914.241  248.555  626.084   635.92  192.781  201.737  89.0279  115.652      117        0        0        0        0        0        0        0        0        0        0        0        0        0        0 
 7  30762.4  4854.85  4281.84  4534.73  1068.24   888.24  936.241  270.555  648.084   657.92  214.781  223.737  111.028  137.652      139        0        0        0        0        0        0        0        0        0        0        0        0        0        0 
 8  30785.4  4877.85  4304.84  4557.73  1091.24   911.24  959.241  293.555  671.084   680.92  237.781  246.737  134.028  160.652      162        0        0        0        0        0        0        0        0        0        0        0        0        0        0 
 9  30808.4  4900.85  4327.84  4580.73  1114.24   934.24  982.241  316.555  694.084   703.92  260.781  269.737  157.028  183.652      185        0        0        0        0        0        0        0        0        0        0        0        0        0        0 
10  30837.4  4929.85  4356.84  4609.73  1143.24   963.24  1011.24  345.555  723.084   732.92  289.781  298.737  186.028  212.652      214        0        0        0        0        0        0        0        0        0        0        0        0        0        0 
11  30861.4  4953.85  4380.84  4633.73  1167.24   987.24  1035.24  369.555  747.084   756.92  313.781  322.737  210.028  236.652      238        0        0        0        0        0        0        0        0        0        0        0        0        0        0 
12  30889.7   4982.2  4409.19  4662.08  1195.59  1015.59  1063.59  397.903  775.432  785.268  342.129  351.085  238.376      265        0        0        0        0        0        0        0        0        0        0        0        0        0        0        0 
13  30943.4  5035.82  4462.82   4715.7  1249.21  1069.21  1117.21  451.527  829.056  838.892  395.753   404.71      292        0        0        0        0        0        0        0        0        0        0        0        0        0        0        0        0 
14  30968.4  5060.82  4487.82   4740.7  1274.21  1094.21  1142.21  476.527  854.056  863.892  420.753   429.71      317        0        0        0        0        0        0        0        0        0        0        0        0        0        0        0        0 
15  30958.6  5051.11  4478.11  4730.99   1264.5   1084.5   1132.5  466.818  844.347  854.182  411.043      420        0        0        0        0        0        0        0        0        0        0        0        0        0        0        0        0        0 
16  30985.6  5078.11  4505.11  4757.99   1291.5   1111.5   1159.5  493.818  871.347  881.182  438.043      447        0        0        0        0        0        0        0        0        0        0        0        0        0        0        0        0        0 
17  31017.6  5110.11  4537.11  4789.99   1323.5   1143.5   1191.5  525.818  903.347  913.182  470.043      479        0        0        0        0        0        0        0        0        0        0        0        0        0        0        0        0        0 
18  31048.6  5141.11  4568.11  4820.99   1354.5   1174.5   1222.5  556.818  934.347  944.182  501.043      510        0        0        0        0        0        0        0        0        0        0        0        0        0        0        0        0        0 
19  31090.6  5183.11  4610.11  4862.99   1396.5   1216.5   1264.5  598.818  976.347  986.182  543.043      552        0        0        0        0        0        0        0        0        0        0        0        0        0        0        0        0        0 
20  31131.6  5224.07  4651.06  4903.95  1437.46  1257.46  1305.46  639.775   1017.3  1027.14      584        0        0        0        0        0        0        0        0        0        0        0        0        0        0        0        0        0        0 
21  30761.5  4853.93  4280.92  4533.81  1067.32   887.32  935.321  269.635  647.164      657        0        0        0        0        0        0        0        0        0        0        0        0        0        0        0        0        0        0        0 
22  30797.7  4890.19  4317.18  4570.07  1103.58   923.58  971.581  305.895  683.424   693.26        0        0        0        0        0        0        0        0        0        0        0        0        0        0        0        0        0        0        0 
23  31318.5  5410.93  4837.92  5090.81  1624.32  1444.32  1492.32  826.635  1204.16     1214        0        0        0        0        0        0        0        0        0        0        0        0        0        0        0        0        0        0        0 
24  31389.5  5481.93  4908.92  5161.81  1695.32  1515.32  1563.32  897.635  1275.16     1285        0        0        0        0        0        0        0        0        0        0        0        0        0        0        0        0        0        0        0 
25  31464.5  5556.93  4983.92  5236.81  1770.32  1590.32  1638.32  972.635  1350.16     1360        0        0        0        0        0        0        0        0        0        0        0        0        0        0        0        0        0        0        0 
26  31545.5  5637.93  5064.92  5317.81  1851.32  1671.32  1719.32  1053.64  1431.16     1441        0        0        0        0        0        0        0        0        0        0        0        0        0        0        0        0        0        0        0 
27  31622.5  5714.93  5141.92  5394.81  1928.32  1748.32  1796.32  1130.64  1508.16     1518        0        0        0        0        0        0        0        0        0        0        0        0        0        0        0        0        0        0        0 
28  31710.5  5802.93  5229.92  5482.81  2016.32  1836.32  1884.32  1218.64  1596.16     1606        0        0        0        0        0        0        0        0        0        0        0        0        0        0        0        0        0        0        0 
29  31802.5  5894.93  5321.92  5574.81  2108.32  1928.32  1976.32  1310.64  1688.16     1698        0        0        0        0        0        0        0        0        0        0        0        0        0        0        0        0        0        0        0 
30  31895.3  5987.76  5414.76  5667.64  2201.15  2021.16  2069.16  1403.47     1781        0        0        0        0        0        0        0        0        0        0        0        0        0        0        0        0        0        0        0        0 
31  32360.8  6453.29  5880.29  6133.17  2666.68  2486.68  2534.69     1869        0        0        0        0        0        0        0        0        0        0        0        0        0        0        0        0        0        0        0        0        0 
32  32445.8  6538.29  5965.29  6218.17  2751.68  2571.68  2619.69     1954        0        0        0        0        0        0        0        0        0        0        0        0        0        0        0        0        0        0        0        0        0 
33  32016.1  6108.61   5535.6  5788.49     2322     2142     2190        0        0        0        0        0        0        0        0        0        0        0        0        0        0        0        0        0        0        0        0        0        0 
34  32092.1  6184.61   5611.6  5864.49     2398     2218     2266        0        0        0        0        0        0        0        0        0        0        0        0        0        0        0        0        0        0        0        0        0        0 
35  32175.1  6267.61   5694.6  5947.49     2481     2301     2349        0        0        0        0        0        0        0        0        0        0        0        0        0        0        0        0        0        0        0        0        0        0 
36  32254.1  6346.61   5773.6  6026.49     2560     2380     2428        0        0        0        0        0        0        0        0        0        0        0        0        0        0        0        0        0        0        0        0        0        0 
37  32393.1  6485.61   5912.6  6165.49     2699     2519     2567        0        0        0        0        0        0        0        0        0        0        0        0        0        0        0        0        0        0        0        0        0        0 
38  32528.1  6620.61   6047.6  6300.49     2834     2654        0        0        0        0        0        0        0        0        0        0        0        0        0        0        0        0        0        0        0        0        0        0        0 
39  32509.1  6601.61  6028.61  6281.49     2815        0        0        0        0        0        0        0        0        0        0        0        0        0        0        0        0        0        0        0        0        0        0        0        0 
40  32594.1  6686.61  6113.61  6366.49     2900        0        0        0        0        0        0        0        0        0        0        0        0        0        0        0        0        0        0        0        0        0        0        0        0 
41  32941.7  7034.12  6461.12     6714        0        0        0        0        0        0        0        0        0        0        0        0        0        0        0        0        0        0        0        0        0        0        0        0        0 
42  33156.7  7249.12  6676.12     6929        0        0        0        0        0        0        0        0        0        0        0        0        0        0        0        0        0        0        0        0        0        0        0        0        0 
43  33394.7  7487.12  6914.12     7167        0        0        0        0        0        0        0        0        0        0        0        0        0        0        0        0        0        0        0        0        0        0        0        0        0 
44  33617.7  7710.12  7137.12     7390        0        0        0        0        0        0        0        0        0        0        0        0        0        0        0        0        0        0        0        0        0        0        0        0        0 
45  34114.7  8207.12  7634.12     7887        0        0        0        0        0        0        0        0        0        0        0        0        0        0        0        0        0        0        0        0        0        0        0        0        0 
46  34620.5     8713     8140        0        0        0        0        0        0        0        0        0        0        0        0        0        0        0        0        0        0        0        0        0        0        0        0        0        0 
47  34362.5     8455        0        0        0        0        0        0        0        0        0        0        0        0        0        0        0        0        0        0        0        0        0        0        0        0        0        0        0 
48    34577  8669.48        0        0        0        0        0        0        0        0        0        0        0        0        0        0        0        0        0        0        0        0        0        0        0        0        0        0        0 
49    35710        0        0        0        0        0        0        0        0        0        0        0        0        0        0        0        0        0        0        0        0        0        0        0        0        0        0        0        0 
50  36668.1        0        0        0        0        0        0        0        0        0        0        0        0        0        0        0        0        0        0        0        0        0        0        0        0        0        0        0        0 
