Q      1s      2s       2p       2p*      3s      3p        3p*      4s       3d       3d*      4p       4p*      5s       4d       4d*      5p       5p*      6s       4f       4f*      5d       5d*      6p       6p*      7s       5f       5f*      6d       6d*
 0  55951.5  9481.79  8143.49  9002.58  2171.02  1778.81  1961.61  454.495  1385.32  1424.81  328.471  369.797  61.5008  180.639  188.313  30.7127  36.0215  5.16728  12.7704  13.8825        0        0        0        0        0        0        0        0        0 
 1  55949.4  9479.69  8141.38  9000.48  2168.92  1776.71  1959.51  452.394  1383.22  1422.71  326.369  367.695  59.3993  178.537  186.211  28.6112    33.92  3.06573  10.6689   11.781        0        0        0        0        0        0        0        0        0 
 2  55960.4   9490.7  8152.39  9011.48  2179.93  1787.72  1970.51  463.403  1394.22  1433.72  337.378  378.704  70.4083  189.546   197.22  39.6202   44.929  14.0747  21.6779    22.79        0        0        0        0        0        0        0        0        0 
 3  55980.1  9510.43  8172.12  9031.21  2199.66  1807.45  1990.24  483.133  1413.95  1453.45  357.108  398.434  90.1383  209.276   216.95  59.3502   64.659  33.8047  41.4079    42.52        0        0        0        0        0        0        0        0        0 
 4  56001.5  9531.81   8193.5  9052.59  2221.04  1828.83  2011.62  504.513  1435.33  1474.83  378.488  419.814  111.518  230.656   238.33  80.7302   86.039  55.1847  62.7879     63.9        0        0        0        0        0        0        0        0        0 
 5  56032.6  9562.91   8224.6  9083.69  2252.14  1859.93  2042.72  535.613  1466.43  1505.93  409.588  450.914  142.618  261.756   269.43   111.83  117.139  86.2847  93.8879       95        0        0        0        0        0        0        0        0        0 
 6  56049.6  9579.91   8241.6  9100.69  2269.14  1876.93  2059.72  552.613  1483.43  1522.93  426.588  467.914  159.618  278.756   286.43   128.83  134.139  103.285  110.888      112        0        0        0        0        0        0        0        0        0 
 7  56066.6  9596.91   8258.6  9117.69  2286.14  1893.93  2076.72  569.613  1500.43  1539.93  443.588  484.914  176.618  295.756   303.43   145.83  151.139  120.285  127.888      129        0        0        0        0        0        0        0        0        0 
 8  56092.6  9622.91   8284.6  9143.69  2312.14  1919.93  2102.72  595.613  1526.43  1565.93  469.588  510.914  202.618  321.756   329.43   171.83  177.139  146.285  153.888      155        0        0        0        0        0        0        0        0        0 
 9  56110.6  9640.91   8302.6  9161.69  2330.14  1937.93  2120.72  613.613  1544.43  1583.93  487.588  528.914  220.618  339.756   347.43   189.83  195.139  164.285  171.888      173        0        0        0        0        0        0        0        0        0 
10  56135.7  9666.02  8327.72  9186.81  2355.25  1963.04  2145.84  638.725  1569.55  1609.04    512.7  554.026   245.73  364.868  372.542  214.942  220.251  189.397      197        0        0        0        0        0        0        0        0        0        0 
11  56175.3  9705.62  8367.32  9226.41  2394.86  2002.64  2185.44  678.328  1609.15  1648.64  552.304  593.629  285.334  404.471  412.145  254.545  259.854      229        0        0        0        0        0        0        0        0        0        0        0 
12  56209.3  9739.62  8401.32  9260.41  2428.86  2036.64  2219.44  712.328  1643.15  1682.64  586.304  627.629  319.334  438.471  446.145  288.545  293.854      263        0        0        0        0        0        0        0        0        0        0        0 
13  56199.5  9729.77  8391.46  9250.56     2419  2026.79  2209.59  702.474   1633.3  1672.79  576.449  617.775  309.479  428.617  436.291  278.691      284        0        0        0        0        0        0        0        0        0        0        0        0 
14  56220.5  9750.77  8412.46  9271.56     2440  2047.79  2230.59  723.474   1654.3  1693.79  597.449  638.775  330.479  449.617  457.291  299.691      305        0        0        0        0        0        0        0        0        0        0        0        0 
15  56255.5  9785.77  8447.46  9306.56     2475  2082.79  2265.59  758.474   1689.3  1728.79  632.449  673.775  365.479  484.617  492.291  334.691      340        0        0        0        0        0        0        0        0        0        0        0        0 
16  56288.5  9818.77  8480.46  9339.56     2508  2115.79  2298.59  791.474   1722.3  1761.79  665.449  706.775  398.479  517.617  525.291  367.691      373        0        0        0        0        0        0        0        0        0        0        0        0 
17  56323.5  9853.77  8515.46  9374.56     2543  2150.79  2333.59  826.474   1757.3  1796.79  700.449  741.775  433.479  552.617  560.291  402.691      408        0        0        0        0        0        0        0        0        0        0        0        0 
18  56361.8  9892.08  8553.77  9412.86  2581.31   2189.1  2371.89  864.782   1795.6   1835.1  738.758  780.084  471.788  590.926    598.6      441        0        0        0        0        0        0        0        0        0        0        0        0        0 
19  56238.2  9768.48  8430.17  9289.26  2457.71   2065.5  2248.29  741.183     1672   1711.5  615.158  656.484  348.188  467.326      475        0        0        0        0        0        0        0        0        0        0        0        0        0        0 
20  56273.2  9803.48  8465.17  9324.26  2492.71   2100.5  2283.29  776.183     1707   1746.5  650.158  691.484  383.188  502.326      510        0        0        0        0        0        0        0        0        0        0        0        0        0        0 
21  56478.2  10008.5  8670.17  9529.26  2697.71   2305.5  2488.29  981.183     1912   1951.5  855.158  896.484  588.188  707.326      715        0        0        0        0        0        0        0        0        0        0        0        0        0        0 
22  56518.2  10048.5  8710.17  9569.26  2737.71   2345.5  2528.29  1021.18     1952   1991.5  895.158  936.484  628.188  747.326      755        0        0        0        0        0        0        0        0        0        0        0        0        0        0 
23  56560.2  10090.5  8752.17  9611.26  2779.71   2387.5  2570.29  1063.18     1994   2033.5  937.158  978.484  670.188  789.326      797        0        0        0        0        0        0        0        0        0        0        0        0        0        0 
24  56605.2  10135.5  8797.17  9656.26  2824.71   2432.5  2615.29  1108.18     2039   2078.5  982.158  1023.48  715.188  834.326      842        0        0        0        0        0        0        0        0        0        0        0        0        0        0 
25  56648.2  10178.5  8840.17  9699.26  2867.71   2475.5  2658.29  1151.18     2082   2121.5  1025.16  1066.48  758.188  877.326      885        0        0        0        0        0        0        0        0        0        0        0        0        0        0 
26  56692.2  10222.5  8884.17  9743.26  2911.71   2519.5  2702.29  1195.18     2126   2165.5  1069.16  1110.48  802.188  921.326      929        0        0        0        0        0        0        0        0        0        0        0        0        0        0 
27  56748.2  10278.5  8940.17  9799.26  2967.71   2575.5  2758.29  1251.18     2182   2221.5  1125.16  1166.48  858.188  977.326      985        0        0        0        0        0        0        0        0        0        0        0        0        0        0 
28  56799.9  10330.1  8991.85  9850.94  3019.38  2627.17  2809.97  1302.86  2233.68  2273.17  1176.83  1218.16  909.862     1029        0        0        0        0        0        0        0        0        0        0        0        0        0        0        0 
29    56967  10497.3  9158.99  10018.1  3186.52  2794.31  2977.11  1469.99  2400.82  2440.31  1343.97   1385.3     1077        0        0        0        0        0        0        0        0        0        0        0        0        0        0        0        0 
30    57012  10542.3  9203.99  10063.1  3231.52  2839.31  3022.11  1514.99  2445.82  2485.31  1388.97   1430.3     1122        0        0        0        0        0        0        0        0        0        0        0        0        0        0        0        0 
31  56881.7    10412  9073.69  9932.78  3101.23  2709.02  2891.81   1384.7  2315.52  2355.01  1258.67     1300        0        0        0        0        0        0        0        0        0        0        0        0        0        0        0        0        0 
32  56927.7    10458  9119.69  9978.78  3147.23  2755.02  2937.81   1430.7  2361.52  2401.01  1304.67     1346        0        0        0        0        0        0        0        0        0        0        0        0        0        0        0        0        0 
33  56976.7    10507  9168.69  10027.8  3196.23  2804.02  2986.81   1479.7  2410.52  2450.01  1353.67     1395        0        0        0        0        0        0        0        0        0        0        0        0        0        0        0        0        0 
34  57024.7    10555  9216.69  10075.8  3244.23  2852.02  3034.81   1527.7  2458.52  2498.01  1401.67     1443        0        0        0        0        0        0        0        0        0        0        0        0        0        0        0        0        0 
35  57126.7    10657  9318.69  10177.8  3346.23  2954.02  3136.81   1629.7  2560.52  2600.01  1503.67     1545        0        0        0        0        0        0        0        0        0        0        0        0        0        0        0        0        0 
36    57221  10751.3  9413.02  10272.1  3440.55  3048.34  3231.14  1724.02  2654.85  2694.34     1598        0        0        0        0        0        0        0        0        0        0        0        0        0        0        0        0        0        0 
37  56245.7  9775.98  8437.68  9296.77  2465.21     2073   2255.8  748.687  1679.51     1719        0        0        0        0        0        0        0        0        0        0        0        0        0        0        0        0        0        0        0 
38  56300.3  9830.58  8492.28  9351.37  2519.81   2127.6   2310.4  803.287  1734.11   1773.6        0        0        0        0        0        0        0        0        0        0        0        0        0        0        0        0        0        0        0 
39  57544.7    11075  9736.68  10595.8  3764.21     3372   3554.8  2047.69  2978.51     3018        0        0        0        0        0        0        0        0        0        0        0        0        0        0        0        0        0        0        0 
40  57651.7    11182  9843.68  10702.8  3871.21     3479   3661.8  2154.69  3085.51     3125        0        0        0        0        0        0        0        0        0        0        0        0        0        0        0        0        0        0        0 
41  57764.7    11295  9956.68  10815.8  3984.21     3592   3774.8  2267.69  3198.51     3238        0        0        0        0        0        0        0        0        0        0        0        0        0        0        0        0        0        0        0 
42  57885.7    11416  10077.7  10936.8  4105.21     3713   3895.8  2388.69  3319.51     3359        0        0        0        0        0        0        0        0        0        0        0        0        0        0        0        0        0        0        0 
43  58002.7    11533  10194.7  11053.8  4222.21     3830   4012.8  2505.69  3436.51     3476        0        0        0        0        0        0        0        0        0        0        0        0        0        0        0        0        0        0        0 
44  58118.7    11649  10310.7  11169.8  4338.21     3946   4128.8  2621.69  3552.51     3592        0        0        0        0        0        0        0        0        0        0        0        0        0        0        0        0        0        0        0 
45  58286.7    11817  10478.7  11337.8  4506.21     4114   4296.8  2789.69  3720.51     3760        0        0        0        0        0        0        0        0        0        0        0        0        0        0        0        0        0        0        0 
46  58446.2  11976.5  10638.2  11497.3  4665.71  4273.49  4456.29  2949.18     3880        0        0        0        0        0        0        0        0        0        0        0        0        0        0        0        0        0        0        0        0 
47    59506  13036.3    11698  12557.1  5725.53  5333.32  5516.11     4009        0        0        0        0        0        0        0        0        0        0        0        0        0        0        0        0        0        0        0        0        0 
48    59628  13158.3    11820  12679.1  5847.53  5455.32  5638.11     4131        0        0        0        0        0        0        0        0        0        0        0        0        0        0        0        0        0        0        0        0        0 
49  58458.9  11989.2  10650.9    11510  4678.42   4286.2     4469        0        0        0        0        0        0        0        0        0        0        0        0        0        0        0        0        0        0        0        0        0        0 
50  58565.9  12096.2  10757.9    11617  4785.42   4393.2     4576        0        0        0        0        0        0        0        0        0        0        0        0        0        0        0        0        0        0        0        0        0        0 
51  58682.9  12213.2  10874.9    11734  4902.42   4510.2     4693        0        0        0        0        0        0        0        0        0        0        0        0        0        0        0        0        0        0        0        0        0        0 
52  58791.9  12322.2  10983.9    11843  5011.42   4619.2     4802        0        0        0        0        0        0        0        0        0        0        0        0        0        0        0        0        0        0        0        0        0        0 
53  59124.9  12655.2  11316.9    12176  5344.42   4952.2     5135        0        0        0        0        0        0        0        0        0        0        0        0        0        0        0        0        0        0        0        0        0        0 
54  59430.7    12961  11622.7  12481.8  5650.21     5258        0        0        0        0        0        0        0        0        0        0        0        0        0        0        0        0        0        0        0        0        0        0        0 
55  59274.5  12804.8  11466.5  12325.6     5494        0        0        0        0        0        0        0        0        0        0        0        0        0        0        0        0        0        0        0        0        0        0        0        0 
56  59391.5  12921.8  11583.5  12442.6     5611        0        0        0        0        0        0        0        0        0        0        0        0        0        0        0        0        0        0        0        0        0        0        0        0 
57  59443.9  12974.2  11635.9    12495        0        0        0        0        0        0        0        0        0        0        0        0        0        0        0        0        0        0        0        0        0        0        0        0        0 
58  59738.9  13269.2  11930.9    12790        0        0        0        0        0        0        0        0        0        0        0        0        0        0        0        0        0        0        0        0        0        0        0        0        0 
59  60064.9  13595.2  12256.9    13116        0        0        0        0        0        0        0        0        0        0        0        0        0        0        0        0        0        0        0        0        0        0        0        0        0 
60  60365.9  13896.2  12557.9    13417        0        0        0        0        0        0        0        0        0        0        0        0        0        0        0        0        0        0        0        0        0        0        0        0        0 
61  61587.9  15118.2  13779.9    14639        0        0        0        0        0        0        0        0        0        0        0        0        0        0        0        0        0        0        0        0        0        0        0        0        0 
62    62806  16336.3    14998        0        0        0        0        0        0        0        0        0        0        0        0        0        0        0        0        0        0        0        0        0        0        0        0        0        0 
63  61917.7    15448        0        0        0        0        0        0        0        0        0        0        0        0        0        0        0        0        0        0        0        0        0        0        0        0        0        0        0 
64  62215.5  15745.8        0        0        0        0        0        0        0        0        0        0        0        0        0        0        0        0        0        0        0        0        0        0        0        0        0        0        0 
65  63772.4        0        0        0        0        0        0        0        0        0        0        0        0        0        0        0        0        0        0        0        0        0        0        0        0        0        0        0        0 
66  65136.8        0        0        0        0        0        0        0        0        0        0        0        0        0        0        0        0        0        0        0        0        0        0        0        0        0        0        0        0 
