Q      1s      2s       2p       2p*      3s      3p        3p*      4s       3d       3d*      4p       4p*      5s       4d       4d*      5p       5p*      6s       4f       4f*      5d       5d*      6p       6p*      7s       5f       5f*      6d       6d*
 0  69968.5  12212.7  10297.2  11652.7  2874.43  2328.46  2626.12  625.569  1852.09  1916.16  451.796  521.496   94.123  267.642  280.724   50.043  60.3938  7.25693  49.1165  51.5416  8.81434  9.47035        0        0        0        0        0        0        0 
 1  69975.4  12219.6  10304.1  11659.6  2881.33  2335.36  2633.02  632.469  1858.98  1923.06  458.696  528.396  101.023  274.542  287.624  56.9427  67.2935  14.1566  56.0162  58.4413   15.714    16.37        0        0        0        0        0        0        0 
 2    69985  12229.2  10313.7  11669.2  2890.96  2344.99  2642.65  642.099  1868.61  1932.69  468.326  538.026  110.653  284.172  297.254  66.5727  76.9235  23.7866  65.6462  68.0713   25.344       26        0        0        0        0        0        0        0 
 3  69997.9  12242.1  10326.6  11682.1  2903.82  2357.85   2655.5  654.955  1881.47  1945.55  481.182  550.882  123.509  297.028   310.11  79.4287  89.7795  36.6426  78.5022  80.9273     38.2        0        0        0        0        0        0        0        0 
 4  69968.5  12212.7  10297.3  11652.7  2874.49  2328.52  2626.18  625.628  1852.14  1916.22  451.855  521.554  94.1814  267.701  280.782  50.1014  60.4522  7.31533  49.1749     51.6        0        0        0        0        0        0        0        0        0 
 5  69981.7  12225.9  10310.4  11665.9  2887.66  2341.69  2639.35  638.798  1865.31  1929.39  465.025  534.724  107.351  280.871  293.952  63.2714  73.6222  20.4853  62.3449    64.77        0        0        0        0        0        0        0        0        0 
 6  70038.9  12283.1  10367.7  11723.2   2944.9  2398.93  2696.59  696.038  1922.55  1986.63  522.265  591.964  164.591  338.111  351.192  120.511  130.862  77.7253  119.585   122.01        0        0        0        0        0        0        0        0        0 
 7  70058.1  12302.3  10386.9  11742.3  2964.09  2418.12  2715.78  715.228  1941.74  2005.82  541.455  611.154  183.781  357.301  370.382  139.701  150.052  96.9153  138.775    141.2        0        0        0        0        0        0        0        0        0 
 8  70077.1  12321.3  10405.9  11761.3  2983.09  2437.12  2734.78  734.228  1960.74  2024.82  560.455  630.154  202.781  376.301  389.382  158.701  169.052  115.915  157.775    160.2        0        0        0        0        0        0        0        0        0 
 9  70095.9  12340.1  10424.7  11780.1  3001.89  2455.92  2753.58  753.028  1979.54  2043.62  579.255  648.954  221.581  395.101  408.182  177.501  187.852  134.715  176.575      179        0        0        0        0        0        0        0        0        0 
10  70125.8    12370  10454.6    11810  3031.79  2485.82  2783.48  782.928  2009.44  2073.52  609.155  678.854  251.481  425.001  438.082  207.401  217.752  164.615  206.475    208.9        0        0        0        0        0        0        0        0        0 
11  70148.5  12392.7  10477.3  11832.7  3054.49  2508.52  2806.18  805.628  2032.14  2096.22  631.855  701.554  274.181  447.701  460.782  230.101  240.452  187.315  229.175    231.6        0        0        0        0        0        0        0        0        0 
12  70175.2  12419.4    10504  11859.4  3081.19  2535.22  2832.88  832.328  2058.84  2122.92  658.555  728.254  300.881  474.401  487.482  256.801  267.152  214.015  255.875    258.3        0        0        0        0        0        0        0        0        0 
13  70207.6  12451.8  10536.4  11891.8  3113.59  2567.62  2865.28  864.728  2091.24  2155.32  690.955  760.654  333.281  506.801  519.882  289.201  299.552  246.415  288.275    290.7        0        0        0        0        0        0        0        0        0 
14  70242.2  12486.4    10571  11926.4  3148.19  2602.22  2899.88  899.328  2125.84  2189.92  725.555  795.254  367.881  541.401  554.482  323.801  334.152  281.015  322.875    325.3        0        0        0        0        0        0        0        0        0 
15  70278.8    12523  10607.6    11963  3184.79  2638.82  2936.48  935.928  2162.44  2226.52  762.155  831.854  404.481  578.001  591.082  360.401  370.752  317.615  359.475    361.9        0        0        0        0        0        0        0        0        0 
16  70304.8    12549  10633.6    11989  3210.79  2664.82  2962.48  961.928  2188.44  2252.52  788.155  857.854  430.481  604.001  617.082  386.401  396.752  343.615  385.475    387.9        0        0        0        0        0        0        0        0        0 
17  70340.1  12584.3  10668.8  12024.3  3246.02  2700.05   2997.7  997.153  2223.67  2287.75   823.38  893.079  465.707  639.226  652.308  421.627  431.977   378.84    420.7        0        0        0        0        0        0        0        0        0        0 
18  70423.3  12667.5    10752  12107.5  3329.28  2783.31  3080.96  1080.41  2306.93  2371.01  906.639  976.339  548.966  722.485  735.567  504.886  515.237    462.1        0        0        0        0        0        0        0        0        0        0        0 
19  70463.8    12708  10792.5    12148  3369.78  2823.81  3121.46  1120.91  2347.43  2411.51  947.139  1016.84  589.466  762.985  776.067  545.386  555.737    502.6        0        0        0        0        0        0        0        0        0        0        0 
20  70451.5  12695.7  10780.2  12135.7  3357.44  2811.47  3109.12  1108.58  2335.09  2399.17  934.803   1004.5  577.129  750.648   763.73  533.049    543.4        0        0        0        0        0        0        0        0        0        0        0        0 
21  70502.6  12746.8  10831.3  12186.8  3408.54  2862.57  3160.22  1159.68  2386.19  2450.27  985.903   1055.6  628.229  801.748   814.83  584.149    594.5        0        0        0        0        0        0        0        0        0        0        0        0 
22  70548.7  12792.9  10877.4  12232.9  3454.64  2908.67  3206.32  1205.78  2432.29  2496.37     1032   1101.7  674.329  847.848   860.93  630.249    640.6        0        0        0        0        0        0        0        0        0        0        0        0 
23  70593.7  12837.9  10922.4  12277.9  3499.64  2953.67  3251.32  1250.78  2477.29  2541.37     1077   1146.7  719.329  892.848   905.93  675.249    685.6        0        0        0        0        0        0        0        0        0        0        0        0 
24  70642.2  12886.4  10970.9  12326.4  3548.14  3002.17  3299.82  1299.28  2525.79  2589.87   1125.5   1195.2  767.829  941.348   954.43  723.749    734.1        0        0        0        0        0        0        0        0        0        0        0        0 
25  70702.8    12947  11031.6    12387  3608.79  3062.82  3360.48  1359.93  2586.44  2650.52  1186.15  1255.85   828.48     1002  1015.08    784.4        0        0        0        0        0        0        0        0        0        0        0        0        0 
26  70521.1  12765.3  10849.9  12205.4  3427.11  2881.14  3178.79  1178.25  2404.76  2468.84  1004.47  1074.17  646.799  820.318    833.4        0        0        0        0        0        0        0        0        0        0        0        0        0        0 
27  70569.1  12813.3  10897.9  12253.4  3475.11  2929.14  3226.79  1226.25  2452.76  2516.84  1052.47  1122.17  694.799  868.318    881.4        0        0        0        0        0        0        0        0        0        0        0        0        0        0 
28  70819.9  13064.1  11148.7  12504.2  3725.91  3179.94  3477.59  1477.05  2703.56  2767.64  1303.27  1372.97  945.599  1119.12   1132.2        0        0        0        0        0        0        0        0        0        0        0        0        0        0 
29  70867.7  13111.9  11196.5    12552  3773.71  3227.74  3525.39  1524.85  2751.36  2815.44  1351.07  1420.77  993.399  1166.92     1180        0        0        0        0        0        0        0        0        0        0        0        0        0        0 
30  70918.1  13162.3  11246.9  12602.4  3824.11  3278.14  3575.79  1575.25  2801.76  2865.84  1401.47  1471.17   1043.8  1217.32   1230.4        0        0        0        0        0        0        0        0        0        0        0        0        0        0 
31  70971.1  13215.3  11299.9  12655.4  3877.11  3331.14  3628.79  1628.25  2854.76  2918.84  1454.47  1524.17   1096.8  1270.32   1283.4        0        0        0        0        0        0        0        0        0        0        0        0        0        0 
32  71022.8    13267  11351.6  12707.1  3928.81  3382.84  3680.49  1679.95  2906.46  2970.54  1506.17  1575.87   1148.5  1322.02   1335.1        0        0        0        0        0        0        0        0        0        0        0        0        0        0 
33  71074.5  13318.7  11403.3  12758.8  3980.51  3434.54  3732.19  1731.65  2958.16  3022.24  1557.87  1627.57   1200.2  1373.72   1386.8        0        0        0        0        0        0        0        0        0        0        0        0        0        0 
34  71147.6  13391.8  11476.4  12831.9  4053.61  3507.64  3805.29  1804.75  3031.26  3095.34  1630.97  1700.67   1273.3  1446.82   1459.9        0        0        0        0        0        0        0        0        0        0        0        0        0        0 
35  71213.2  13457.4    11542  12897.4  4119.19  3573.22  3870.88  1870.33  3096.84  3160.92  1696.55  1766.25  1338.88   1512.4        0        0        0        0        0        0        0        0        0        0        0        0        0        0        0 
36  71443.5  13687.6  11772.2  13127.7  4349.41  3803.44   4101.1  2100.55  3327.06  3391.14  1926.77  1996.47   1569.1        0        0        0        0        0        0        0        0        0        0        0        0        0        0        0        0 
37  71496.1  13740.2  11824.8  13180.3  4402.01  3856.04   4153.7  2153.15  3379.66  3443.74  1979.37  2049.07   1621.7        0        0        0        0        0        0        0        0        0        0        0        0        0        0        0        0 
38  71276.8    13521  11605.5    12961  4182.74  3636.77  3934.42  1933.87  3160.39  3224.47   1760.1   1829.8        0        0        0        0        0        0        0        0        0        0        0        0        0        0        0        0        0 
39  71329.9  13574.1  11658.6  13014.1  4235.84  3689.87  3987.52  1986.97  3213.49  3277.57   1813.2   1882.9        0        0        0        0        0        0        0        0        0        0        0        0        0        0        0        0        0 
40  71387.6  13631.8  11716.3  13071.8  4293.54  3747.57  4045.22  2044.67  3271.19  3335.27   1870.9   1940.6        0        0        0        0        0        0        0        0        0        0        0        0        0        0        0        0        0 
41  71441.8    13686  11770.5    13126  4347.74  3801.77  4099.42  2098.87  3325.39  3389.47   1925.1   1994.8        0        0        0        0        0        0        0        0        0        0        0        0        0        0        0        0        0 
42  71596.1  13840.3  11924.8  13280.3  4502.04  3956.07  4253.72  2253.17  3479.69  3543.77   2079.4   2149.1        0        0        0        0        0        0        0        0        0        0        0        0        0        0        0        0        0 
43  71726.7  13970.9  12055.4  13410.9  4632.64  4086.67  4384.32  2383.77  3610.29  3674.37     2210        0        0        0        0        0        0        0        0        0        0        0        0        0        0        0        0        0        0 
44  70406.8    12651  10735.5    12091  3312.77   2766.8  3064.45  1063.91  2290.42   2354.5        0        0        0        0        0        0        0        0        0        0        0        0        0        0        0        0        0        0        0 
45  70466.4  12710.6  10795.1  12150.6  3372.37   2826.4  3124.05  1123.51  2350.02   2414.1        0        0        0        0        0        0        0        0        0        0        0        0        0        0        0        0        0        0        0 
46  72109.3  14353.5    12438  13793.5  5015.27   4469.3  4766.95  2766.41  3992.92     4057        0        0        0        0        0        0        0        0        0        0        0        0        0        0        0        0        0        0        0 
47  72232.3  14476.5    12561  13916.5  5138.27   4592.3  4889.95  2889.41  4115.92     4180        0        0        0        0        0        0        0        0        0        0        0        0        0        0        0        0        0        0        0 
48  72361.3  14605.5    12690  14045.5  5267.27   4721.3  5018.95  3018.41  4244.92     4309        0        0        0        0        0        0        0        0        0        0        0        0        0        0        0        0        0        0        0 
49  72498.3  14742.5    12827  14182.5  5404.27   4858.3  5155.95  3155.41  4381.92     4446        0        0        0        0        0        0        0        0        0        0        0        0        0        0        0        0        0        0        0 
50  72630.3  14874.5    12959  14314.5  5536.27   4990.3  5287.95  3287.41  4513.92     4578        0        0        0        0        0        0        0        0        0        0        0        0        0        0        0        0        0        0        0 
51  72761.3  15005.5    13090  14445.5  5667.27   5121.3  5418.95  3418.41  4644.92     4709        0        0        0        0        0        0        0        0        0        0        0        0        0        0        0        0        0        0        0 
52  72979.3  15223.5    13308  14663.5  5885.27   5339.3  5636.95  3636.41  4862.92     4927        0        0        0        0        0        0        0        0        0        0        0        0        0        0        0        0        0        0        0 
53  73179.4  15423.6  13508.1  14863.6  6085.35  5539.38  5837.03  3836.48     5063        0        0        0        0        0        0        0        0        0        0        0        0        0        0        0        0        0        0        0        0 
54  74551.9  16796.1  14880.6  16236.1  7457.86   6911.9  7209.55     5209        0        0        0        0        0        0        0        0        0        0        0        0        0        0        0        0        0        0        0        0        0 
55  74690.9  16935.1  15019.6  16375.1  7596.86   7050.9  7348.55     5348        0        0        0        0        0        0        0        0        0        0        0        0        0        0        0        0        0        0        0        0        0 
56  73061.4  15305.6  13390.1  14745.6  5967.32  5421.35     5719        0        0        0        0        0        0        0        0        0        0        0        0        0        0        0        0        0        0        0        0        0        0 
57  73182.4  15426.6  13511.1  14866.6  6088.32  5542.35     5840        0        0        0        0        0        0        0        0        0        0        0        0        0        0        0        0        0        0        0        0        0        0 
58  73312.4  15556.6  13641.1  14996.6  6218.32  5672.35     5970        0        0        0        0        0        0        0        0        0        0        0        0        0        0        0        0        0        0        0        0        0        0 
59  73435.4  15679.6  13764.1  15119.6  6341.32  5795.35     6093        0        0        0        0        0        0        0        0        0        0        0        0        0        0        0        0        0        0        0        0        0        0 
60  73938.4  16182.6  14267.1  15622.6  6844.32  6298.35     6596        0        0        0        0        0        0        0        0        0        0        0        0        0        0        0        0        0        0        0        0        0        0 
61    74375  16619.2  14703.7  16059.2  7280.97     6735        0        0        0        0        0        0        0        0        0        0        0        0        0        0        0        0        0        0        0        0        0        0        0 
62    74094  16338.2  14422.8  15778.3     7000        0        0        0        0        0        0        0        0        0        0        0        0        0        0        0        0        0        0        0        0        0        0        0        0 
63    74224  16468.2  14552.8  15908.3     7130        0        0        0        0        0        0        0        0        0        0        0        0        0        0        0        0        0        0        0        0        0        0        0        0 
64  73881.8    16126  14210.5    15566        0        0        0        0        0        0        0        0        0        0        0        0        0        0        0        0        0        0        0        0        0        0        0        0        0 
65  74211.8    16456  14540.5    15896        0        0        0        0        0        0        0        0        0        0        0        0        0        0        0        0        0        0        0        0        0        0        0        0        0 
66  74567.8    16812  14896.5    16252        0        0        0        0        0        0        0        0        0        0        0        0        0        0        0        0        0        0        0        0        0        0        0        0        0 
67  74903.8    17148  15232.5    16588        0        0        0        0        0        0        0        0        0        0        0        0        0        0        0        0        0        0        0        0        0        0        0        0        0 
68  76791.8    19036  17120.5    18476        0        0        0        0        0        0        0        0        0        0        0        0        0        0        0        0        0        0        0        0        0        0        0        0        0 
69  78543.3  20787.5    18872        0        0        0        0        0        0        0        0        0        0        0        0        0        0        0        0        0        0        0        0        0        0        0        0        0        0 
70  77117.8    19362        0        0        0        0        0        0        0        0        0        0        0        0        0        0        0        0        0        0        0        0        0        0        0        0        0        0        0 
71  77442.5  19686.7        0        0        0        0        0        0        0        0        0        0        0        0        0        0        0        0        0        0        0        0        0        0        0        0        0        0        0 
72  79181.9        0        0        0        0        0        0        0        0        0        0        0        0        0        0        0        0        0        0        0        0        0        0        0        0        0        0        0        0 
73  80755.6        0        0        0        0        0        0        0        0        0        0        0        0        0        0        0        0        0        0        0        0        0        0        0        0        0        0        0        0 
