Q      1s      2s       2p       2p*      3s      3p        3p*      4s       3d       3d*      4p       4p*      5s       4d       4d*      5p       5p*      6s       4f       4f*      5d       5d*      6p       6p*      7s       5f       5f*      6d       6d*
 0  91141.9  16527.9    13527  15850.1  4062.47  3231.25  3757.91  972.362  2627.41  2738.07  707.509  838.989  181.941  465.707  490.528  108.218  133.597  18.6722  176.767  182.445  34.5843  37.8088  7.10705  9.21067        0        0        0        0        0 
 1  91149.4  16535.4  13534.5  15857.6  4069.96  3238.75   3765.4  979.854   2634.9  2745.56  715.002  846.481  189.434  473.199  498.021   115.71  141.089  26.1645  184.259  189.938  42.0766  45.3011  14.5994   16.703        0        0        0        0        0 
 2  91160.3  16546.3  13545.5  15868.6  4080.93  3249.72  3776.37  990.826  2645.87  2756.53  725.973  857.453  200.405  484.171  508.992  126.682  152.061  37.1359  195.231  200.909   53.048  56.2725  25.5708        0        0        0        0        0        0 
 3  91149.4  16535.4  13534.6  15857.7  4070.03  3238.82  3765.47  979.923  2634.97  2745.63  715.071   846.55  189.503  473.268  498.089  115.779  141.158  26.2334  184.328  190.007  42.1456    45.37        0        0        0        0        0        0        0 
 4  91158.9  16544.9  13544.1  15867.1  4079.52   3248.3  3774.95  989.409  2644.45  2755.12  724.557  856.036  198.989  482.754  507.575  125.265  150.644  35.7194  193.814  199.493  51.6316   54.856        0        0        0        0        0        0        0 
 5  91192.5  16578.5  13577.6  15900.7  4113.06  3281.85   3808.5  1022.95     2678  2788.66  758.101   889.58  232.533  516.298  541.119  158.809  184.188  69.2634  227.358  233.037  85.1756     88.4        0        0        0        0        0        0        0 
 6  91207.1  16593.1  13592.2  15915.3  4127.66  3296.45   3823.1  1037.55   2692.6  2803.26  772.701   904.18  247.133  530.898  555.719  173.409  198.788  83.8634  241.958  247.637  99.7756      103        0        0        0        0        0        0        0 
 7  91226.1  16612.1  13611.2  15934.3  4146.66  3315.45   3842.1  1056.55   2711.6  2822.26  791.701   923.18  266.133  549.898  574.719  192.409  217.788  102.863  260.958  266.637  118.776      122        0        0        0        0        0        0        0 
 8  91247.1  16633.1  13632.2  15955.3  4167.66  3336.45   3863.1  1077.55   2732.6  2843.26  812.701   944.18  287.133  570.898  595.719  213.409  238.788  123.863  281.958  287.637  139.776      143        0        0        0        0        0        0        0 
 9  91265.2  16651.2  13650.3  15973.4  4185.76  3354.55   3881.2  1095.65   2750.7  2861.36  830.801   962.28  305.233  588.998  613.819  231.509  256.888  141.963  300.058  305.737  157.876    161.1        0        0        0        0        0        0        0 
10  91287.1  16673.1  13672.2  15995.3  4207.66  3376.45   3903.1  1117.55   2772.6  2883.26  852.701   984.18  327.133  610.898  635.719  253.409  278.788  163.863  321.958  327.637  179.776      183        0        0        0        0        0        0        0 
11  91312.1  16698.1  13697.2  16020.3  4232.66  3401.45   3928.1  1142.55   2797.6  2908.26  877.701  1009.18  352.133  635.898  660.719  278.409  303.788  188.863  346.958  352.637  204.776      208        0        0        0        0        0        0        0 
12  91336.3  16722.3  13721.4  16044.5  4256.89  3425.67  3952.32  1166.78  2821.82  2932.49  901.925   1033.4  376.357  660.123  684.944  302.634  328.013  213.088  371.183  376.861      229        0        0        0        0        0        0        0        0 
13  91211.4  16597.4  13596.6  15919.7  4132.02  3300.81  3827.46  1041.92  2696.96  2807.62  777.064  908.543  251.496  535.261  560.083  177.772  203.151  88.2267  246.322      252        0        0        0        0        0        0        0        0        0 
14    91232    16618  13617.2  15940.3  4152.62  3321.41  3848.06  1062.52  2717.56  2828.22  797.664  929.143  272.096  555.861  580.683  198.372  223.751  108.827  266.922    272.6        0        0        0        0        0        0        0        0        0 
15  91329.6  16715.6  13714.8  16037.9  4250.22  3419.01  3945.66  1160.12  2815.16  2925.82  895.264  1026.74  369.696  653.461  678.283  295.972  321.351  206.427  364.522    370.2        0        0        0        0        0        0        0        0        0 
16  91368.4  16754.4  13753.6  16076.7  4289.02  3457.81  3984.46  1198.92  2853.96  2964.62  934.064  1065.54  408.496  692.261  717.083  334.772  360.151  245.227  403.322      409        0        0        0        0        0        0        0        0        0 
17  91395.4  16781.4  13780.6  16103.7  4316.02  3484.81  4011.46  1225.92  2880.96  2991.62  961.064  1092.54  435.496  719.261  744.083  361.772  387.151  272.227  430.322      436        0        0        0        0        0        0        0        0        0 
18  91423.4  16809.4  13808.6  16131.7  4344.02  3512.81  4039.46  1253.92  2908.96  3019.62  989.064  1120.54  463.496  747.261  772.083  389.772  415.151  300.227  458.322      464        0        0        0        0        0        0        0        0        0 
19  91479.4  16865.4  13864.6  16187.7  4400.02  3568.81  4095.46  1309.92  2964.96  3075.62  1045.06  1176.54  519.496  803.261  828.083  445.772  471.151  356.227  514.322      520        0        0        0        0        0        0        0        0        0 
20  91509.4  16895.4  13894.6  16217.7  4430.02  3598.81  4125.46  1339.92  2994.96  3105.62  1075.06  1206.54  549.496  833.261  858.083  475.772  501.151  386.227  544.322      550        0        0        0        0        0        0        0        0        0 
21  91579.4  16965.4  13964.6  16287.7  4500.02  3668.81  4195.46  1409.92  3064.96  3175.62  1145.06  1276.54  619.496  903.261  928.083  545.772  571.151  456.227  614.322      620        0        0        0        0        0        0        0        0        0 
22  91619.4  17005.4  14004.6  16327.7  4540.02  3708.81  4235.46  1449.92  3104.96  3215.62  1185.06  1316.54  659.496  943.261  968.083  585.772  611.151  496.227  654.322      660        0        0        0        0        0        0        0        0        0 
23  91649.4  17035.4  14034.6  16357.7  4570.02  3738.81  4265.46  1479.92  3134.96  3245.62  1215.06  1346.54  689.496  973.261  998.083  615.772  641.151  526.227  684.322      690        0        0        0        0        0        0        0        0        0 
24  91709.4  17095.4  14094.6  16417.7  4630.02  3798.81  4325.46  1539.92  3194.96  3305.62  1275.06  1406.54  749.496  1033.26  1058.08  675.772  701.151  586.227  744.322      750        0        0        0        0        0        0        0        0        0 
25  91769.4  17155.4  14154.6  16477.7  4690.02  3858.81  4385.46  1599.92  3254.96  3365.62  1335.06  1466.54  809.496  1093.26  1118.08  735.772  761.151  646.227  804.322      810        0        0        0        0        0        0        0        0        0 
26  91835.1  17221.1  14220.2  16543.3   4755.7  3924.49  4451.14  1665.59  3320.64   3431.3  1400.74  1532.22  875.174  1158.94  1183.76  801.451   826.83  711.905      870        0        0        0        0        0        0        0        0        0        0 
27  92053.2  17439.2  14438.3  16761.4   4973.8  4142.58  4669.23  1883.69  3538.73   3649.4  1618.84  1750.32  1093.27  1377.03  1401.86  1019.55  1044.92      930        0        0        0        0        0        0        0        0        0        0        0 
28  92113.2  17499.2  14498.3  16821.4   5033.8  4202.58  4729.23  1943.69  3598.73   3709.4  1678.84  1810.32  1153.27  1437.03  1461.86  1079.55  1104.92      990        0        0        0        0        0        0        0        0        0        0        0 
29  92068.3  17454.3  14453.4  16776.5  4988.87  4157.66  4684.31  1898.77  3553.81  3664.47  1633.91  1765.39  1108.34  1392.11  1416.93  1034.62     1060        0        0        0        0        0        0        0        0        0        0        0        0 
30  92128.3  17514.3  14513.4  16836.5  5048.87  4217.66  4744.31  1958.77  3613.81  3724.47  1693.91  1825.39  1168.34  1452.11  1476.93  1094.62     1120        0        0        0        0        0        0        0        0        0        0        0        0 
31  92188.3  17574.3  14573.4  16896.5  5108.87  4277.66  4804.31  2018.77  3673.81  3784.47  1753.91  1885.39  1228.34  1512.11  1536.93  1154.62     1180        0        0        0        0        0        0        0        0        0        0        0        0 
32  92258.3  17644.3  14643.4  16966.5  5178.87  4347.66  4874.31  2088.77  3743.81  3854.47  1823.91  1955.39  1298.34  1582.11  1606.93  1224.62     1250        0        0        0        0        0        0        0        0        0        0        0        0 
33  92318.3  17704.3  14703.4  17026.5  5238.87  4407.66  4934.31  2148.77  3803.81  3914.47  1883.91  2015.39  1358.34  1642.11  1666.93  1284.62     1310        0        0        0        0        0        0        0        0        0        0        0        0 
34  92413.7  17799.7  14798.8  17121.9  5334.25  4503.04  5029.69  2244.14  3899.19  4009.85  1979.29  2110.77  1453.72  1737.49  1762.31     1380        0        0        0        0        0        0        0        0        0        0        0        0        0 
35  92091.3  17477.3  14476.5  16799.6  5011.94  4180.73  4707.38  1921.83  3576.88  3687.54  1656.98  1788.46  1131.41  1415.18     1440        0        0        0        0        0        0        0        0        0        0        0        0        0        0 
36  92151.3  17537.3  14536.5  16859.6  5071.94  4240.73  4767.38  1981.83  3636.88  3747.54  1716.98  1848.46  1191.41  1475.18     1500        0        0        0        0        0        0        0        0        0        0        0        0        0        0 
37  92435.3  17821.3  14820.5  17143.6  5355.94  4524.73  5051.38  2265.83  3920.88  4031.54  2000.98  2132.46  1475.41  1759.18     1784        0        0        0        0        0        0        0        0        0        0        0        0        0        0 
38  92491.3  17877.3  14876.5  17199.6  5411.94  4580.73  5107.38  2321.83  3976.88  4087.54  2056.98  2188.46  1531.41  1815.18     1840        0        0        0        0        0        0        0        0        0        0        0        0        0        0 
39  92553.3  17939.3  14938.5  17261.6  5473.94  4642.73  5169.38  2383.83  4038.88  4149.54  2118.98  2250.46  1593.41  1877.18     1902        0        0        0        0        0        0        0        0        0        0        0        0        0        0 
40  92618.3  18004.3  15003.5  17326.6  5538.94  4707.73  5234.38  2448.83  4103.88  4214.54  2183.98  2315.46  1658.41  1942.18     1967        0        0        0        0        0        0        0        0        0        0        0        0        0        0 
41  92680.3  18066.3  15065.5  17388.6  5600.94  4769.73  5296.38  2510.83  4165.88  4276.54  2245.98  2377.46  1720.41  2004.18     2029        0        0        0        0        0        0        0        0        0        0        0        0        0        0 
42  92741.3  18127.3  15126.5  17449.6  5661.94  4830.73  5357.38  2571.83  4226.88  4337.54  2306.98  2438.46  1781.41  2065.18     2090        0        0        0        0        0        0        0        0        0        0        0        0        0        0 
43  92841.3  18227.3  15226.5  17549.6  5761.94  4930.73  5457.38  2671.83  4326.88  4437.54  2406.98  2538.46  1881.41  2165.18     2190        0        0        0        0        0        0        0        0        0        0        0        0        0        0 
44  92929.2  18315.2  15314.3  17637.4  5849.76  5018.55   5545.2  2759.66   4414.7  4525.36   2494.8  2626.28  1969.23     2253        0        0        0        0        0        0        0        0        0        0        0        0        0        0        0 
45  93280.9  18666.9  15666.1  17989.2  6201.53  5370.31  5896.96  3111.42  4766.46  4877.13  2846.57  2978.05     2321        0        0        0        0        0        0        0        0        0        0        0        0        0        0        0        0 
46  93344.9  18730.9  15730.1  18053.2  6265.53  5434.31  5960.96  3175.42  4830.46  4941.13  2910.57  3042.05     2385        0        0        0        0        0        0        0        0        0        0        0        0        0        0        0        0 
47  92943.9  18329.9    15329  17652.1  5864.48  5033.27  5559.92  2774.37  4429.42  4540.08  2509.52     2641        0        0        0        0        0        0        0        0        0        0        0        0        0        0        0        0        0 
48  93005.9  18391.9    15391  17714.1  5926.48  5095.27  5621.92  2836.37  4491.42  4602.08  2571.52     2703        0        0        0        0        0        0        0        0        0        0        0        0        0        0        0        0        0 
49  93073.9  18459.9    15459  17782.1  5994.48  5163.27  5689.92  2904.37  4559.42  4670.08  2639.52     2771        0        0        0        0        0        0        0        0        0        0        0        0        0        0        0        0        0 
50  93137.9  18523.9    15523  17846.1  6058.48  5227.27  5753.92  2968.37  4623.42  4734.08  2703.52     2835        0        0        0        0        0        0        0        0        0        0        0        0        0        0        0        0        0 
51  93380.9  18766.9    15766  18089.1  6301.48  5470.27  5996.92  3211.37  4866.42  4977.08  2946.52     3078        0        0        0        0        0        0        0        0        0        0        0        0        0        0        0        0        0 
52  93585.4  18971.4  15970.5  18293.6  6505.96  5674.74   6201.4  3415.85   5070.9  5181.56     3151        0        0        0        0        0        0        0        0        0        0        0        0        0        0        0        0        0        0 
53  91732.8  17118.8  14117.9    16441   4653.4  3822.18  4348.84  1563.29  3218.34     3329        0        0        0        0        0        0        0        0        0        0        0        0        0        0        0        0        0        0        0 
54  91805.6  17191.6  14190.7  16513.8   4726.2  3894.98  4421.64  1636.09  3291.14   3401.8        0        0        0        0        0        0        0        0        0        0        0        0        0        0        0        0        0        0        0 
55  94002.8  19388.8  16387.9    18711   6923.4  6092.18  6618.84  3833.29  5488.34     5599        0        0        0        0        0        0        0        0        0        0        0        0        0        0        0        0        0        0        0 
56  94143.8  19529.8  16528.9    18852   7064.4  6233.18  6759.84  3974.29  5629.34     5740        0        0        0        0        0        0        0        0        0        0        0        0        0        0        0        0        0        0        0 
57  94295.8  19681.8  16680.9    19004   7216.4  6385.18  6911.84  4126.29  5781.34     5892        0        0        0        0        0        0        0        0        0        0        0        0        0        0        0        0        0        0        0 
58  94457.8  19843.8  16842.9    19166   7378.4  6547.18  7073.84  4288.29  5943.34     6054        0        0        0        0        0        0        0        0        0        0        0        0        0        0        0        0        0        0        0 
59  94611.8  19997.8  16996.9    19320   7532.4  6701.18  7227.84  4442.29  6097.34     6208        0        0        0        0        0        0        0        0        0        0        0        0        0        0        0        0        0        0        0 
60  94761.8  20147.8  17146.9    19470   7682.4  6851.18  7377.84  4592.29  6247.34     6358        0        0        0        0        0        0        0        0        0        0        0        0        0        0        0        0        0        0        0 
61  95051.8  20437.8  17436.9    19760   7972.4  7141.18  7667.84  4882.29  6537.34     6648        0        0        0        0        0        0        0        0        0        0        0        0        0        0        0        0        0        0        0 
62  95318.5  20704.5  17703.6  20026.7  8239.06  7407.85   7934.5  5148.96     6804        0        0        0        0        0        0        0        0        0        0        0        0        0        0        0        0        0        0        0        0 
63  97146.5  22532.5  19531.6  21854.7  10067.1  9235.89  9762.54     6977        0        0        0        0        0        0        0        0        0        0        0        0        0        0        0        0        0        0        0        0        0 
64  97306.5  22692.5  19691.6  22014.7  10227.1  9395.89  9922.54     7137        0        0        0        0        0        0        0        0        0        0        0        0        0        0        0        0        0        0        0        0        0 
65    94964    20350  17349.1  19672.2  7884.56  7053.35     7580        0        0        0        0        0        0        0        0        0        0        0        0        0        0        0        0        0        0        0        0        0        0 
66    95104    20490  17489.1  19812.2  8024.56  7193.35     7720        0        0        0        0        0        0        0        0        0        0        0        0        0        0        0        0        0        0        0        0        0        0 
67    95254    20640  17639.1  19962.2  8174.56  7343.35     7870        0        0        0        0        0        0        0        0        0        0        0        0        0        0        0        0        0        0        0        0        0        0 
68    95394    20780  17779.1  20102.2  8314.56  7483.35     8010        0        0        0        0        0        0        0        0        0        0        0        0        0        0        0        0        0        0        0        0        0        0 
69    96164    21550  18549.1  20872.2  9084.56  8253.35     8780        0        0        0        0        0        0        0        0        0        0        0        0        0        0        0        0        0        0        0        0        0        0 
70  96860.6  22246.6  19245.8  21568.8  9781.22     8950        0        0        0        0        0        0        0        0        0        0        0        0        0        0        0        0        0        0        0        0        0        0        0 
71  96349.4  21735.4  18734.5  21057.6     9270        0        0        0        0        0        0        0        0        0        0        0        0        0        0        0        0        0        0        0        0        0        0        0        0 
72  96509.4  21895.4  18894.5  21217.6     9430        0        0        0        0        0        0        0        0        0        0        0        0        0        0        0        0        0        0        0        0        0        0        0        0 
73  95421.8  20807.8  17806.9    20130        0        0        0        0        0        0        0        0        0        0        0        0        0        0        0        0        0        0        0        0        0        0        0        0        0 
74  95791.8  21177.8  18176.9    20500        0        0        0        0        0        0        0        0        0        0        0        0        0        0        0        0        0        0        0        0        0        0        0        0        0 
75  96211.8  21597.8  18596.9    20920        0        0        0        0        0        0        0        0        0        0        0        0        0        0        0        0        0        0        0        0        0        0        0        0        0 
76  96591.8  21977.8  18976.9    21300        0        0        0        0        0        0        0        0        0        0        0        0        0        0        0        0        0        0        0        0        0        0        0        0        0 
77  99441.8  24827.8  21826.9    24150        0        0        0        0        0        0        0        0        0        0        0        0        0        0        0        0        0        0        0        0        0        0        0        0        0 
78   102255  27640.9    24640        0        0        0        0        0        0        0        0        0        0        0        0        0        0        0        0        0        0        0        0        0        0        0        0        0        0 
79    99874    25260        0        0        0        0        0        0        0        0        0        0        0        0        0        0        0        0        0        0        0        0        0        0        0        0        0        0        0 
80   100271  25656.9        0        0        0        0        0        0        0        0        0        0        0        0        0        0        0        0        0        0        0        0        0        0        0        0        0        0        0 
81   102252        0        0        0        0        0        0        0        0        0        0        0        0        0        0        0        0        0        0        0        0        0        0        0        0        0        0        0        0 
82   104133        0        0        0        0        0        0        0        0        0        0        0        0        0        0        0        0        0        0        0        0        0        0        0        0        0        0        0        0 
