Q      1s      2s       2p       2p*      3s      3p        3p*      4s       3d       3d*      4p       4p*      5s       4d       4d*      5p       5p*      6s       4f       4f*      5d       5d*      6p       6p*      7s       5f       5f*      6d       6d*
 0  96384.2  17628.8  14318.9  16922.5  4376.43  3464.42  4058.39  1072.05  2828.63  2952.45  781.316  931.595  212.737  525.217  553.523  129.736  160.366  25.5282  220.137   226.82  47.9167  52.0981   9.3277   12.803        0        0        0        0        0 
 1  96389.3  17633.9    14324  16927.6  4381.51   3469.5  4063.47  1077.13  2833.71  2957.53  786.393  936.672  217.814  530.294    558.6  134.813  165.443  30.6051  225.214  231.897  52.9937   57.175  14.4047    17.88        0        0        0        0        0 
 2    96398  17642.6  14332.7  16936.3  4390.21   3478.2  4072.17  1085.83  2842.41  2966.23  795.093  945.372  226.514  538.994    567.3  143.513  174.143  39.3051  233.914  240.597  61.6937   65.875  23.1047    26.58        0        0        0        0        0 
 3  96411.1  17655.6  14345.7  16949.3  4403.28  3491.27  4085.24   1098.9  2855.48   2979.3  808.163  958.442  239.584  552.064   580.37  156.583  187.213  52.3751  246.984  253.667  74.7637   78.945  36.1747    39.65        0        0        0        0        0 
 4  96425.3  17669.8    14360  16963.6   4417.5  3505.48  4099.45  1113.12  2869.69  2993.51  822.379  972.657    253.8   566.28  594.586  170.799  201.428  66.5905    261.2  267.882   88.979  93.1604    50.39        0        0        0        0        0        0 
 5  96404.1  17648.7  14338.8  16942.4  4396.34  3484.32  4078.29  1091.96  2848.53  2972.35  801.218  951.497  232.639  545.119  573.425  149.638  180.268  45.4301  240.039  246.722  67.8186       72        0        0        0        0        0        0        0 
 6  96417.2  17661.8  14351.9  16955.5  4409.44  3497.42  4091.39  1105.06  2861.63  2985.45  814.318  964.597  245.739  558.219  586.525  162.738  193.368  58.5301  253.139  259.822  80.9186     85.1        0        0        0        0        0        0        0 
 7  96462.2  17706.8  14396.9  17000.5  4454.44  3542.42  4136.39  1150.06  2906.63  3030.45  859.318   1009.6  290.739  603.219  631.525  207.738  238.368   103.53  298.139  304.822  125.919    130.1        0        0        0        0        0        0        0 
 8  96481.1  17725.7  14415.8  17019.4  4473.34  3561.32  4155.29  1168.96  2925.53  3049.35  878.218   1028.5  309.639  622.119  650.425  226.638  257.268   122.43  317.039  323.722  144.819      149        0        0        0        0        0        0        0 
 9  96501.1  17745.7  14435.8  17039.4  4493.34  3581.32  4175.29  1188.96  2945.53  3069.35  898.218   1048.5  329.639  642.119  670.425  246.638  277.268   142.43  337.039  343.722  164.819      169        0        0        0        0        0        0        0 
10  96524.2  17768.8  14458.9  17062.5  4516.44  3604.42  4198.39  1212.06  2968.63  3092.45  921.318   1071.6  352.739  665.219  693.525  269.738  300.368   165.53  360.139  366.822  187.919    192.1        0        0        0        0        0        0        0 
11  96544.1  17788.7  14478.8  17082.4  4536.34  3624.32  4218.29  1231.96  2988.53  3112.35  941.218   1091.5  372.639  685.119  713.425  289.638  320.268   185.43  380.039  386.722  207.819      212        0        0        0        0        0        0        0 
12  96568.1  17812.7  14502.8  17106.4  4560.34  3648.32  4242.29  1255.96  3012.53  3136.35  965.218   1115.5  396.639  709.119  737.425  313.638  344.268   209.43  404.039  410.722  231.819      236        0        0        0        0        0        0        0 
13  96595.1  17839.7  14529.8  17133.4  4587.34  3675.32  4269.29  1282.96  3039.53  3163.35  992.218   1142.5  423.639  736.119  764.425  340.638  371.268   236.43  431.039  437.722  258.819      263        0        0        0        0        0        0        0 
14  96623.3  17867.9    14558  17161.6  4615.52   3703.5  4297.47  1311.14  3067.71  3191.53   1020.4  1170.68  451.821  764.301  792.607   368.82  399.449  264.611  459.221  465.903      287        0        0        0        0        0        0        0        0 
15  96468.4    17713  14403.1  17006.7  4460.61   3548.6  4142.57  1156.23  2912.81  3036.63  865.497  1015.78  296.918  609.398  637.704  213.917  244.546  109.709  304.318      311        0        0        0        0        0        0        0        0        0 
16  96492.4    17737  14427.1  17030.7  4484.61   3572.6  4166.57  1180.23  2936.81  3060.63  889.497  1039.78  320.918  633.398  661.704  237.917  268.546  133.709  328.318      335        0        0        0        0        0        0        0        0        0 
17  96609.4    17854  14544.1  17147.7  4601.61   3689.6  4283.57  1297.23  3053.81  3177.63   1006.5  1156.78  437.918  750.398  778.704  354.917  385.546  250.709  445.318      452        0        0        0        0        0        0        0        0        0 
18  96638.4    17883  14573.1  17176.7  4630.61   3718.6  4312.57  1326.23  3082.81  3206.63   1035.5  1185.78  466.918  779.398  807.704  383.917  414.546  279.709  474.318      481        0        0        0        0        0        0        0        0        0 
19  96667.4    17912  14602.1  17205.7  4659.61   3747.6  4341.57  1355.23  3111.81  3235.63   1064.5  1214.78  495.918  808.398  836.704  412.917  443.546  308.709  503.318      510        0        0        0        0        0        0        0        0        0 
20  96697.4    17942  14632.1  17235.7  4689.61   3777.6  4371.57  1385.23  3141.81  3265.63   1094.5  1244.78  525.918  838.398  866.704  442.917  473.546  338.709  533.318      540        0        0        0        0        0        0        0        0        0 
21  96757.4    18002  14692.1  17295.7  4749.61   3837.6  4431.57  1445.23  3201.81  3325.63   1154.5  1304.78  585.918  898.398  926.704  502.917  533.546  398.709  593.318      600        0        0        0        0        0        0        0        0        0 
22  96787.4    18032  14722.1  17325.7  4779.61   3867.6  4461.57  1475.23  3231.81  3355.63   1184.5  1334.78  615.918  928.398  956.704  532.917  563.546  428.709  623.318      630        0        0        0        0        0        0        0        0        0 
23  96877.4    18122  14812.1  17415.7  4869.61   3957.6  4551.57  1565.23  3321.81  3445.63   1274.5  1424.78  705.918   1018.4   1046.7  622.917  653.546  518.709  713.318      720        0        0        0        0        0        0        0        0        0 
24  96907.4    18152  14842.1  17445.7  4899.61   3987.6  4581.57  1595.23  3351.81  3475.63   1304.5  1454.78  735.918   1048.4   1076.7  652.917  683.546  548.709  743.318      750        0        0        0        0        0        0        0        0        0 
25  96947.4    18192  14882.1  17485.7  4939.61   4027.6  4621.57  1635.23  3391.81  3515.63   1344.5  1494.78  775.918   1088.4   1116.7  692.917  723.546  588.709  783.318      790        0        0        0        0        0        0        0        0        0 
26  97017.4    18262  14952.1  17555.7  5009.61   4097.6  4691.57  1705.23  3461.81  3585.63   1414.5  1564.78  845.918   1158.4   1186.7  762.917  793.546  658.709  853.318      860        0        0        0        0        0        0        0        0        0 
27  97077.4    18322  15012.1  17615.7  5069.61   4157.6  4751.57  1765.23  3521.81  3645.63   1474.5  1624.78  905.918   1218.4   1246.7  822.917  853.546  718.709  913.318      920        0        0        0        0        0        0        0        0        0 
28  97154.1  18398.6  15088.8  17692.4   5146.3  4234.28  4828.25  1841.92  3598.49  3722.31  1551.18  1701.46    982.6  1295.08  1323.39  899.599  930.229  795.391      990        0        0        0        0        0        0        0        0        0        0 
29  97408.7  18653.3  15343.4    17947  5400.91  4488.89  5082.86  2096.53   3853.1  3976.92  1805.79  1956.07  1237.21  1549.69     1578  1154.21  1184.84     1050        0        0        0        0        0        0        0        0        0        0        0 
30  97478.7  18723.3  15413.4    18017  5470.91  4558.89  5152.86  2166.53   3923.1  4046.92  1875.79  2026.07  1307.21  1619.69     1648  1224.21  1254.84     1120        0        0        0        0        0        0        0        0        0        0        0 
31  97403.9  18648.4  15338.5  17942.1  5396.07  4484.05  5078.02  2091.69  3848.26  3972.08  1800.95  1951.23  1232.37  1544.85  1573.16  1149.37     1180        0        0        0        0        0        0        0        0        0        0        0        0 
32  97473.9  18718.4  15408.5  18012.1  5466.07  4554.05  5148.02  2161.69  3918.26  4042.08  1870.95  2021.23  1302.37  1614.85  1643.16  1219.37     1250        0        0        0        0        0        0        0        0        0        0        0        0 
33  97543.9  18788.4  15478.5  18082.1  5536.07  4624.05  5218.02  2231.69  3988.26  4112.08  1940.95  2091.23  1372.37  1684.85  1713.16  1289.37     1320        0        0        0        0        0        0        0        0        0        0        0        0 
34  97603.9  18848.4  15538.5  18142.1  5596.07  4684.05  5278.02  2291.69  4048.26  4172.08  2000.95  2151.23  1432.37  1744.85  1773.16  1349.37     1380        0        0        0        0        0        0        0        0        0        0        0        0 
35  97673.9  18918.4  15608.5  18212.1  5666.07  4754.05  5348.02  2361.69  4118.26  4242.08  2070.95  2221.23  1502.37  1814.85  1843.16  1419.37     1450        0        0        0        0        0        0        0        0        0        0        0        0 
36  97764.5    19009  15699.2  18302.8   5756.7  4844.68  5438.65  2452.32  4208.89  4332.71  2161.58  2311.86     1593  1905.48  1933.79     1510        0        0        0        0        0        0        0        0        0        0        0        0        0 
37  97420.7  18665.3  15355.4    17959  5412.91   4500.9  5094.87  2108.53  3865.11  3988.93  1817.79  1968.07  1249.21  1561.69     1590        0        0        0        0        0        0        0        0        0        0        0        0        0        0 
38  97480.7  18725.3  15415.4    18019  5472.91   4560.9  5154.87  2168.53  3925.11  4048.93  1877.79  2028.07  1309.21  1621.69     1650        0        0        0        0        0        0        0        0        0        0        0        0        0        0 
39  97778.7  19023.3  15713.4    18317  5770.91   4858.9  5452.87  2466.53  4223.11  4346.93  2175.79  2326.07  1607.21  1919.69     1948        0        0        0        0        0        0        0        0        0        0        0        0        0        0 
40  97837.7  19082.3  15772.4    18376  5829.91   4917.9  5511.87  2525.53  4282.11  4405.93  2234.79  2385.07  1666.21  1978.69     2007        0        0        0        0        0        0        0        0        0        0        0        0        0        0 
41  97901.7  19146.3  15836.4    18440  5893.91   4981.9  5575.87  2589.53  4346.11  4469.93  2298.79  2449.07  1730.21  2042.69     2071        0        0        0        0        0        0        0        0        0        0        0        0        0        0 
42  97969.7  19214.3  15904.4    18508  5961.91   5049.9  5643.87  2657.53  4414.11  4537.93  2366.79  2517.07  1798.21  2110.69     2139        0        0        0        0        0        0        0        0        0        0        0        0        0        0 
43  98033.7  19278.3  15968.4    18572  6025.91   5113.9  5707.87  2721.53  4478.11  4601.93  2430.79  2581.07  1862.21  2174.69     2203        0        0        0        0        0        0        0        0        0        0        0        0        0        0 
44  98096.7  19341.3  16031.4    18635  6088.91   5176.9  5770.87  2784.53  4541.11  4664.93  2493.79  2644.07  1925.21  2237.69     2266        0        0        0        0        0        0        0        0        0        0        0        0        0        0 
45  98203.7  19448.3  16138.4    18742  6195.91   5283.9  5877.87  2891.53  4648.11  4771.93  2600.79  2751.07  2032.21  2344.69     2373        0        0        0        0        0        0        0        0        0        0        0        0        0        0 
46    98298  19542.6  16232.7  18836.3  6290.22   5378.2  5972.17  2985.84  4742.41  4866.23   2695.1  2845.38  2126.52     2439        0        0        0        0        0        0        0        0        0        0        0        0        0        0        0 
47  98681.5    19926  16616.2  19219.8   6673.7  5761.68  6355.65  3369.32  5125.89  5249.71  3078.58  3228.86     2510        0        0        0        0        0        0        0        0        0        0        0        0        0        0        0        0 
48  98747.5    19992  16682.2  19285.8   6739.7  5827.68  6421.65  3435.32  5191.89  5315.71  3144.58  3294.86     2576        0        0        0        0        0        0        0        0        0        0        0        0        0        0        0        0 
49  98293.6  19538.2  16228.3  18831.9  6285.84  5373.83   5967.8  2981.46  4738.03  4861.85  2690.72     2841        0        0        0        0        0        0        0        0        0        0        0        0        0        0        0        0        0 
50  98357.6  19602.2  16292.3  18895.9  6349.84  5437.83   6031.8  3045.46  4802.03  4925.85  2754.72     2905        0        0        0        0        0        0        0        0        0        0        0        0        0        0        0        0        0 
51  98429.6  19674.2  16364.3  18967.9  6421.84  5509.83   6103.8  3117.46  4874.03  4997.85  2826.72     2977        0        0        0        0        0        0        0        0        0        0        0        0        0        0        0        0        0 
52  98494.6  19739.2  16429.3  19032.9  6486.84  5574.83   6168.8  3182.46  4939.03  5062.85  2891.72     3042        0        0        0        0        0        0        0        0        0        0        0        0        0        0        0        0        0 
53  98764.6  20009.2  16699.3  19302.9  6756.84  5844.83   6438.8  3452.46  5209.03  5332.85  3161.72     3312        0        0        0        0        0        0        0        0        0        0        0        0        0        0        0        0        0 
54  98990.9  20235.5  16925.6  19529.2  6983.12   6071.1  6665.07  3678.74  5435.31  5559.13     3388        0        0        0        0        0        0        0        0        0        0        0        0        0        0        0        0        0        0 
55  97004.8  18249.3  14939.4  17543.1  4996.99  4084.97  4678.94  1692.61  3449.18     3573        0        0        0        0        0        0        0        0        0        0        0        0        0        0        0        0        0        0        0 
56  97080.8  18325.3  15015.4  17619.1  5072.99  4160.97  4754.94  1768.61  3525.18     3649        0        0        0        0        0        0        0        0        0        0        0        0        0        0        0        0        0        0        0 
57  99407.8  20652.3  17342.4  19946.1  7399.99  6487.97  7081.94  4095.61  5852.18     5976        0        0        0        0        0        0        0        0        0        0        0        0        0        0        0        0        0        0        0 
58  99553.8  20798.3  17488.4  20092.1  7545.99  6633.97  7227.94  4241.61  5998.18     6122        0        0        0        0        0        0        0        0        0        0        0        0        0        0        0        0        0        0        0 
59  99710.8  20955.3  17645.4  20249.1  7702.99  6790.97  7384.94  4398.61  6155.18     6279        0        0        0        0        0        0        0        0        0        0        0        0        0        0        0        0        0        0        0 
60  99876.8  21121.3  17811.4  20415.1  7868.99  6956.97  7550.94  4564.61  6321.18     6445        0        0        0        0        0        0        0        0        0        0        0        0        0        0        0        0        0        0        0 
61   100036  21280.3  17970.4  20574.1  8027.99  7115.97  7709.94  4723.61  6480.18     6604        0        0        0        0        0        0        0        0        0        0        0        0        0        0        0        0        0        0        0 
62   100191  21435.3  18125.4  20729.1  8182.99  7270.97  7864.94  4878.61  6635.18     6759        0        0        0        0        0        0        0        0        0        0        0        0        0        0        0        0        0        0        0 
63   100500  21744.3  18434.4  21038.1  8491.99  7579.97  8173.94  5187.61  6944.18     7068        0        0        0        0        0        0        0        0        0        0        0        0        0        0        0        0        0        0        0 
64   100786  22030.2  18720.3  21323.9  8777.81  7865.79  8459.76  5473.43     7230        0        0        0        0        0        0        0        0        0        0        0        0        0        0        0        0        0        0        0        0 
65   102722  23966.7  20656.8  23260.4  10714.4  9802.37  10396.3     7410        0        0        0        0        0        0        0        0        0        0        0        0        0        0        0        0        0        0        0        0        0 
66   102882  24126.7  20816.8  23420.4  10874.4  9962.37  10556.3     7570        0        0        0        0        0        0        0        0        0        0        0        0        0        0        0        0        0        0        0        0        0 
67   100356  21600.4  18290.5  20894.1  8348.04  7436.03     8030        0        0        0        0        0        0        0        0        0        0        0        0        0        0        0        0        0        0        0        0        0        0 
68   100506  21750.4  18440.5  21044.1  8498.04  7586.03     8180        0        0        0        0        0        0        0        0        0        0        0        0        0        0        0        0        0        0        0        0        0        0 
69   100656  21900.4  18590.5  21194.1  8648.04  7736.03     8330        0        0        0        0        0        0        0        0        0        0        0        0        0        0        0        0        0        0        0        0        0        0 
70   100806  22050.4  18740.5  21344.1  8798.04  7886.03     8480        0        0        0        0        0        0        0        0        0        0        0        0        0        0        0        0        0        0        0        0        0        0 
71   101656  22900.4  19590.5  22194.1  9648.04  8736.03     9330        0        0        0        0        0        0        0        0        0        0        0        0        0        0        0        0        0        0        0        0        0        0 
72   102420  23664.4  20354.5  22958.1    10412     9500        0        0        0        0        0        0        0        0        0        0        0        0        0        0        0        0        0        0        0        0        0        0        0 
73   101838  23082.3  19772.5  22376.1     9830        0        0        0        0        0        0        0        0        0        0        0        0        0        0        0        0        0        0        0        0        0        0        0        0 
74   101998  23242.3  19932.5  22536.1     9990        0        0        0        0        0        0        0        0        0        0        0        0        0        0        0        0        0        0        0        0        0        0        0        0 
75   100672  21916.3  18606.4    21210        0        0        0        0        0        0        0        0        0        0        0        0        0        0        0        0        0        0        0        0        0        0        0        0        0 
76   101062  22306.3  18996.4    21600        0        0        0        0        0        0        0        0        0        0        0        0        0        0        0        0        0        0        0        0        0        0        0        0        0 
77   101492  22736.3  19426.4    22030        0        0        0        0        0        0        0        0        0        0        0        0        0        0        0        0        0        0        0        0        0        0        0        0        0 
78   101882  23126.3  19816.4    22420        0        0        0        0        0        0        0        0        0        0        0        0        0        0        0        0        0        0        0        0        0        0        0        0        0 
79   105042  26286.3  22976.4    25580        0        0        0        0        0        0        0        0        0        0        0        0        0        0        0        0        0        0        0        0        0        0        0        0        0 
80   108155  29399.9    26090        0        0        0        0        0        0        0        0        0        0        0        0        0        0        0        0        0        0        0        0        0        0        0        0        0        0 
81   105485    26730        0        0        0        0        0        0        0        0        0        0        0        0        0        0        0        0        0        0        0        0        0        0        0        0        0        0        0 
82   105894    27139        0        0        0        0        0        0        0        0        0        0        0        0        0        0        0        0        0        0        0        0        0        0        0        0        0        0        0 
83   107923        0        0        0        0        0        0        0        0        0        0        0        0        0        0        0        0        0        0        0        0        0        0        0        0        0        0        0        0 
84   109886        0        0        0        0        0        0        0        0        0        0        0        0        0        0        0        0        0        0        0        0        0        0        0        0        0        0        0        0 
