Q      1s      2s       2p       2p*      3s      3p        3p*      4s       3d       3d*      4p       4p*      5s       4d       4d*      5p       5p*      6s       4f       4f*      5d       5d*      6p       6p*      7s       5f       5f*      6d       6d*
 0   139464  27004.6  20531.1  26085.5  7064.88  5328.44  6644.49  1922.71  4424.97  4678.06  1367.64  1727.39  456.031  995.295  1059.91  282.515  373.943  69.5715  572.033  589.663  146.025  160.048   27.626  42.9231  5.47869  10.9366  12.8868        0        0 
 1   139463  27003.9  20530.5  26084.8  7064.19  5327.75   6643.8  1922.02  4424.28  4677.37  1366.95   1726.7  455.345  994.608  1059.23  281.828  373.256  68.8848  571.347  588.976  145.338  159.361  26.9392  42.2364  4.79194  10.2499     12.2        0        0 
 2   139474  27014.4    20541  26095.3  7074.69  5338.25   6654.3  1932.52  4434.78  4687.87  1377.45   1737.2  465.845  1005.11  1069.73  292.328  383.756  79.3848  581.847  599.476  155.838  169.861  37.4392  52.7364  15.2919  20.7499     22.7        0        0 
 3   139490  27030.5  20557.1  26111.4  7090.79  5354.35   6670.4  1948.62  4450.88  4703.97  1393.55   1753.3  481.945  1021.21  1085.83  308.428  399.856  95.4848  597.947  615.576  171.938  185.961  53.5392  68.8364  31.3919  36.8499     38.8        0        0 
 4   139505  27045.8  20572.4  26126.7  7106.09  5369.65   6685.7  1963.92  4466.18  4719.27  1408.85   1768.6  497.245  1036.51  1101.13  323.728  415.156  110.785  613.247  630.876  187.238  201.261  68.8392  84.1364  46.6919  52.1499     54.1        0        0 
 5   139522  27062.7  20589.3  26143.6  7122.99  5386.55   6702.6  1980.82  4483.08  4736.17  1425.75   1785.5  514.145  1053.41  1118.03  340.628  432.056  127.685  630.147  647.776  204.138  218.161  85.7392  101.036  63.5919  69.0499       71        0        0 
 6   139548  27088.7  20615.3  26169.6  7148.99  5412.55   6728.6  2006.82  4509.08  4762.17  1451.75   1811.5  540.145  1079.41  1144.03  366.628  458.056  153.685  656.147  673.776  230.138  244.161  111.739  127.036  89.5919  95.0499       97        0        0 
 7   139564  27104.6  20631.2  26185.5  7164.89  5428.45   6744.5  2022.72  4524.98  4778.07  1467.65   1827.4  556.045  1095.31  1159.93  382.528  473.956  169.585  672.047  689.676  246.038  260.061  127.639  142.936  105.492   110.95    112.9        0        0 
 8   139588  27128.7  20655.3  26209.6  7188.99  5452.55   6768.6  2046.82  4549.08  4802.17  1491.75   1851.5  580.145  1119.41  1184.03  406.628  498.056  193.685  696.147  713.776  270.138  284.161  151.739  167.036  129.592   135.05      137        0        0 
 9   139608  27148.7  20675.3  26229.6  7208.99  5472.55   6788.6  2066.82  4569.08  4822.17  1511.75   1871.5  600.145  1139.41  1204.03  426.628  518.056  213.685  716.147  733.776  290.138  304.161  171.739  187.036  149.592   155.05      157        0        0 
10   139633  27173.7  20700.2  26254.6  7233.94   5497.5  6813.55  2091.77  4594.03  4847.12   1536.7  1896.45  625.095  1164.36  1228.98  451.578  543.006  238.635  741.097  758.726  315.088  329.111  196.689  211.987  174.542      180        0        0        0 
11   139664  27205.1  20731.7    26286   7265.4  5528.96  6845.01  2123.23  4625.49  4878.58  1568.16  1927.91  656.553  1195.82  1260.43  483.036  574.464  270.093  772.555  790.184  346.546  360.569  228.147  243.444      206        0        0        0        0 
12   139689  27230.1  20756.7    26311   7290.4  5553.96  6870.01  2148.23  4650.49  4903.58  1593.16  1952.91  681.553  1220.82  1285.43  508.036  599.464  295.093  797.555  815.184  371.546  385.569  253.147  268.444      231        0        0        0        0 
13   139673  27213.7  20740.2  26294.6  7273.95  5537.51  6853.57  2131.79  4634.04  4887.14  1576.72  1936.46  665.108  1204.37  1268.99  491.591   583.02  278.648   781.11  798.739  355.102  369.124  236.703      252        0        0        0        0        0 
14   139691  27231.7  20758.2  26312.6  7291.95  5555.51  6871.57  2149.79  4652.04  4905.14  1594.72  1954.46  683.108  1222.37  1286.99  509.591   601.02  296.648   799.11  816.739  373.102  387.124  254.703      270        0        0        0        0        0 
15   139715  27255.7  20782.2  26336.6  7315.95  5579.51  6895.57  2173.79  4676.04  4929.14  1618.72  1978.46  707.108  1246.37  1310.99  533.591   625.02  320.648   823.11  840.739  397.102  411.124  278.703      294        0        0        0        0        0 
16   139738  27278.7  20805.2  26359.6  7338.95  5602.51  6918.57  2196.79  4699.04  4952.14  1641.72  2001.46  730.108  1269.37  1333.99  556.591   648.02  343.648   846.11  863.739  420.102  434.124  301.703      317        0        0        0        0        0 
17   139763  27303.7  20830.2  26384.6  7363.95  5627.51  6943.57  2221.79  4724.04  4977.14  1666.72  2026.46  755.108  1294.37  1358.99  581.591   673.02  368.648   871.11  888.739  445.102  459.124  326.703      342        0        0        0        0        0 
18   139803    27344  20870.5  26424.9  7404.25  5667.81  6983.86  2262.08  4764.34  5017.43  1707.01  2066.76  795.405  1334.67  1399.29  621.889  713.317  408.946  911.407  929.037  485.399  499.422      367        0        0        0        0        0        0 
19   139702  27242.5  20769.1  26323.5  7302.83  5566.39  6882.44  2160.66  4662.92  4916.01  1605.59  1965.34  693.984  1233.25  1297.86  520.467  611.895  307.524  809.986  827.615  383.977      398        0        0        0        0        0        0        0 
20   139725  27265.5  20792.1  26346.5  7325.83  5589.39  6905.44  2183.66  4685.92  4939.01  1628.59  1988.34  716.984  1256.25  1320.86  543.467  634.895  330.524  832.986  850.615  406.977      421        0        0        0        0        0        0        0 
21   139880  27420.5  20947.1  26501.5  7480.83  5744.39  7060.44  2338.66  4840.92  5094.01  1783.59  2143.34  871.984  1411.25  1475.86  698.467  789.895  485.524  987.986  1005.62  561.977      576        0        0        0        0        0        0        0 
22   139910  27450.5  20977.1  26531.5  7510.83  5774.39  7090.44  2368.66  4870.92  5124.01  1813.59  2173.34  901.984  1441.25  1505.86  728.467  819.895  515.524  1017.99  1035.62  591.977      606        0        0        0        0        0        0        0 
23   139942  27482.5  21009.1  26563.5  7542.83  5806.39  7122.44  2400.66  4902.92  5156.01  1845.59  2205.34  933.984  1473.25  1537.86  760.467  851.895  547.524  1049.99  1067.62  623.977      638        0        0        0        0        0        0        0 
24   139976  27516.5  21043.1  26597.5  7576.83  5840.39  7156.44  2434.66  4936.92  5190.01  1879.59  2239.34  967.984  1507.25  1571.86  794.467  885.895  581.524  1083.99  1101.62  657.977      672        0        0        0        0        0        0        0 
25   140009  27549.5  21076.1  26630.5  7609.83  5873.39  7189.44  2467.66  4969.92  5223.01  1912.59  2272.34  1000.98  1540.25  1604.86  827.467  918.895  614.524  1116.99  1134.62  690.977      705        0        0        0        0        0        0        0 
26   140042  27582.5  21109.1  26663.5  7642.83  5906.39  7222.44  2500.66  5002.92  5256.01  1945.59  2305.34  1033.98  1573.25  1637.86  860.467  951.895  647.524  1149.99  1167.62  723.977      738        0        0        0        0        0        0        0 
27   140094  27634.5  21161.1  26715.5  7694.83  5958.39  7274.44  2552.66  5054.92  5308.01  1997.59  2357.34  1085.98  1625.25  1689.86  912.467   1003.9  699.524  1201.99  1219.62  775.977      790        0        0        0        0        0        0        0 
28   140142  27682.6  21209.1  26763.5  7742.85  6006.41  7322.47  2600.69  5102.94  5356.03  2045.61  2405.36  1134.01  1673.27  1737.89   960.49  1051.92  747.547  1250.01  1267.64      824        0        0        0        0        0        0        0        0 
29   139735  27275.9  20802.5  26356.9  7336.21  5599.77  6915.83  2194.05   4696.3   4949.4  1638.98  1998.72  727.369  1266.63  1331.25  553.852   645.28  340.909  843.371      861        0        0        0        0        0        0        0        0        0 
30   139769  27309.9  20836.5  26390.9  7370.21  5633.77  6949.83  2228.05   4730.3   4983.4  1672.98  2032.72  761.369  1300.63  1365.25  587.852   679.28  374.909  877.371      895        0        0        0        0        0        0        0        0        0 
31   139934  27474.9  21001.5  26555.9  7535.21  5798.77  7114.83  2393.05   4895.3   5148.4  1837.98  2197.72  926.369  1465.63  1530.25  752.852   844.28  539.909  1042.37     1060        0        0        0        0        0        0        0        0        0 
32   139974  27514.9  21041.5  26595.9  7575.21  5838.77  7154.83  2433.05   4935.3   5188.4  1877.98  2237.72  966.369  1505.63  1570.25  792.852   884.28  579.909  1082.37     1100        0        0        0        0        0        0        0        0        0 
33   140014  27554.9  21081.5  26635.9  7615.21  5878.77  7194.83  2473.05   4975.3   5228.4  1917.98  2277.72  1006.37  1545.63  1610.25  832.852   924.28  619.909  1122.37     1140        0        0        0        0        0        0        0        0        0 
34   140054  27594.9  21121.5  26675.9  7655.21  5918.77  7234.83  2513.05   5015.3   5268.4  1957.98  2317.72  1046.37  1585.63  1650.25  872.852   964.28  659.909  1162.37     1180        0        0        0        0        0        0        0        0        0 
35   140184  27724.9  21251.5  26805.9  7785.21  6048.77  7364.83  2643.05   5145.3   5398.4  2087.98  2447.72  1176.37  1715.63  1780.25  1002.85  1094.28  789.909  1292.37     1310        0        0        0        0        0        0        0        0        0 
36   140234  27774.9  21301.5  26855.9  7835.21  6098.77  7414.83  2693.05   5195.3   5448.4  2137.98  2497.72  1226.37  1765.63  1830.25  1052.85  1144.28  839.909  1342.37     1360        0        0        0        0        0        0        0        0        0 
37   140354  27894.9  21421.5  26975.9  7955.21  6218.77  7534.83  2813.05   5315.3   5568.4  2257.98  2617.72  1346.37  1885.63  1950.25  1172.85  1264.28  959.909  1462.37     1480        0        0        0        0        0        0        0        0        0 
38   140404  27944.9  21471.5  27025.9  8005.21  6268.77  7584.83  2863.05   5365.3   5618.4  2307.98  2667.72  1396.37  1935.63  2000.25  1222.85  1314.28  1009.91  1512.37     1530        0        0        0        0        0        0        0        0        0 
39   140564  28104.9  21631.5  27185.9  8165.21  6428.77  7744.83  3023.05   5525.3   5778.4  2467.98  2827.72  1556.37  2095.63  2160.25  1382.85  1474.28  1169.91  1672.37     1690        0        0        0        0        0        0        0        0        0 
40   140654  28194.9  21721.5  27275.9  8255.21  6518.77  7834.83  3113.05   5615.3   5868.4  2557.98  2917.72  1646.37  2185.63  2250.25  1472.85  1564.28  1259.91  1762.37     1780        0        0        0        0        0        0        0        0        0 
41   140744  28284.9  21811.5  27365.9  8345.21  6608.77  7924.83  3203.05   5705.3   5958.4  2647.98  3007.72  1736.37  2275.63  2340.25  1562.85  1654.28  1349.91  1852.37     1870        0        0        0        0        0        0        0        0        0 
42   140842  28382.6  21909.1  27463.5  8442.84   6706.4  8022.46  3300.68  5802.93  6056.03  2745.61  3105.35     1834  2373.26  2437.88  1660.48  1751.91  1447.54     1950        0        0        0        0        0        0        0        0        0        0 
43   141434    28975  22501.6  28055.9   9035.3  7298.86  8614.92  3893.14  6395.39  6648.49  3338.07  3697.82  2426.46  2965.72  3030.34  2252.94  2344.37     2040        0        0        0        0        0        0        0        0        0        0        0 
44   141524    29065  22591.6  28145.9   9125.3  7388.86  8704.92  3983.14  6485.39  6738.49  3428.07  3787.82  2516.46  3055.72  3120.34  2342.94  2434.37     2130        0        0        0        0        0        0        0        0        0        0        0 
45   141310  28850.6  22377.2  27931.6  8910.93  7174.49  8490.55  3768.77  6271.02  6524.12   3213.7  3573.44  2302.09  2841.35  2905.97  2128.57     2220        0        0        0        0        0        0        0        0        0        0        0        0 
46   141390  28930.6  22457.2  28011.6  8990.93  7254.49  8570.55  3848.77  6351.02  6604.12   3293.7  3653.44  2382.09  2921.35  2985.97  2208.57     2300        0        0        0        0        0        0        0        0        0        0        0        0 
47   141500  29040.6  22567.2  28121.6  9100.93  7364.49  8680.55  3958.77  6461.02  6714.12   3403.7  3763.44  2492.09  3031.35  3095.97  2318.57     2410        0        0        0        0        0        0        0        0        0        0        0        0 
48   141580  29120.6  22647.2  28201.6  9180.93  7444.49  8760.55  4038.77  6541.02  6794.12   3483.7  3843.44  2572.09  3111.35  3175.97  2398.57     2490        0        0        0        0        0        0        0        0        0        0        0        0 
49   141670  29210.6  22737.2  28291.6  9270.93  7534.49  8850.55  4128.77  6631.02  6884.12   3573.7  3933.44  2662.09  3201.35  3265.97  2488.57     2580        0        0        0        0        0        0        0        0        0        0        0        0 
50   141861  29402.1  22928.6    28483  9462.36  7725.92  9041.98   4320.2  6822.45  7075.54  3765.13  4124.87  2853.52  3392.78   3457.4     2680        0        0        0        0        0        0        0        0        0        0        0        0        0 
51   141164  28704.7  22231.2  27785.6  8764.96  7028.52  8344.58   3622.8  6125.05  6378.15  3067.73  3427.48  2156.12  2695.38     2760        0        0        0        0        0        0        0        0        0        0        0        0        0        0 
52   141254  28794.7  22321.2  27875.6  8854.96  7118.52  8434.58   3712.8  6215.05  6468.15  3157.73  3517.48  2246.12  2785.38     2850        0        0        0        0        0        0        0        0        0        0        0        0        0        0 
53   141698  29238.7  22765.2  28319.6  9298.96  7562.52  8878.58   4156.8  6659.05  6912.15  3601.73  3961.48  2690.12  3229.38     3294        0        0        0        0        0        0        0        0        0        0        0        0        0        0 
54   141774  29314.7  22841.2  28395.6  9374.96  7638.52  8954.58   4232.8  6735.05  6988.15  3677.73  4037.48  2766.12  3305.38     3370        0        0        0        0        0        0        0        0        0        0        0        0        0        0 
55   141853  29393.7  22920.2  28474.6  9453.96  7717.52  9033.58   4311.8  6814.05  7067.15  3756.73  4116.48  2845.12  3384.38     3449        0        0        0        0        0        0        0        0        0        0        0        0        0        0 
56   141939  29479.7  23006.2  28560.6  9539.96  7803.52  9119.58   4397.8  6900.05  7153.15  3842.73  4202.48  2931.12  3470.38     3535        0        0        0        0        0        0        0        0        0        0        0        0        0        0 
57   142020  29560.7  23087.2  28641.6  9620.96  7884.52  9200.58   4478.8  6981.05  7234.15  3923.73  4283.48  3012.12  3551.38     3616        0        0        0        0        0        0        0        0        0        0        0        0        0        0 
58   142098  29638.7  23165.2  28719.6  9698.96  7962.52  9278.58   4556.8  7059.05  7312.15  4001.73  4361.48  3090.12  3629.38     3694        0        0        0        0        0        0        0        0        0        0        0        0        0        0 
59   142270  29810.7  23337.2  28891.6  9870.96  8134.52  9450.58   4728.8  7231.05  7484.15  4173.73  4533.48  3262.12  3801.38     3866        0        0        0        0        0        0        0        0        0        0        0        0        0        0 
60   142415  29956.3  23482.9  29037.2  10016.6  8280.14  9596.19  4874.42  7376.67  7629.76  4319.34  4679.09  3407.74     3947        0        0        0        0        0        0        0        0        0        0        0        0        0        0        0 
61   143046  30586.6  24113.1  29667.5  10646.8   8910.4  10226.5  5504.68  8006.93  8260.03  4949.61  5309.36     4038        0        0        0        0        0        0        0        0        0        0        0        0        0        0        0        0 
62   143128  30668.6  24195.1  29749.5  10728.8   8992.4  10308.5  5586.68  8088.93  8342.03  5031.61  5391.36     4120        0        0        0        0        0        0        0        0        0        0        0        0        0        0        0        0 
63   142192  29733.2  23259.8  28814.1  9793.49  8057.05   9373.1  4651.32  7153.58  7406.67  4096.25     4456        0        0        0        0        0        0        0        0        0        0        0        0        0        0        0        0        0 
64   142273  29814.2  23340.8  28895.1  9874.49  8138.05   9454.1  4732.32  7234.58  7487.67  4177.25     4537        0        0        0        0        0        0        0        0        0        0        0        0        0        0        0        0        0 
65   142356  29897.2  23423.8  28978.1  9957.49  8221.05   9537.1  4815.32  7317.58  7570.67  4260.25     4620        0        0        0        0        0        0        0        0        0        0        0        0        0        0        0        0        0 
66   142436  29977.2  23503.8  29058.1  10037.5  8301.05   9617.1  4895.32  7397.58  7650.67  4340.25     4700        0        0        0        0        0        0        0        0        0        0        0        0        0        0        0        0        0 
67   142996  30537.2  24063.8  29618.1  10597.5  8861.05  10177.1  5455.32  7957.58  8210.67  4900.25     5260        0        0        0        0        0        0        0        0        0        0        0        0        0        0        0        0        0 
68   143446    30987  24513.5  30067.9  11047.2   9310.8  10626.9  5905.07  8407.33  8660.42     5350        0        0        0        0        0        0        0        0        0        0        0        0        0        0        0        0        0        0 
69   140386  27926.5  21453.1  27007.5  7986.82  6250.38  7566.43  2844.65  5346.91     5600        0        0        0        0        0        0        0        0        0        0        0        0        0        0        0        0        0        0        0 
70   140476  28016.5  21543.1  27097.5  8076.82  6340.38  7656.43  2934.65  5436.91     5690        0        0        0        0        0        0        0        0        0        0        0        0        0        0        0        0        0        0        0 
71   143746  31286.5  24813.1  30367.5  11346.8  9610.38  10926.4  6204.65  8706.91     8960        0        0        0        0        0        0        0        0        0        0        0        0        0        0        0        0        0        0        0 
72   143926  31466.5  24993.1  30547.5  11526.8  9790.38  11106.4  6384.65  8886.91     9140        0        0        0        0        0        0        0        0        0        0        0        0        0        0        0        0        0        0        0 
73   144116  31656.5  25183.1  30737.5  11716.8  9980.38  11296.4  6574.65  9076.91     9330        0        0        0        0        0        0        0        0        0        0        0        0        0        0        0        0        0        0        0 
74   144316  31856.5  25383.1  30937.5  11916.8  10180.4  11496.4  6774.65  9276.91     9530        0        0        0        0        0        0        0        0        0        0        0        0        0        0        0        0        0        0        0 
75   144506  32046.5  25573.1  31127.5  12106.8  10370.4  11686.4  6964.65  9466.91     9720        0        0        0        0        0        0        0        0        0        0        0        0        0        0        0        0        0        0        0 
76   144696  32236.5  25763.1  31317.5  12296.8  10560.4  11876.4  7154.65  9656.91     9910        0        0        0        0        0        0        0        0        0        0        0        0        0        0        0        0        0        0        0 
77   145186  32726.5  26253.1  31807.5  12786.8  11050.4  12366.4  7644.65  10146.9    10400        0        0        0        0        0        0        0        0        0        0        0        0        0        0        0        0        0        0        0 
78   145629  33169.6  26696.2  32250.6  13229.9  11493.5  12809.5  8087.74    10590        0        0        0        0        0        0        0        0        0        0        0        0        0        0        0        0        0        0        0        0 
79   148351  35891.9  29418.4  34972.8  15952.2  14215.7  15531.8    10810        0        0        0        0        0        0        0        0        0        0        0        0        0        0        0        0        0        0        0        0        0 
80   148551  36091.9  29618.4  35172.8  16152.2  14415.7  15731.8    11010        0        0        0        0        0        0        0        0        0        0        0        0        0        0        0        0        0        0        0        0        0 
81   144389  31930.1  25456.7    31011  11990.4  10253.9    11570        0        0        0        0        0        0        0        0        0        0        0        0        0        0        0        0        0        0        0        0        0        0 
82   144559  32100.1  25626.7    31181  12160.4  10423.9    11740        0        0        0        0        0        0        0        0        0        0        0        0        0        0        0        0        0        0        0        0        0        0 
83   144749  32290.1  25816.7    31371  12350.4  10613.9    11930        0        0        0        0        0        0        0        0        0        0        0        0        0        0        0        0        0        0        0        0        0        0 
84   144929  32470.1  25996.7    31551  12530.4  10793.9    12110        0        0        0        0        0        0        0        0        0        0        0        0        0        0        0        0        0        0        0        0        0        0 
85   146629  34170.1  27696.7    33251  14230.4  12493.9    13810        0        0        0        0        0        0        0        0        0        0        0        0        0        0        0        0        0        0        0        0        0        0 
86   148165  35706.2  29232.7  34787.1  15766.4    14030        0        0        0        0        0        0        0        0        0        0        0        0        0        0        0        0        0        0        0        0        0        0        0 
87   146859  34399.7  27926.3  33480.6    14460        0        0        0        0        0        0        0        0        0        0        0        0        0        0        0        0        0        0        0        0        0        0        0        0 
88   147099  34639.7  28166.3  33720.6    14700        0        0        0        0        0        0        0        0        0        0        0        0        0        0        0        0        0        0        0        0        0        0        0        0 
89   143078  30619.1  24145.6    29700        0        0        0        0        0        0        0        0        0        0        0        0        0        0        0        0        0        0        0        0        0        0        0        0        0 
90   143478  31019.1  24545.6    30100        0        0        0        0        0        0        0        0        0        0        0        0        0        0        0        0        0        0        0        0        0        0        0        0        0 
91   144078  31619.1  25145.6    30700        0        0        0        0        0        0        0        0        0        0        0        0        0        0        0        0        0        0        0        0        0        0        0        0        0 
92   144478  32019.1  25545.6    31100        0        0        0        0        0        0        0        0        0        0        0        0        0        0        0        0        0        0        0        0        0        0        0        0        0 
93   150778  38319.1  31845.6    37400        0        0        0        0        0        0        0        0        0        0        0        0        0        0        0        0        0        0        0        0        0        0        0        0        0 
94   157033  44573.4    38100        0        0        0        0        0        0        0        0        0        0        0        0        0        0        0        0        0        0        0        0        0        0        0        0        0        0 
95   151359    38900        0        0        0        0        0        0        0        0        0        0        0        0        0        0        0        0        0        0        0        0        0        0        0        0        0        0        0 
96   151911  39451.4        0        0        0        0        0        0        0        0        0        0        0        0        0        0        0        0        0        0        0        0        0        0        0        0        0        0        0 
97   154328        0        0        0        0        0        0        0        0        0        0        0        0        0        0        0        0        0        0        0        0        0        0        0        0        0        0        0        0 
98   156926        0        0        0        0        0        0        0        0        0        0        0        0        0        0        0        0        0        0        0        0        0        0        0        0        0        0        0        0 
