n   Temperature [K]
 36 5.802259e+03 1.160452e+04 1.740678e+04 2.320904e+04 5.802259e+04 8.123163e+04 1.160452e+05 1.740678e+05 2.669039e+05 3.713446e+05 6.034349e+05 8.587343e+05 1.160452e+06 1.914745e+06 2.727062e+06 3.597401e+06 4.525762e+06 5.512146e+06 7.600959e+06 9.805818e+06 1.160452e+07 1.672211e+07 2.233870e+07 2.847749e+07 3.516169e+07 4.241451e+07 5.025917e+07 5.871886e+07 6.781680e+07 7.757620e+07 8.802027e+07 9.917221e+07 1.160452e+08 2.320904e+08 5.802259e+08 1.160452e+09
Q   Rate [m3/s]
  1 1.327000e-26 9.911000e-22 5.169000e-20 3.866000e-19 9.968000e-18 1.487000e-17 1.723000e-17 1.598000e-17 1.220000e-17 9.046000e-18 5.301000e-18 3.430000e-18 2.316000e-18 1.172000e-18 7.129000e-19 4.801000e-19 3.448000e-19 2.590000e-19 1.619000e-19 1.113000e-19 8.683000e-20 5.056000e-20 3.289000e-20 2.292000e-20 1.675000e-20 1.266000e-20 9.829000e-21 7.792000e-21 6.284000e-21 5.140000e-21 4.255000e-21 3.560000e-21 2.814000e-21 9.968000e-22 2.525000e-22 8.930000e-23
  2 1.461000e-31 3.365000e-24 8.913000e-22 1.600000e-20 3.577000e-18 8.800000e-18 1.503000e-17 1.895000e-17 1.797000e-17 1.495000e-17 9.824000e-18 6.719000e-18 4.701000e-18 2.478000e-18 1.538000e-18 1.048000e-18 7.583000e-19 5.725000e-19 3.604000e-19 2.488000e-19 1.945000e-19 1.137000e-19 7.409000e-20 5.170000e-20 3.780000e-20 2.860000e-20 2.221000e-20 1.761000e-20 1.421000e-20 1.162000e-20 9.623000e-21 8.052000e-21 6.366000e-21 2.256000e-21 5.715000e-22 2.021000e-22
  3 1.658000e-32 1.347000e-24 4.656000e-22 8.282000e-21 2.205000e-18 6.675000e-18 1.383000e-17 2.062000e-17 2.213000e-17 1.969000e-17 1.387000e-17 9.840000e-18 7.057000e-18 3.839000e-18 2.422000e-18 1.667000e-18 1.215000e-18 9.219000e-19 5.840000e-19 4.048000e-19 3.171000e-19 1.860000e-19 1.215000e-19 8.488000e-20 6.211000e-20 4.702000e-20 3.654000e-20 2.899000e-20 2.339000e-20 1.914000e-20 1.585000e-20 1.327000e-20 1.049000e-20 3.720000e-21 9.427000e-22 3.335000e-22
  4 1.719000e-31 4.849000e-24 1.142000e-21 1.575000e-20 1.889000e-18 5.586000e-18 1.238000e-17 2.029000e-17 2.364000e-17 2.209000e-17 1.643000e-17 1.203000e-17 8.833000e-18 4.963000e-18 3.188000e-18 2.219000e-18 1.629000e-18 1.243000e-18 7.933000e-19 5.523000e-19 4.337000e-19 2.554000e-19 1.672000e-19 1.170000e-19 8.572000e-20 6.495000e-20 5.050000e-20 4.008000e-20 3.235000e-20 2.648000e-20 2.194000e-20 1.836000e-20 1.452000e-20 5.154000e-21 1.307000e-21 4.623000e-22
  5 9.952000e-41 1.573000e-28 1.412000e-24 1.182000e-22 2.543000e-19 1.245000e-18 4.497000e-18 1.174000e-17 1.962000e-17 2.243000e-17 2.055000e-17 1.671000e-17 1.312000e-17 7.957000e-18 5.296000e-18 3.761000e-18 2.798000e-18 2.154000e-18 1.390000e-18 9.738000e-19 7.674000e-19 4.545000e-19 2.986000e-19 2.094000e-19 1.536000e-19 1.165000e-19 9.062000e-20 7.197000e-20 5.812000e-20 4.759000e-20 3.944000e-20 3.302000e-20 2.612000e-20 9.278000e-21 2.353000e-21 8.328000e-22
  6 1.637000e-37 5.316000e-27 1.306000e-23 5.700000e-22 3.169000e-19 1.054000e-18 2.995000e-18 7.277000e-18 1.246000e-17 1.487000e-17 1.485000e-17 1.301000e-17 1.091000e-17 7.297000e-18 5.132000e-18 3.773000e-18 2.872000e-18 2.248000e-18 1.483000e-18 1.053000e-18 8.356000e-19 5.010000e-19 3.314000e-19 2.335000e-19 1.718000e-19 1.306000e-19 1.018000e-19 8.096000e-20 6.545000e-20 5.365000e-20 4.449000e-20 3.727000e-20 2.951000e-20 1.050000e-20 2.668000e-21 9.444000e-22
  7 1.000000e-76 2.626000e-66 2.539000e-49 6.949000e-41 5.882000e-26 3.222000e-23 3.161000e-21 1.008000e-19 1.209000e-18 5.048000e-18 2.070000e-17 3.636000e-17 4.613000e-17 4.782000e-17 4.052000e-17 3.296000e-17 2.673000e-17 2.184000e-17 1.518000e-17 1.111000e-17 8.962000e-18 5.516000e-18 3.703000e-18 2.632000e-18 1.950000e-18 1.489000e-18 1.164000e-18 9.283000e-19 7.520000e-19 6.174000e-19 5.127000e-19 4.300000e-19 3.409000e-19 1.218000e-19 3.100000e-20 1.098000e-20
  8 1.000000e-76 5.178000e-67 8.775000e-50 3.180000e-41 4.461000e-26 2.687000e-23 2.808000e-21 9.026000e-20 1.011000e-18 4.153000e-18 1.856000e-17 3.537000e-17 4.767000e-17 5.322000e-17 4.674000e-17 3.883000e-17 3.192000e-17 2.632000e-17 1.852000e-17 1.366000e-17 1.106000e-17 6.854000e-18 4.619000e-18 3.293000e-18 2.443000e-18 1.868000e-18 1.463000e-18 1.167000e-18 9.463000e-19 7.773000e-19 6.458000e-19 5.419000e-19 4.298000e-19 1.538000e-19 3.917000e-20 1.388000e-20
  9 1.000000e-76 3.685000e-67 7.452000e-50 2.950000e-41 4.852000e-26 3.011000e-23 3.207000e-21 1.019000e-19 1.030000e-18 3.802000e-18 1.654000e-17 3.306000e-17 4.672000e-17 5.571000e-17 5.059000e-17 4.287000e-17 3.570000e-17 2.972000e-17 2.116000e-17 1.572000e-17 1.278000e-17 7.974000e-18 5.397000e-18 3.858000e-18 2.869000e-18 2.197000e-18 1.722000e-18 1.376000e-18 1.116000e-18 9.176000e-19 7.628000e-19 6.403000e-19 5.082000e-19 1.821000e-19 4.643000e-20 1.646000e-20
 10 1.000000e-76 5.456000e-73 1.042000e-53 4.010000e-44 3.953000e-27 5.350000e-24 1.021000e-21 5.047000e-20 6.537000e-19 2.551000e-18 1.182000e-17 2.594000e-17 3.984000e-17 5.316000e-17 5.110000e-17 4.478000e-17 3.812000e-17 3.223000e-17 2.341000e-17 1.760000e-17 1.440000e-17 9.095000e-18 6.200000e-18 4.454000e-18 3.323000e-18 2.552000e-18 2.004000e-18 1.604000e-18 1.303000e-18 1.072000e-18 8.921000e-19 7.494000e-19 5.953000e-19 2.139000e-19 5.463000e-20 1.938000e-20
 11 1.000000e-76 5.395000e-72 4.877000e-53 1.291000e-43 6.490000e-27 7.726000e-24 1.339000e-21 6.110000e-20 7.246000e-19 2.542000e-18 1.017000e-17 2.194000e-17 3.444000e-17 4.834000e-17 4.791000e-17 4.278000e-17 3.689000e-17 3.148000e-17 2.314000e-17 1.754000e-17 1.442000e-17 9.187000e-18 6.299000e-18 4.544000e-18 3.401000e-18 2.618000e-18 2.060000e-18 1.651000e-18 1.343000e-18 1.106000e-18 9.215000e-19 7.747000e-19 6.159000e-19 2.219000e-19 5.678000e-20 2.015000e-20
 12 1.000000e-76 9.199000e-70 1.471000e-51 1.638000e-42 1.733000e-26 1.533000e-23 2.127000e-21 8.144000e-20 8.407000e-19 2.627000e-18 8.749000e-18 1.780000e-17 2.799000e-17 4.075000e-17 4.148000e-17 3.769000e-17 3.290000e-17 2.832000e-17 2.108000e-17 1.612000e-17 1.332000e-17 8.579000e-18 5.928000e-18 4.301000e-18 3.234000e-18 2.498000e-18 1.972000e-18 1.584000e-18 1.291000e-18 1.065000e-18 8.885000e-19 7.479000e-19 5.955000e-19 2.155000e-19 5.529000e-20 1.964000e-20
 13 1.000000e-76 1.000000e-76 1.379000e-62 8.891000e-51 8.839000e-30 6.925000e-26 4.932000e-23 6.736000e-21 1.669000e-19 8.040000e-19 3.729000e-18 8.716000e-18 1.539000e-17 2.671000e-17 2.990000e-17 2.879000e-17 2.611000e-17 2.312000e-17 1.787000e-17 1.401000e-17 1.176000e-17 7.793000e-18 5.490000e-18 4.040000e-18 3.070000e-18 2.391000e-18 1.900000e-18 1.534000e-18 1.256000e-18 1.040000e-18 8.698000e-19 7.340000e-19 5.861000e-19 2.140000e-19 5.523000e-20 1.966000e-20
 14 1.000000e-76 1.402000e-55 3.166000e-42 1.325000e-35 6.050000e-24 7.915000e-22 2.640000e-20 3.392000e-19 1.655000e-18 3.380000e-18 6.433000e-18 9.710000e-18 1.353000e-17 1.899000e-17 1.964000e-17 1.816000e-17 1.611000e-17 1.409000e-17 1.086000e-17 8.600000e-18 7.305000e-18 5.019000e-18 3.653000e-18 2.760000e-18 2.142000e-18 1.697000e-18 1.367000e-18 1.116000e-18 9.221000e-19 7.695000e-19 6.479000e-19 5.499000e-19 4.419000e-19 1.646000e-19 4.301000e-20 1.537000e-20
 15 1.000000e-76 1.000000e-76 1.000000e-76 1.000000e-76 1.000000e-76 1.000000e-76 1.000000e-76 1.492000e-72 4.684000e-53 8.215000e-43 7.825000e-33 3.673000e-28 2.411000e-25 2.725000e-22 5.675000e-21 2.864000e-20 7.504000e-20 1.382000e-19 2.678000e-19 3.602000e-19 4.020000e-19 4.255000e-19 3.891000e-19 3.373000e-19 2.865000e-19 2.418000e-19 2.040000e-19 1.725000e-19 1.464000e-19 1.249000e-19 1.070000e-19 9.215000e-20 7.529000e-20 2.938000e-20 7.888000e-21 2.845000e-21
 16 1.000000e-76 1.000000e-76 1.000000e-76 1.000000e-76 1.000000e-76 1.000000e-76 1.000000e-76 4.274000e-75 9.352000e-55 4.417000e-44 1.102000e-33 8.165000e-29 7.090000e-26 1.097000e-22 2.638000e-21 1.445000e-20 3.990000e-20 7.625000e-20 1.547000e-19 2.138000e-19 2.421000e-19 2.626000e-19 2.435000e-19 2.130000e-19 1.820000e-19 1.543000e-19 1.306000e-19 1.107000e-19 9.421000e-20 8.048000e-20 6.907000e-20 5.954000e-20 4.871000e-20 1.909000e-20 5.136000e-21 1.853000e-21
 17 1.000000e-76 1.000000e-76 1.000000e-76 1.000000e-76 1.000000e-76 1.000000e-76 1.000000e-76 1.000000e-76 1.000000e-76 1.000000e-76 1.000000e-76 1.000000e-76 1.000000e-76 1.000000e-76 1.000000e-76 1.000000e-76 1.000000e-76 1.000000e-76 1.000000e-76 1.000000e-76 1.000000e-76 1.000000e-76 1.000000e-76 1.000000e-76 1.000000e-76 1.000000e-76 1.000000e-76 1.000000e-76 1.000000e-76 1.000000e-76 1.000000e-76 1.000000e-76 1.000000e-76 1.000000e-76 1.000000e-76 1.000000e-76
