n   Temperature [K]
 36 5.802259e+03 1.160452e+04 1.740678e+04 2.320904e+04 5.802259e+04 8.123163e+04 1.160452e+05 1.740678e+05 2.669039e+05 3.713446e+05 6.034349e+05 8.587343e+05 1.160452e+06 1.914745e+06 2.727062e+06 3.597401e+06 4.525762e+06 5.512146e+06 7.600959e+06 9.805818e+06 1.160452e+07 1.672211e+07 2.233870e+07 2.847749e+07 3.516169e+07 4.241451e+07 5.025917e+07 5.871886e+07 6.781680e+07 7.757620e+07 8.802027e+07 9.917221e+07 1.160452e+08 2.320904e+08 5.802259e+08 1.160452e+09
Q   Rate [m3/s]
  1 3.196000e-18 3.834000e-18 4.669000e-18 4.874000e-18 3.160000e-18 2.304000e-18 1.557000e-18 9.485000e-19 5.404000e-19 3.432000e-19 1.730000e-19 1.058000e-19 7.219000e-20 4.432000e-20 3.395000e-20 2.754000e-20 2.279000e-20 1.906000e-20 1.379000e-20 1.039000e-20 8.533000e-21 5.434000e-21 3.735000e-21 2.704000e-21 2.031000e-21 1.570000e-21 1.240000e-21 9.973000e-22 8.138000e-22 6.723000e-22 5.613000e-22 4.730000e-22 3.771000e-22 1.372000e-22 3.534000e-23 1.257000e-23
  2 7.535000e-20 1.031000e-18 2.627000e-18 4.473000e-18 9.548000e-18 9.088000e-18 7.547000e-18 5.413000e-18 3.460000e-18 2.337000e-18 1.249000e-18 7.763000e-19 5.179000e-19 2.744000e-19 1.813000e-19 1.321000e-19 1.015000e-19 8.052000e-20 5.453000e-20 3.956000e-20 3.181000e-20 1.956000e-20 1.316000e-20 9.385000e-21 6.973000e-21 5.341000e-21 4.189000e-21 3.349000e-21 2.719000e-21 2.237000e-21 1.861000e-21 1.563000e-21 1.242000e-21 4.465000e-22 1.142000e-22 4.051000e-23
  3 6.927000e-45 1.304000e-30 5.859000e-26 1.148000e-23 2.006000e-19 1.423000e-18 5.737000e-18 1.455000e-17 2.270000e-17 2.463000e-17 2.103000e-17 1.626000e-17 1.226000e-17 7.022000e-18 4.537000e-18 3.167000e-18 2.331000e-18 1.781000e-18 1.140000e-18 7.948000e-19 6.248000e-19 3.686000e-19 2.416000e-19 1.692000e-19 1.240000e-19 9.400000e-20 7.311000e-20 5.804000e-20 4.686000e-20 3.836000e-20 3.179000e-20 2.661000e-20 2.105000e-20 7.473000e-21 1.895000e-21 6.707000e-22
  4 3.552000e-46 3.817000e-31 3.017000e-26 7.552000e-24 1.415000e-19 1.083000e-18 5.103000e-18 1.546000e-17 2.794000e-17 3.295000e-17 3.062000e-17 2.469000e-17 1.911000e-17 1.129000e-17 7.400000e-18 5.209000e-18 3.853000e-18 2.955000e-18 1.899000e-18 1.327000e-18 1.045000e-18 6.177000e-19 4.053000e-19 2.840000e-19 2.083000e-19 1.579000e-19 1.229000e-19 9.754000e-20 7.876000e-20 6.449000e-20 5.344000e-20 4.474000e-20 3.540000e-20 1.257000e-20 3.188000e-21 1.128000e-21
  5 3.955000e-46 4.893000e-31 4.045000e-26 1.026000e-23 1.493000e-19 1.001000e-18 4.692000e-18 1.559000e-17 3.141000e-17 3.969000e-17 3.972000e-17 3.326000e-17 2.637000e-17 1.603000e-17 1.065000e-17 7.557000e-18 5.618000e-18 4.325000e-18 2.791000e-18 1.956000e-18 1.542000e-18 9.137000e-19 6.003000e-19 4.210000e-19 3.089000e-19 2.343000e-19 1.823000e-19 1.448000e-19 1.169000e-19 9.577000e-20 7.936000e-20 6.645000e-20 5.258000e-20 1.868000e-20 4.738000e-21 1.677000e-21
  6 3.312000e-49 1.739000e-32 5.015000e-27 2.371000e-24 9.245000e-20 6.530000e-19 3.182000e-18 1.202000e-17 2.853000e-17 4.014000e-17 4.516000e-17 4.013000e-17 3.305000e-17 2.102000e-17 1.428000e-17 1.026000e-17 7.693000e-18 5.957000e-18 3.874000e-18 2.728000e-18 2.155000e-18 1.283000e-18 8.447000e-19 5.933000e-19 4.358000e-19 3.308000e-19 2.575000e-19 2.046000e-19 1.653000e-19 1.354000e-19 1.123000e-19 9.401000e-20 7.440000e-20 2.645000e-20 6.712000e-21 2.376000e-21
  7 2.812000e-46 5.419000e-31 5.191000e-26 1.414000e-23 1.939000e-19 1.026000e-18 3.792000e-18 1.229000e-17 2.898000e-17 4.207000e-17 4.970000e-17 4.549000e-17 3.825000e-17 2.500000e-17 1.723000e-17 1.250000e-17 9.433000e-18 7.338000e-18 4.800000e-18 3.393000e-18 2.686000e-18 1.604000e-18 1.058000e-18 7.444000e-19 5.472000e-19 4.156000e-19 3.238000e-19 2.574000e-19 2.080000e-19 1.704000e-19 1.413000e-19 1.184000e-19 9.369000e-20 3.332000e-20 8.460000e-21 2.995000e-21
  8 1.316000e-40 3.664000e-28 3.969000e-24 3.636000e-22 6.872000e-19 2.369000e-18 5.869000e-18 1.361000e-17 2.783000e-17 3.940000e-17 4.683000e-17 4.346000e-17 3.706000e-17 2.482000e-17 1.739000e-17 1.276000e-17 9.706000e-18 7.597000e-18 5.013000e-18 3.562000e-18 2.828000e-18 1.697000e-18 1.124000e-18 7.919000e-19 5.830000e-19 4.433000e-19 3.456000e-19 2.749000e-19 2.223000e-19 1.822000e-19 1.511000e-19 1.266000e-19 1.003000e-19 3.569000e-20 9.068000e-21 3.211000e-21
  9 3.617000e-53 2.176000e-34 3.046000e-28 3.173000e-25 4.733000e-20 3.658000e-19 1.562000e-18 5.100000e-18 1.375000e-17 2.392000e-17 3.659000e-17 3.900000e-17 3.649000e-17 2.739000e-17 2.031000e-17 1.541000e-17 1.198000e-17 9.526000e-18 6.410000e-18 4.609000e-18 3.683000e-18 2.234000e-18 1.488000e-18 1.053000e-18 7.771000e-19 5.920000e-19 4.622000e-19 3.681000e-19 2.979000e-19 2.444000e-19 2.028000e-19 1.700000e-19 1.347000e-19 4.804000e-20 1.222000e-20 4.327000e-21
 10 1.635000e-45 1.145000e-30 7.824000e-26 1.801000e-23 1.770000e-19 8.062000e-19 2.237000e-18 4.840000e-18 9.720000e-18 1.549000e-17 2.372000e-17 2.642000e-17 2.607000e-17 2.175000e-17 1.736000e-17 1.386000e-17 1.119000e-17 9.142000e-18 6.382000e-18 4.696000e-18 3.800000e-18 2.355000e-18 1.588000e-18 1.133000e-18 8.410000e-19 6.435000e-19 5.040000e-19 4.024000e-19 3.263000e-19 2.681000e-19 2.228000e-19 1.870000e-19 1.483000e-19 5.311000e-20 1.354000e-20 4.798000e-21
 11 1.000000e-76 1.000000e-76 2.346000e-71 3.058000e-57 4.296000e-32 2.078000e-27 5.796000e-24 2.292000e-21 1.204000e-19 8.862000e-19 6.508000e-18 1.804000e-17 3.347000e-17 5.802000e-17 6.392000e-17 6.078000e-17 5.460000e-17 4.793000e-17 3.652000e-17 2.824000e-17 2.346000e-17 1.517000e-17 1.048000e-17 7.587000e-18 5.690000e-18 4.385000e-18 3.454000e-18 2.769000e-18 2.253000e-18 1.856000e-18 1.546000e-18 1.300000e-18 1.033000e-18 3.722000e-19 9.521000e-20 3.379000e-20
 12 1.000000e-76 1.000000e-76 1.118000e-70 9.695000e-57 6.542000e-32 2.752000e-27 6.911000e-24 2.517000e-21 1.238000e-19 8.645000e-19 5.864000e-18 1.605000e-17 3.043000e-17 5.579000e-17 6.364000e-17 6.185000e-17 5.639000e-17 5.003000e-17 3.863000e-17 3.012000e-17 2.513000e-17 1.638000e-17 1.136000e-17 8.252000e-18 6.202000e-18 4.788000e-18 3.776000e-18 3.030000e-18 2.467000e-18 2.034000e-18 1.695000e-18 1.426000e-18 1.134000e-18 4.093000e-19 1.048000e-19 3.721000e-20
 13 1.000000e-76 1.000000e-76 7.153000e-70 3.976000e-56 1.204000e-31 4.348000e-27 9.740000e-24 3.243000e-21 1.490000e-19 9.849000e-19 5.937000e-18 1.512000e-17 2.815000e-17 5.278000e-17 6.176000e-17 6.111000e-17 5.642000e-17 5.052000e-17 3.949000e-17 3.103000e-17 2.600000e-17 1.707000e-17 1.189000e-17 8.665000e-18 6.528000e-18 5.049000e-18 3.987000e-18 3.203000e-18 2.611000e-18 2.154000e-18 1.797000e-18 1.512000e-18 1.204000e-18 4.352000e-19 1.116000e-19 3.964000e-20
 14 1.000000e-76 1.000000e-76 5.887000e-74 3.518000e-59 7.661000e-33 6.245000e-28 2.577000e-24 1.379000e-21 8.795000e-20 6.825000e-19 4.557000e-18 1.175000e-17 2.231000e-17 4.476000e-17 5.505000e-17 5.631000e-17 5.319000e-17 4.842000e-17 3.868000e-17 3.080000e-17 2.600000e-17 1.729000e-17 1.214000e-17 8.895000e-18 6.729000e-18 5.220000e-18 4.133000e-18 3.327000e-18 2.716000e-18 2.244000e-18 1.874000e-18 1.579000e-18 1.258000e-18 4.565000e-19 1.173000e-19 4.171000e-20
 15 1.000000e-76 1.000000e-76 7.912000e-73 2.455000e-58 1.644000e-32 1.070000e-27 3.731000e-24 1.752000e-21 1.018000e-19 7.474000e-19 4.538000e-18 1.074000e-17 1.941000e-17 3.847000e-17 4.809000e-17 4.994000e-17 4.774000e-17 4.385000e-17 3.546000e-17 2.846000e-17 2.413000e-17 1.619000e-17 1.144000e-17 8.422000e-18 6.394000e-18 4.976000e-18 3.949000e-18 3.186000e-18 2.606000e-18 2.156000e-18 1.803000e-18 1.520000e-18 1.213000e-18 4.420000e-19 1.139000e-19 4.053000e-20
 16 1.000000e-76 1.000000e-76 7.060000e-71 6.927000e-57 5.836000e-32 2.560000e-27 6.638000e-24 2.476000e-21 1.225000e-19 8.231000e-19 4.451000e-18 9.604000e-18 1.627000e-17 3.119000e-17 3.938000e-17 4.141000e-17 4.000000e-17 3.705000e-17 3.032000e-17 2.453000e-17 2.091000e-17 1.417000e-17 1.010000e-17 7.480000e-18 5.710000e-18 4.463000e-18 3.555000e-18 2.877000e-18 2.359000e-18 1.957000e-18 1.639000e-18 1.385000e-18 1.107000e-18 4.061000e-19 1.051000e-19 3.745000e-20
 17 1.000000e-76 1.000000e-76 1.801000e-76 4.272000e-61 1.112000e-33 1.454000e-28 8.552000e-25 6.031000e-22 4.648000e-20 3.935000e-19 2.617000e-18 5.993000e-18 1.031000e-17 2.046000e-17 2.693000e-17 2.926000e-17 2.895000e-17 2.730000e-17 2.291000e-17 1.886000e-17 1.625000e-17 1.127000e-17 8.169000e-18 6.137000e-18 4.740000e-18 3.740000e-18 3.004000e-18 2.447000e-18 2.018000e-18 1.682000e-18 1.415000e-18 1.199000e-18 9.632000e-19 3.579000e-19 9.343000e-20 3.339000e-20
 18 1.000000e-76 1.000000e-76 1.066000e-57 4.158000e-47 2.651000e-28 7.945000e-25 2.761000e-22 2.184000e-20 3.752000e-19 1.462000e-18 4.566000e-18 7.165000e-18 9.601000e-18 1.466000e-17 1.758000e-17 1.831000e-17 1.770000e-17 1.646000e-17 1.364000e-17 1.124000e-17 9.733000e-18 6.924000e-18 5.176000e-18 4.002000e-18 3.169000e-18 2.555000e-18 2.088000e-18 1.727000e-18 1.443000e-18 1.215000e-18 1.032000e-18 8.817000e-19 7.147000e-19 2.733000e-19 7.268000e-20 2.614000e-20
 19 1.000000e-76 1.000000e-76 1.000000e-76 1.000000e-76 1.000000e-76 1.000000e-76 1.000000e-76 1.000000e-76 1.190000e-72 7.129000e-57 1.939000e-41 3.618000e-34 9.419000e-30 6.611000e-25 9.138000e-23 1.357000e-21 7.117000e-21 2.122000e-20 7.540000e-20 1.454000e-19 1.967000e-19 2.869000e-19 3.150000e-19 3.071000e-19 2.830000e-19 2.533000e-19 2.235000e-19 1.957000e-19 1.708000e-19 1.491000e-19 1.301000e-19 1.138000e-19 9.465000e-20 3.893000e-20 1.078000e-20 3.930000e-21
 20 1.000000e-76 1.000000e-76 1.000000e-76 1.000000e-76 1.000000e-76 1.000000e-76 1.000000e-76 1.000000e-76 2.483000e-74 4.337000e-58 3.317000e-42 1.009000e-34 3.545000e-30 3.482000e-25 5.614000e-23 9.104000e-22 5.051000e-21 1.566000e-20 5.846000e-20 1.160000e-19 1.595000e-19 2.388000e-19 2.662000e-19 2.620000e-19 2.429000e-19 2.186000e-19 1.935000e-19 1.699000e-19 1.487000e-19 1.300000e-19 1.136000e-19 9.950000e-20 8.288000e-20 3.423000e-20 9.507000e-21 3.467000e-21
 21 1.000000e-76 1.000000e-76 1.000000e-76 1.000000e-76 1.000000e-76 1.000000e-76 1.000000e-76 1.000000e-76 1.000000e-76 1.000000e-76 1.000000e-76 1.000000e-76 1.000000e-76 1.000000e-76 1.000000e-76 1.000000e-76 1.000000e-76 1.000000e-76 1.000000e-76 1.000000e-76 1.000000e-76 1.000000e-76 1.000000e-76 1.000000e-76 1.000000e-76 1.000000e-76 1.000000e-76 1.000000e-76 1.000000e-76 1.000000e-76 1.000000e-76 1.000000e-76 1.000000e-76 1.000000e-76 1.000000e-76 1.000000e-76
