n   Temperature [K]
 36 5.802259e+03 1.160452e+04 1.740678e+04 2.320904e+04 5.802259e+04 8.123163e+04 1.160452e+05 1.740678e+05 2.669039e+05 3.713446e+05 6.034349e+05 8.587343e+05 1.160452e+06 1.914745e+06 2.727062e+06 3.597401e+06 4.525762e+06 5.512146e+06 7.600959e+06 9.805818e+06 1.160452e+07 1.672211e+07 2.233870e+07 2.847749e+07 3.516169e+07 4.241451e+07 5.025917e+07 5.871886e+07 6.781680e+07 7.757620e+07 8.802027e+07 9.917221e+07 1.160452e+08 2.320904e+08 5.802259e+08 1.160452e+09
Q   Rate [m3/s]
  1 1.000000e-76 1.495000e-68 2.237000e-51 8.026000e-43 1.259000e-27 8.047000e-25 8.896000e-23 2.892000e-21 2.643000e-20 7.276000e-20 1.551000e-19 1.853000e-19 1.822000e-19 1.400000e-19 1.031000e-19 7.729000e-20 5.949000e-20 4.691000e-20 3.125000e-20 2.238000e-20 1.786000e-20 1.086000e-20 7.267000e-21 5.166000e-21 3.830000e-21 2.930000e-21 2.296000e-21 1.834000e-21 1.488000e-21 1.224000e-21 1.018000e-21 8.548000e-22 6.789000e-22 2.440000e-22 6.243000e-23 2.216000e-23
  2 1.968000e-13 1.357000e-13 1.001000e-13 7.709000e-14 2.741000e-14 1.774000e-14 1.096000e-14 6.220000e-15 3.374000e-15 2.088000e-15 1.024000e-15 6.078000e-16 3.888000e-16 1.844000e-16 1.088000e-16 7.191000e-17 5.101000e-17 3.798000e-17 2.347000e-17 1.603000e-17 1.245000e-17 7.203000e-18 4.667000e-18 3.243000e-18 2.364000e-18 1.784000e-18 1.384000e-18 1.096000e-18 8.828000e-19 7.216000e-19 5.971000e-19 4.993000e-19 3.945000e-19 1.395000e-19 3.529000e-20 1.248000e-20
  3 1.969000e-18 2.686000e-17 5.808000e-17 8.143000e-17 9.964000e-17 8.373000e-17 6.324000e-17 4.212000e-17 2.562000e-17 1.695000e-17 9.041000e-18 5.683000e-18 3.806000e-18 1.929000e-18 1.181000e-18 7.995000e-19 5.764000e-19 4.342000e-19 2.727000e-19 1.881000e-19 1.470000e-19 8.597000e-20 5.609000e-20 3.917000e-20 2.866000e-20 2.170000e-20 1.686000e-20 1.338000e-20 1.079000e-20 8.835000e-21 7.319000e-21 6.126000e-21 4.845000e-21 1.719000e-21 4.360000e-22 1.543000e-22
  4 1.056000e-18 2.870000e-17 6.991000e-17 1.025000e-16 1.710000e-16 1.661000e-16 1.434000e-16 1.075000e-16 7.145000e-17 4.953000e-17 2.744000e-17 1.740000e-17 1.165000e-17 5.853000e-18 3.555000e-18 2.392000e-18 1.717000e-18 1.289000e-18 8.059000e-19 5.542000e-19 4.323000e-19 2.518000e-19 1.639000e-19 1.142000e-19 8.348000e-20 6.313000e-20 4.901000e-20 3.886000e-20 3.134000e-20 2.564000e-20 2.123000e-20 1.776000e-20 1.404000e-20 4.975000e-21 1.260000e-21 4.458000e-22
  5 1.465000e-16 3.711000e-16 3.914000e-16 3.591000e-16 2.322000e-16 2.064000e-16 1.797000e-16 1.431000e-16 1.022000e-16 7.423000e-17 4.325000e-17 2.811000e-17 1.909000e-17 9.740000e-18 5.953000e-18 4.019000e-18 2.891000e-18 2.174000e-18 1.361000e-18 9.367000e-19 7.311000e-19 4.262000e-19 2.775000e-19 1.935000e-19 1.414000e-19 1.069000e-19 8.302000e-20 6.583000e-20 5.309000e-20 4.343000e-20 3.596000e-20 3.009000e-20 2.379000e-20 8.428000e-21 2.135000e-21 7.553000e-22
  6 4.427000e-55 7.144000e-35 2.998000e-28 5.442000e-25 2.646000e-19 2.915000e-18 1.662000e-17 5.760000e-17 1.154000e-16 1.447000e-16 1.437000e-16 1.198000e-16 9.456000e-17 5.685000e-17 3.740000e-17 2.631000e-17 1.943000e-17 1.487000e-17 9.519000e-18 6.638000e-18 5.215000e-18 3.074000e-18 2.013000e-18 1.409000e-18 1.032000e-18 7.816000e-19 6.076000e-19 4.822000e-19 3.892000e-19 3.186000e-19 2.639000e-19 2.209000e-19 1.747000e-19 6.197000e-20 1.571000e-20 5.557000e-21
  7 9.866000e-22 6.462000e-19 4.320000e-18 9.834000e-18 2.384000e-17 2.294000e-17 2.463000e-17 4.465000e-17 9.286000e-17 1.316000e-16 1.537000e-16 1.399000e-16 1.169000e-16 7.507000e-17 5.093000e-17 3.648000e-17 2.725000e-17 2.103000e-17 1.360000e-17 9.542000e-18 7.522000e-18 4.458000e-18 2.929000e-18 2.054000e-18 1.507000e-18 1.143000e-18 8.891000e-19 7.061000e-19 5.701000e-19 4.669000e-19 3.869000e-19 3.239000e-19 2.563000e-19 9.100000e-20 2.308000e-20 8.168000e-21
  8 4.308000e-64 1.864000e-39 2.417000e-31 2.478000e-27 2.661000e-20 5.230000e-19 4.785000e-18 2.557000e-17 7.287000e-17 1.121000e-16 1.375000e-16 1.272000e-16 1.071000e-16 6.932000e-17 4.716000e-17 3.383000e-17 2.529000e-17 1.953000e-17 1.264000e-17 8.873000e-18 6.997000e-18 4.149000e-18 2.727000e-18 1.913000e-18 1.404000e-18 1.065000e-18 8.285000e-19 6.580000e-19 5.314000e-19 4.351000e-19 3.606000e-19 3.019000e-19 2.389000e-19 8.485000e-20 2.152000e-20 7.617000e-21
  9 1.606000e-58 8.619000e-37 1.163000e-29 3.784000e-26 5.369000e-20 7.615000e-19 5.737000e-18 2.782000e-17 7.680000e-17 1.175000e-16 1.443000e-16 1.339000e-16 1.130000e-16 7.334000e-17 4.998000e-17 3.588000e-17 2.684000e-17 2.074000e-17 1.343000e-17 9.432000e-18 7.440000e-18 4.414000e-18 2.902000e-18 2.036000e-18 1.494000e-18 1.133000e-18 8.821000e-19 7.007000e-19 5.659000e-19 4.634000e-19 3.841000e-19 3.216000e-19 2.545000e-19 9.039000e-20 2.293000e-20 8.116000e-21
 10 1.396000e-49 2.726000e-32 1.217000e-26 7.162000e-24 3.908000e-19 2.632000e-18 1.095000e-17 3.537000e-17 8.155000e-17 1.195000e-16 1.468000e-16 1.382000e-16 1.183000e-16 7.833000e-17 5.397000e-17 3.900000e-17 2.931000e-17 2.271000e-17 1.477000e-17 1.040000e-17 8.215000e-18 4.885000e-18 3.217000e-18 2.259000e-18 1.659000e-18 1.259000e-18 9.802000e-19 7.788000e-19 6.291000e-19 5.153000e-19 4.271000e-19 3.577000e-19 2.831000e-19 1.006000e-19 2.553000e-20 9.036000e-21
 11 2.471000e-36 1.193000e-25 3.345000e-22 1.559000e-20 8.794000e-18 2.427000e-17 4.960000e-17 8.779000e-17 1.323000e-16 1.582000e-16 1.648000e-16 1.462000e-16 1.215000e-16 7.840000e-17 5.351000e-17 3.849000e-17 2.885000e-17 2.232000e-17 1.449000e-17 1.019000e-17 8.044000e-18 4.780000e-18 3.147000e-18 2.209000e-18 1.622000e-18 1.231000e-18 9.586000e-19 7.616000e-19 6.152000e-19 5.040000e-19 4.177000e-19 3.498000e-19 2.769000e-19 9.839000e-20 2.497000e-20 8.838000e-21
 12 1.218000e-24 9.013000e-20 2.913000e-18 1.458000e-17 1.469000e-16 1.850000e-16 2.037000e-16 2.143000e-16 2.181000e-16 2.104000e-16 1.813000e-16 1.512000e-16 1.231000e-16 7.936000e-17 5.462000e-17 3.959000e-17 2.985000e-17 2.320000e-17 1.516000e-17 1.070000e-17 8.471000e-18 5.055000e-18 3.336000e-18 2.346000e-18 1.725000e-18 1.310000e-18 1.021000e-18 8.114000e-19 6.557000e-19 5.373000e-19 4.455000e-19 3.732000e-19 2.954000e-19 1.051000e-19 2.668000e-20 9.445000e-21
 13 1.000000e-76 5.514000e-68 1.977000e-50 1.046000e-41 3.537000e-26 2.986000e-23 4.513000e-21 2.175000e-19 3.311000e-18 1.430000e-17 5.700000e-17 9.832000e-17 1.237000e-16 1.276000e-16 1.081000e-16 8.792000e-17 7.132000e-17 5.830000e-17 4.056000e-17 2.972000e-17 2.399000e-17 1.479000e-17 9.942000e-18 7.075000e-18 5.244000e-18 4.007000e-18 3.136000e-18 2.501000e-18 2.027000e-18 1.665000e-18 1.383000e-18 1.160000e-18 9.199000e-19 3.289000e-19 8.377000e-20 2.968000e-20
 14 2.415000e-29 1.094000e-21 3.003000e-19 4.379000e-18 3.002000e-16 5.306000e-16 7.116000e-16 7.870000e-16 7.618000e-16 6.983000e-16 5.539000e-16 4.303000e-16 3.293000e-16 1.935000e-16 1.265000e-16 8.872000e-17 6.543000e-17 5.005000e-17 3.202000e-17 2.232000e-17 1.754000e-17 1.033000e-17 6.765000e-18 4.733000e-18 3.466000e-18 2.626000e-18 2.041000e-18 1.620000e-18 1.307000e-18 1.070000e-18 8.862000e-19 7.417000e-19 5.866000e-19 2.081000e-19 5.274000e-20 1.866000e-20
 15 5.958000e-34 4.268000e-24 6.333000e-21 2.148000e-19 6.722000e-17 1.585000e-16 2.643000e-16 3.513000e-16 4.038000e-16 4.213000e-16 3.942000e-16 3.355000e-16 2.724000e-16 1.713000e-16 1.156000e-16 8.259000e-17 6.163000e-17 4.753000e-17 3.073000e-17 2.156000e-17 1.700000e-17 1.007000e-17 6.621000e-18 4.643000e-18 3.407000e-18 2.584000e-18 2.010000e-18 1.597000e-18 1.289000e-18 1.056000e-18 8.750000e-19 7.327000e-19 5.797000e-19 2.059000e-19 5.223000e-20 1.848000e-20
 16 3.721000e-38 3.942000e-26 3.093000e-22 2.412000e-20 3.378000e-17 1.057000e-16 2.165000e-16 3.327000e-16 4.172000e-16 4.570000e-16 4.562000e-16 4.044000e-16 3.378000e-16 2.202000e-16 1.511000e-16 1.091000e-16 8.197000e-17 6.353000e-17 4.133000e-17 2.910000e-17 2.299000e-17 1.368000e-17 9.011000e-18 6.330000e-18 4.650000e-18 3.530000e-18 2.748000e-18 2.184000e-18 1.764000e-18 1.445000e-18 1.198000e-18 1.003000e-18 7.943000e-19 2.824000e-19 7.168000e-20 2.537000e-20
 17 4.695000e-42 5.093000e-28 1.870000e-23 3.154000e-21 1.771000e-17 7.207000e-17 1.788000e-16 3.149000e-16 4.267000e-16 4.858000e-16 5.107000e-16 4.687000e-16 4.017000e-16 2.704000e-16 1.887000e-16 1.375000e-16 1.040000e-16 8.093000e-17 5.296000e-17 3.743000e-17 2.963000e-17 1.769000e-17 1.168000e-17 8.214000e-18 6.040000e-18 4.588000e-18 3.575000e-18 2.842000e-18 2.297000e-18 1.882000e-18 1.561000e-18 1.308000e-18 1.035000e-18 3.683000e-19 9.354000e-20 3.312000e-20
 18 8.079000e-46 7.589000e-30 1.233000e-24 4.373000e-22 9.360000e-18 4.911000e-17 1.469000e-16 2.957000e-16 4.325000e-16 5.099000e-16 5.602000e-16 5.303000e-16 4.653000e-16 3.230000e-16 2.288000e-16 1.683000e-16 1.281000e-16 1.001000e-16 6.588000e-17 4.673000e-17 3.706000e-17 2.220000e-17 1.469000e-17 1.034000e-17 7.613000e-18 5.788000e-18 4.512000e-18 3.589000e-18 2.902000e-18 2.379000e-18 1.973000e-18 1.653000e-18 1.309000e-18 4.661000e-19 1.184000e-19 4.193000e-20
 19 2.827000e-49 1.591000e-31 1.011000e-25 7.094000e-23 5.183000e-18 3.434000e-17 1.220000e-16 2.783000e-16 4.366000e-16 5.297000e-16 6.008000e-16 5.822000e-16 5.205000e-16 3.706000e-16 2.661000e-16 1.974000e-16 1.509000e-16 1.185000e-16 7.835000e-17 5.574000e-17 4.429000e-17 2.662000e-17 1.764000e-17 1.244000e-17 9.162000e-18 6.970000e-18 5.437000e-18 4.326000e-18 3.499000e-18 2.869000e-18 2.380000e-18 1.994000e-18 1.580000e-18 5.628000e-19 1.431000e-19 5.067000e-20
 20 2.019000e-52 4.704000e-33 1.034000e-26 1.350000e-23 3.014000e-18 2.469000e-17 1.027000e-16 2.628000e-16 4.401000e-16 5.474000e-16 6.373000e-16 6.301000e-16 5.729000e-16 4.178000e-16 3.038000e-16 2.271000e-16 1.746000e-16 1.375000e-16 9.140000e-17 6.523000e-17 5.192000e-17 3.129000e-17 2.077000e-17 1.467000e-17 1.081000e-17 8.233000e-18 6.425000e-18 5.114000e-18 4.137000e-18 3.393000e-18 2.816000e-18 2.360000e-18 1.870000e-18 6.667000e-19 1.696000e-19 6.005000e-20
 21 2.437000e-55 1.795000e-34 1.248000e-27 2.896000e-24 1.822000e-18 1.818000e-17 8.752000e-17 2.496000e-16 4.452000e-16 5.679000e-16 6.810000e-16 6.902000e-16 6.411000e-16 4.821000e-16 3.564000e-16 2.690000e-16 2.082000e-16 1.648000e-16 1.102000e-16 7.896000e-17 6.298000e-17 3.810000e-17 2.534000e-17 1.792000e-17 1.322000e-17 1.007000e-17 7.866000e-18 6.264000e-18 5.069000e-18 4.159000e-18 3.452000e-18 2.894000e-18 2.293000e-18 8.182000e-19 2.082000e-19 7.374000e-20
 22 6.918000e-61 3.331000e-37 2.010000e-29 1.375000e-25 6.047000e-19 8.740000e-18 5.549000e-17 1.954000e-16 3.990000e-16 5.420000e-16 6.922000e-16 7.301000e-16 6.998000e-16 5.490000e-16 4.149000e-16 3.174000e-16 2.479000e-16 1.975000e-16 1.331000e-16 9.585000e-17 7.666000e-17 4.658000e-17 3.107000e-17 2.201000e-17 1.626000e-17 1.240000e-17 9.686000e-18 7.717000e-18 6.248000e-18 5.128000e-18 4.257000e-18 3.570000e-18 2.829000e-18 1.010000e-18 2.572000e-19 9.111000e-20
 23 2.399000e-63 2.124000e-38 3.382000e-30 3.758000e-26 3.959000e-19 6.758000e-18 4.858000e-17 1.878000e-16 4.049000e-16 5.607000e-16 7.264000e-16 7.767000e-16 7.553000e-16 6.066000e-16 4.648000e-16 3.586000e-16 2.817000e-16 2.253000e-16 1.528000e-16 1.104000e-16 8.845000e-17 5.393000e-17 3.604000e-17 2.556000e-17 1.890000e-17 1.442000e-17 1.127000e-17 8.985000e-18 7.277000e-18 5.974000e-18 4.961000e-18 4.161000e-18 3.299000e-18 1.178000e-18 3.001000e-19 1.063000e-19
 24 2.087000e-65 2.120000e-39 7.612000e-31 1.270000e-26 2.782000e-19 5.458000e-18 4.354000e-17 1.820000e-16 4.109000e-16 5.771000e-16 7.516000e-16 8.086000e-16 7.935000e-16 6.487000e-16 5.026000e-16 3.907000e-16 3.084000e-16 2.476000e-16 1.687000e-16 1.223000e-16 9.817000e-17 6.004000e-17 4.020000e-17 2.854000e-17 2.113000e-17 1.613000e-17 1.262000e-17 1.006000e-17 8.150000e-18 6.692000e-18 5.558000e-18 4.663000e-18 3.697000e-18 1.322000e-18 3.368000e-19 1.193000e-19
 25 4.631000e-67 3.360000e-40 2.325000e-31 5.382000e-27 2.127000e-19 4.669000e-18 4.051000e-17 1.804000e-16 4.226000e-16 6.001000e-16 7.828000e-16 8.452000e-16 8.356000e-16 6.945000e-16 5.439000e-16 4.258000e-16 3.378000e-16 2.723000e-16 1.865000e-16 1.356000e-16 1.090000e-16 6.688000e-17 4.486000e-17 3.189000e-17 2.363000e-17 1.805000e-17 1.412000e-17 1.127000e-17 9.132000e-18 7.500000e-18 6.231000e-18 5.228000e-18 4.146000e-18 1.483000e-18 3.780000e-19 1.340000e-19
 26 2.618000e-68 8.453000e-41 9.618000e-32 2.856000e-27 1.766000e-19 4.223000e-18 3.906000e-17 1.825000e-16 4.395000e-16 6.281000e-16 8.161000e-16 8.804000e-16 8.743000e-16 7.360000e-16 5.819000e-16 4.585000e-16 3.655000e-16 2.956000e-16 2.034000e-16 1.483000e-16 1.195000e-16 7.353000e-17 4.941000e-17 3.517000e-17 2.608000e-17 1.994000e-17 1.561000e-17 1.246000e-17 1.010000e-17 8.296000e-18 6.894000e-18 5.785000e-18 4.589000e-18 1.643000e-18 4.189000e-19 1.485000e-19
 27 4.614000e-69 3.733000e-41 5.769000e-32 1.996000e-27 1.626000e-19 4.098000e-18 3.941000e-17 1.897000e-16 4.638000e-16 6.637000e-16 8.533000e-16 9.149000e-16 9.087000e-16 7.712000e-16 6.143000e-16 4.867000e-16 3.895000e-16 3.159000e-16 2.184000e-16 1.597000e-16 1.288000e-16 7.950000e-17 5.352000e-17 3.814000e-17 2.831000e-17 2.165000e-17 1.696000e-17 1.354000e-17 1.098000e-17 9.023000e-18 7.499000e-18 6.294000e-18 4.994000e-18 1.789000e-18 4.563000e-19 1.618000e-19
 28 1.000000e-76 1.065000e-58 1.217000e-43 3.624000e-36 5.653000e-23 1.445000e-20 7.896000e-19 1.464000e-17 8.991000e-17 2.024000e-16 3.827000e-16 4.969000e-16 5.879000e-16 6.885000e-16 6.748000e-16 6.123000e-16 5.379000e-16 4.668000e-16 3.520000e-16 2.713000e-16 2.252000e-16 1.456000e-16 1.007000e-16 7.298000e-17 5.479000e-17 4.226000e-17 3.331000e-17 2.672000e-17 2.175000e-17 1.793000e-17 1.494000e-17 1.256000e-17 9.994000e-18 3.605000e-18 9.231000e-19 3.277000e-19
 29 1.000000e-76 4.161000e-53 6.582000e-40 2.305000e-33 7.632000e-22 9.364000e-20 2.952000e-18 3.567000e-17 1.626000e-16 3.117000e-16 4.974000e-16 5.886000e-16 6.568000e-16 7.302000e-16 7.064000e-16 6.387000e-16 5.607000e-16 4.865000e-16 3.672000e-16 2.833000e-16 2.352000e-16 1.522000e-16 1.053000e-16 7.634000e-17 5.732000e-17 4.422000e-17 3.486000e-17 2.796000e-17 2.277000e-17 1.877000e-17 1.564000e-17 1.315000e-17 1.046000e-17 3.774000e-18 9.664000e-19 3.431000e-19
 30 1.000000e-76 5.715000e-47 8.207000e-36 2.738000e-30 1.318000e-20 7.220000e-19 1.244000e-17 9.389000e-17 3.084000e-16 4.965000e-16 6.598000e-16 7.069000e-16 7.393000e-16 7.722000e-16 7.333000e-16 6.586000e-16 5.765000e-16 4.995000e-16 3.766000e-16 2.904000e-16 2.411000e-16 1.561000e-16 1.080000e-16 7.828000e-17 5.878000e-17 4.535000e-17 3.575000e-17 2.868000e-17 2.335000e-17 1.925000e-17 1.604000e-17 1.349000e-17 1.073000e-17 3.871000e-18 9.913000e-19 3.519000e-19
 31 1.999000e-67 2.740000e-40 2.343000e-31 6.032000e-27 2.885000e-19 6.568000e-18 5.854000e-17 2.648000e-16 6.088000e-16 8.108000e-16 8.858000e-16 8.550000e-16 8.349000e-16 8.143000e-16 7.568000e-16 6.740000e-16 5.878000e-16 5.084000e-16 3.827000e-16 2.951000e-16 2.450000e-16 1.586000e-16 1.097000e-16 7.959000e-17 5.978000e-17 4.612000e-17 3.636000e-17 2.918000e-17 2.375000e-17 1.958000e-17 1.632000e-17 1.373000e-17 1.092000e-17 3.940000e-18 1.009000e-18 3.583000e-19
 32 6.916000e-53 5.104000e-33 1.648000e-26 2.607000e-23 8.224000e-18 7.194000e-17 3.129000e-16 8.103000e-16 1.263000e-15 1.369000e-15 1.212000e-15 1.047000e-15 9.496000e-16 8.563000e-16 7.743000e-16 6.815000e-16 5.908000e-16 5.093000e-16 3.822000e-16 2.942000e-16 2.442000e-16 1.580000e-16 1.093000e-16 7.925000e-17 5.952000e-17 4.593000e-17 3.621000e-17 2.905000e-17 2.366000e-17 1.950000e-17 1.625000e-17 1.367000e-17 1.088000e-17 3.925000e-18 1.005000e-18 3.570000e-19
 33 2.874000e-37 3.212000e-25 2.566000e-21 2.019000e-19 2.872000e-16 8.980000e-16 1.806000e-15 2.565000e-15 2.634000e-15 2.289000e-15 1.621000e-15 1.252000e-15 1.057000e-15 8.891000e-16 7.866000e-16 6.866000e-16 5.931000e-16 5.105000e-16 3.826000e-16 2.946000e-16 2.445000e-16 1.582000e-16 1.095000e-16 7.945000e-17 5.969000e-17 4.607000e-17 3.633000e-17 2.916000e-17 2.374000e-17 1.958000e-17 1.632000e-17 1.373000e-17 1.092000e-17 3.942000e-18 1.010000e-18 3.587000e-19
 34 3.413000e-37 3.539000e-25 2.757000e-21 2.143000e-19 2.980000e-16 9.277000e-16 1.859000e-15 2.635000e-15 2.701000e-15 2.343000e-15 1.646000e-15 1.252000e-15 1.040000e-15 8.575000e-16 7.577000e-16 6.639000e-16 5.762000e-16 4.980000e-16 3.757000e-16 2.906000e-16 2.418000e-16 1.573000e-16 1.092000e-16 7.937000e-17 5.971000e-17 4.614000e-17 3.641000e-17 2.924000e-17 2.382000e-17 1.965000e-17 1.639000e-17 1.379000e-17 1.097000e-17 3.966000e-18 1.017000e-18 3.611000e-19
 35 6.910000e-20 1.559000e-16 1.574000e-15 4.402000e-15 1.542000e-14 1.536000e-14 1.310000e-14 9.546000e-15 6.161000e-15 4.185000e-15 2.302000e-15 1.548000e-15 1.187000e-15 8.983000e-16 7.700000e-16 6.661000e-16 5.744000e-16 4.948000e-16 3.723000e-16 2.876000e-16 2.392000e-16 1.556000e-16 1.080000e-16 7.854000e-17 5.910000e-17 4.567000e-17 3.605000e-17 2.895000e-17 2.359000e-17 1.946000e-17 1.623000e-17 1.366000e-17 1.087000e-17 3.929000e-18 1.008000e-18 3.579000e-19
 36 1.000000e-76 1.000000e-76 1.000000e-76 7.516000e-63 1.843000e-33 5.731000e-28 6.462000e-24 7.598000e-21 8.440000e-19 8.773000e-18 7.271000e-17 1.791000e-16 2.952000e-16 4.608000e-16 5.022000e-16 4.828000e-16 4.405000e-16 3.927000e-16 3.069000e-16 2.420000e-16 2.034000e-16 1.345000e-16 9.420000e-17 6.888000e-17 5.203000e-17 4.032000e-17 3.189000e-17 2.565000e-17 2.093000e-17 1.729000e-17 1.443000e-17 1.215000e-17 9.678000e-18 3.508000e-18 9.009000e-19 3.202000e-19
 37 1.000000e-76 1.000000e-76 3.016000e-76 1.514000e-60 1.568000e-32 2.699000e-27 1.959000e-23 1.633000e-20 1.418000e-18 1.284000e-17 9.148000e-17 2.070000e-16 3.221000e-16 4.713000e-16 5.009000e-16 4.761000e-16 4.318000e-16 3.837000e-16 2.991000e-16 2.356000e-16 1.980000e-16 1.309000e-16 9.174000e-17 6.711000e-17 5.071000e-17 3.931000e-17 3.110000e-17 2.502000e-17 2.042000e-17 1.687000e-17 1.408000e-17 1.186000e-17 9.448000e-18 3.426000e-18 8.801000e-19 3.128000e-19
 38 1.000000e-76 8.831000e-55 5.095000e-41 3.407000e-34 3.616000e-22 5.538000e-20 2.062000e-18 2.840000e-17 1.427000e-16 2.894000e-16 4.744000e-16 5.317000e-16 5.446000e-16 5.466000e-16 5.355000e-16 5.098000e-16 4.754000e-16 4.378000e-16 3.659000e-16 3.055000e-16 2.663000e-16 1.892000e-16 1.390000e-16 1.051000e-16 8.132000e-17 6.419000e-17 5.150000e-17 4.191000e-17 3.451000e-17 2.872000e-17 2.412000e-17 2.042000e-17 1.637000e-17 6.047000e-18 1.571000e-18 5.607000e-19
 39 5.382000e-73 4.073000e-43 2.857000e-33 2.107000e-28 6.697000e-20 2.187000e-18 2.555000e-17 1.427000e-16 3.795000e-16 5.434000e-16 6.141000e-16 5.665000e-16 5.152000e-16 4.744000e-16 4.754000e-16 4.756000e-16 4.661000e-16 4.478000e-16 3.972000e-16 3.438000e-16 3.054000e-16 2.234000e-16 1.666000e-16 1.270000e-16 9.886000e-17 7.833000e-17 6.303000e-17 5.140000e-17 4.240000e-17 3.533000e-17 2.971000e-17 2.518000e-17 2.020000e-17 7.485000e-18 1.949000e-18 6.958000e-19
 40 4.065000e-48 1.032000e-30 5.032000e-25 3.093000e-22 1.780000e-17 1.126000e-16 3.841000e-16 8.233000e-16 1.125000e-15 1.134000e-15 9.054000e-16 7.048000e-16 5.758000e-16 4.751000e-16 4.619000e-16 4.586000e-16 4.486000e-16 4.307000e-16 3.819000e-16 3.304000e-16 2.934000e-16 2.144000e-16 1.598000e-16 1.218000e-16 9.474000e-17 7.505000e-17 6.038000e-17 4.922000e-17 4.060000e-17 3.383000e-17 2.844000e-17 2.411000e-17 1.934000e-17 7.165000e-18 1.866000e-18 6.661000e-19
 41 6.584000e-22 1.155000e-17 2.311000e-16 9.100000e-16 5.900000e-15 6.607000e-15 6.150000e-15 4.800000e-15 3.249000e-15 2.260000e-15 1.252000e-15 8.180000e-16 6.004000e-16 4.477000e-16 4.256000e-16 4.224000e-16 4.154000e-16 4.011000e-16 3.592000e-16 3.128000e-16 2.789000e-16 2.052000e-16 1.535000e-16 1.173000e-16 9.140000e-17 7.250000e-17 5.839000e-17 4.764000e-17 3.932000e-17 3.278000e-17 2.757000e-17 2.338000e-17 1.877000e-17 6.962000e-18 1.814000e-18 6.480000e-19
 42 1.000000e-76 5.970000e-48 1.428000e-36 6.151000e-31 4.686000e-21 2.802000e-19 5.154000e-18 4.096000e-17 1.393000e-16 2.269000e-16 2.899000e-16 2.805000e-16 2.618000e-16 2.625000e-16 2.940000e-16 3.223000e-16 3.374000e-16 3.396000e-16 3.190000e-16 2.851000e-16 2.574000e-16 1.932000e-16 1.460000e-16 1.123000e-16 8.788000e-17 6.992000e-17 5.643000e-17 4.613000e-17 3.813000e-17 3.182000e-17 2.679000e-17 2.273000e-17 1.827000e-17 6.794000e-18 1.773000e-18 6.337000e-19
 43 8.840000e-56 1.042000e-34 8.473000e-28 2.127000e-24 1.541000e-18 1.579000e-17 7.737000e-17 2.197000e-16 3.652000e-16 4.079000e-16 3.593000e-16 2.913000e-16 2.463000e-16 2.348000e-16 2.680000e-16 2.987000e-16 3.156000e-16 3.190000e-16 3.005000e-16 2.684000e-16 2.421000e-16 1.812000e-16 1.366000e-16 1.049000e-16 8.196000e-17 6.515000e-17 5.254000e-17 4.292000e-17 3.546000e-17 2.959000e-17 2.490000e-17 2.112000e-17 1.697000e-17 6.307000e-18 1.646000e-18 5.880000e-19
 44 1.000000e-76 9.502000e-62 6.936000e-46 5.217000e-38 4.317000e-24 1.516000e-21 1.052000e-19 2.347000e-18 1.637000e-17 3.895000e-17 7.213000e-17 8.424000e-17 9.317000e-17 1.338000e-16 1.831000e-16 2.212000e-16 2.436000e-16 2.525000e-16 2.444000e-16 2.215000e-16 2.012000e-16 1.523000e-16 1.155000e-16 8.899000e-17 6.974000e-17 5.554000e-17 4.486000e-17 3.669000e-17 3.034000e-17 2.533000e-17 2.134000e-17 1.811000e-17 1.456000e-17 5.423000e-18 1.417000e-18 5.065000e-19
 45 1.000000e-76 1.146000e-47 1.128000e-36 3.115000e-31 1.067000e-21 5.481000e-20 8.992000e-19 6.538000e-18 2.090000e-17 3.296000e-17 4.070000e-17 3.866000e-17 3.589000e-17 3.956000e-17 5.446000e-17 7.316000e-17 9.074000e-17 1.049000e-16 1.205000e-16 1.233000e-16 1.203000e-16 1.035000e-16 8.495000e-17 6.899000e-17 5.613000e-17 4.596000e-17 3.792000e-17 3.154000e-17 2.644000e-17 2.232000e-17 1.897000e-17 1.623000e-17 1.316000e-17 5.032000e-18 1.336000e-18 4.801000e-19
 46 8.353000e-20 4.675000e-16 6.389000e-15 2.079000e-14 9.568000e-14 1.004000e-13 8.897000e-14 6.685000e-14 4.406000e-14 3.021000e-14 1.638000e-14 1.020000e-14 6.722000e-15 3.334000e-15 2.072000e-15 1.472000e-15 1.137000e-15 9.267000e-16 6.790000e-16 5.333000e-16 4.531000e-16 3.117000e-16 2.263000e-16 1.701000e-16 1.313000e-16 1.035000e-16 8.300000e-17 6.750000e-17 5.558000e-17 4.624000e-17 3.883000e-17 3.288000e-17 2.635000e-17 9.732000e-18 2.529000e-18 9.022000e-19
 47 1.000000e-76 1.000000e-76 1.000000e-76 1.000000e-76 1.000000e-76 2.832000e-59 1.126000e-45 3.509000e-35 5.630000e-28 3.033000e-24 1.109000e-20 4.583000e-19 4.009000e-18 3.737000e-17 9.204000e-17 1.444000e-16 1.845000e-16 2.107000e-16 2.299000e-16 2.238000e-16 2.114000e-16 1.710000e-16 1.349000e-16 1.066000e-16 8.504000e-17 6.859000e-17 5.593000e-17 4.607000e-17 3.832000e-17 3.214000e-17 2.716000e-17 2.312000e-17 1.865000e-17 7.007000e-18 1.839000e-18 6.583000e-19
 48 1.000000e-76 1.000000e-76 1.000000e-76 1.000000e-76 1.000000e-76 2.985000e-59 1.178000e-45 3.651000e-35 5.835000e-28 3.137000e-24 1.144000e-20 4.724000e-19 4.125000e-18 3.827000e-17 9.385000e-17 1.469000e-16 1.874000e-16 2.140000e-16 2.337000e-16 2.279000e-16 2.155000e-16 1.748000e-16 1.382000e-16 1.093000e-16 8.732000e-17 7.050000e-17 5.754000e-17 4.743000e-17 3.947000e-17 3.313000e-17 2.801000e-17 2.386000e-17 1.925000e-17 7.245000e-18 1.904000e-18 6.817000e-19
 49 1.000000e-76 1.000000e-76 1.000000e-76 1.000000e-76 1.000000e-76 3.617000e-59 1.350000e-45 4.008000e-35 6.216000e-28 3.289000e-24 1.181000e-20 4.839000e-19 4.201000e-18 3.861000e-17 9.402000e-17 1.465000e-16 1.864000e-16 2.126000e-16 2.322000e-16 2.266000e-16 2.144000e-16 1.743000e-16 1.380000e-16 1.094000e-16 8.743000e-17 7.066000e-17 5.772000e-17 4.762000e-17 3.965000e-17 3.329000e-17 2.817000e-17 2.400000e-17 1.938000e-17 7.306000e-18 1.922000e-18 6.887000e-19
 50 1.000000e-76 1.000000e-76 1.000000e-76 1.000000e-76 1.000000e-76 5.012000e-59 1.693000e-45 4.652000e-35 6.835000e-28 3.516000e-24 1.228000e-20 4.961000e-19 4.268000e-18 3.870000e-17 9.341000e-17 1.447000e-16 1.835000e-16 2.089000e-16 2.278000e-16 2.223000e-16 2.105000e-16 1.714000e-16 1.359000e-16 1.078000e-16 8.632000e-17 6.984000e-17 5.710000e-17 4.715000e-17 3.929000e-17 3.301000e-17 2.795000e-17 2.382000e-17 1.924000e-17 7.271000e-18 1.916000e-18 6.867000e-19
 51 1.000000e-76 1.000000e-76 1.000000e-76 1.000000e-76 1.000000e-76 8.129000e-59 2.368000e-45 5.797000e-35 7.861000e-28 3.876000e-24 1.298000e-20 5.142000e-19 4.366000e-18 3.889000e-17 9.284000e-17 1.427000e-16 1.801000e-16 2.045000e-16 2.224000e-16 2.169000e-16 2.054000e-16 1.674000e-16 1.329000e-16 1.056000e-16 8.465000e-17 6.856000e-17 5.611000e-17 4.637000e-17 3.867000e-17 3.251000e-17 2.754000e-17 2.349000e-17 1.899000e-17 7.190000e-18 1.898000e-18 6.806000e-19
 52 1.000000e-76 1.000000e-76 1.000000e-76 1.000000e-76 1.000000e-76 2.311000e-63 1.558000e-48 4.391000e-37 3.259000e-29 3.938000e-25 3.183000e-21 1.917000e-19 2.104000e-18 2.491000e-17 6.752000e-17 1.114000e-16 1.471000e-16 1.723000e-16 1.951000e-16 1.951000e-16 1.873000e-16 1.563000e-16 1.259000e-16 1.010000e-16 8.151000e-17 6.637000e-17 5.455000e-17 4.524000e-17 3.783000e-17 3.188000e-17 2.706000e-17 2.312000e-17 1.872000e-17 7.135000e-18 1.890000e-18 6.789000e-19
 53 1.000000e-76 1.000000e-76 1.000000e-76 1.000000e-76 1.000000e-76 3.353000e-63 2.001000e-48 5.131000e-37 3.566000e-29 4.162000e-25 3.251000e-21 1.926000e-19 2.092000e-18 2.441000e-17 6.553000e-17 1.074000e-16 1.412000e-16 1.649000e-16 1.864000e-16 1.863000e-16 1.789000e-16 1.496000e-16 1.207000e-16 9.701000e-17 7.843000e-17 6.396000e-17 5.264000e-17 4.371000e-17 3.659000e-17 3.086000e-17 2.622000e-17 2.242000e-17 1.817000e-17 6.944000e-18 1.844000e-18 6.627000e-19
 54 1.000000e-76 1.000000e-76 1.000000e-76 1.000000e-76 1.000000e-76 5.805000e-63 2.909000e-48 6.510000e-37 4.115000e-29 4.569000e-25 3.399000e-21 1.967000e-19 2.104000e-18 2.408000e-17 6.387000e-17 1.039000e-16 1.357000e-16 1.579000e-16 1.777000e-16 1.774000e-16 1.703000e-16 1.425000e-16 1.152000e-16 9.277000e-17 7.514000e-17 6.138000e-17 5.059000e-17 4.206000e-17 3.525000e-17 2.977000e-17 2.531000e-17 2.166000e-17 1.758000e-17 6.739000e-18 1.794000e-18 6.453000e-19
 55 1.000000e-76 1.000000e-76 1.000000e-76 1.000000e-76 1.000000e-76 1.167000e-62 4.652000e-48 8.718000e-37 4.871000e-29 5.067000e-25 3.535000e-21 1.984000e-19 2.082000e-18 2.327000e-17 6.089000e-17 9.811000e-17 1.275000e-16 1.477000e-16 1.657000e-16 1.652000e-16 1.586000e-16 1.329000e-16 1.077000e-16 8.697000e-17 7.061000e-17 5.780000e-17 4.774000e-17 3.976000e-17 3.338000e-17 2.822000e-17 2.403000e-17 2.058000e-17 1.672000e-17 6.442000e-18 1.720000e-18 6.196000e-19
 56 7.490000e-16 2.934000e-14 7.669000e-14 1.092000e-13 1.134000e-13 8.957000e-14 6.418000e-14 4.087000e-14 2.401000e-14 1.550000e-14 7.917000e-15 4.790000e-15 3.100000e-15 1.495000e-15 9.051000e-16 6.297000e-16 4.827000e-16 3.959000e-16 3.021000e-16 2.505000e-16 2.217000e-16 1.673000e-16 1.301000e-16 1.030000e-16 8.274000e-17 6.733000e-17 5.541000e-17 4.604000e-17 3.860000e-17 3.261000e-17 2.774000e-17 2.375000e-17 1.930000e-17 7.430000e-18 1.984000e-18 7.148000e-19
 57 1.000000e-76 1.000000e-76 1.000000e-76 1.000000e-76 1.000000e-76 3.458000e-76 1.540000e-57 4.063000e-43 3.517000e-33 5.228000e-28 4.981000e-23 9.690000e-21 2.182000e-19 5.710000e-18 2.193000e-17 4.379000e-17 6.521000e-17 8.308000e-17 1.052000e-16 1.130000e-16 1.131000e-16 1.019000e-16 8.634000e-17 7.189000e-17 5.971000e-17 4.974000e-17 4.165000e-17 3.508000e-17 2.972000e-17 2.532000e-17 2.170000e-17 1.869000e-17 1.528000e-17 6.003000e-18 1.623000e-18 5.871000e-19
 58 1.000000e-76 1.000000e-76 1.000000e-76 1.000000e-76 1.000000e-76 2.536000e-74 3.005000e-56 2.830000e-42 1.197000e-32 1.220000e-27 8.014000e-23 1.307000e-20 2.639000e-19 6.102000e-18 2.210000e-17 4.264000e-17 6.214000e-17 7.807000e-17 9.732000e-17 1.038000e-16 1.036000e-16 9.314000e-17 7.897000e-17 6.587000e-17 5.483000e-17 4.579000e-17 3.842000e-17 3.243000e-17 2.752000e-17 2.349000e-17 2.016000e-17 1.739000e-17 1.424000e-17 5.626000e-18 1.527000e-18 5.531000e-19
 59 1.000000e-76 1.000000e-76 1.000000e-76 1.000000e-76 1.000000e-76 2.407000e-72 6.948000e-55 2.182000e-41 4.297000e-32 2.926000e-27 1.294000e-22 1.747000e-20 3.142000e-19 6.369000e-18 2.167000e-17 4.035000e-17 5.748000e-17 7.115000e-17 8.733000e-17 9.257000e-17 9.218000e-17 8.283000e-17 7.045000e-17 5.902000e-17 4.935000e-17 4.138000e-17 3.487000e-17 2.953000e-17 2.515000e-17 2.153000e-17 1.852000e-17 1.601000e-17 1.315000e-17 5.241000e-18 1.431000e-18 5.197000e-19
 60 1.000000e-76 1.059000e-61 9.955000e-46 8.496000e-38 8.826000e-24 3.237000e-21 2.320000e-19 5.309000e-18 3.768000e-17 9.049000e-17 1.682000e-16 1.881000e-16 1.776000e-16 1.311000e-16 9.837000e-17 8.137000e-17 7.421000e-17 7.226000e-17 7.361000e-17 7.484000e-17 7.438000e-17 6.856000e-17 6.007000e-17 5.160000e-17 4.401000e-17 3.751000e-17 3.201000e-17 2.741000e-17 2.354000e-17 2.030000e-17 1.757000e-17 1.527000e-17 1.262000e-17 5.124000e-18 1.416000e-18 5.160000e-19
 61 1.850000e-53 1.494000e-33 4.971000e-27 7.982000e-24 2.587000e-18 2.275000e-17 9.935000e-17 2.580000e-16 4.030000e-16 4.356000e-16 3.694000e-16 2.845000e-16 2.135000e-16 1.218000e-16 8.158000e-17 6.422000e-17 5.806000e-17 5.722000e-17 6.028000e-17 6.266000e-17 6.294000e-17 5.896000e-17 5.218000e-17 4.520000e-17 3.884000e-17 3.331000e-17 2.859000e-17 2.459000e-17 2.121000e-17 1.835000e-17 1.594000e-17 1.388000e-17 1.151000e-17 4.717000e-18 1.312000e-18 4.792000e-19
 62 1.000000e-76 6.500000e-71 4.476000e-52 1.034000e-42 4.070000e-26 4.624000e-23 7.739000e-21 3.426000e-19 3.847000e-18 1.177000e-17 2.775000e-17 3.476000e-17 3.518000e-17 2.822000e-17 2.342000e-17 2.367000e-17 2.751000e-17 3.283000e-17 4.235000e-17 4.777000e-17 4.952000e-17 4.831000e-17 4.370000e-17 3.846000e-17 3.350000e-17 2.905000e-17 2.516000e-17 2.182000e-17 1.894000e-17 1.648000e-17 1.438000e-17 1.258000e-17 1.048000e-17 4.363000e-18 1.225000e-18 4.492000e-19
 63 4.558000e-65 9.915000e-40 2.131000e-31 2.750000e-27 3.794000e-20 6.816000e-19 5.087000e-18 2.004000e-17 4.183000e-17 5.269000e-17 5.193000e-17 4.295000e-17 3.369000e-17 2.075000e-17 1.766000e-17 2.123000e-17 2.778000e-17 3.455000e-17 4.401000e-17 4.776000e-17 4.811000e-17 4.438000e-17 3.896000e-17 3.386000e-17 2.941000e-17 2.558000e-17 2.229000e-17 1.945000e-17 1.701000e-17 1.491000e-17 1.309000e-17 1.152000e-17 9.671000e-18 4.135000e-18 1.184000e-18 4.372000e-19
 64 1.000000e-76 1.000000e-76 1.000000e-76 1.000000e-76 1.000000e-76 1.000000e-76 1.000000e-76 1.000000e-76 7.368000e-58 9.442000e-46 5.902000e-34 2.007000e-28 4.438000e-25 1.953000e-21 7.580000e-20 5.454000e-19 1.795000e-18 3.878000e-18 9.240000e-18 1.424000e-17 1.728000e-17 2.199000e-17 2.347000e-17 2.322000e-17 2.206000e-17 2.046000e-17 1.868000e-17 1.689000e-17 1.517000e-17 1.358000e-17 1.213000e-17 1.082000e-17 9.218000e-18 4.103000e-18 1.200000e-18 4.462000e-19
 65 1.000000e-76 1.000000e-76 1.000000e-76 1.000000e-76 1.000000e-76 1.000000e-76 1.000000e-76 1.000000e-76 4.696000e-57 3.450000e-45 1.248000e-33 3.274000e-28 6.168000e-25 2.270000e-21 8.113000e-20 5.570000e-19 1.779000e-18 3.763000e-18 8.727000e-18 1.322000e-17 1.590000e-17 1.992000e-17 2.109000e-17 2.078000e-17 1.970000e-17 1.825000e-17 1.666000e-17 1.506000e-17 1.354000e-17 1.212000e-17 1.083000e-17 9.663000e-18 8.239000e-18 3.678000e-18 1.081000e-18 4.035000e-19
 66 1.000000e-76 1.000000e-76 1.000000e-76 1.000000e-76 1.000000e-76 1.000000e-76 1.000000e-76 1.000000e-76 3.552000e-56 1.424000e-44 2.842000e-33 5.614000e-28 8.889000e-25 2.691000e-21 8.796000e-20 5.740000e-19 1.774000e-18 3.667000e-18 8.258000e-18 1.228000e-17 1.463000e-17 1.799000e-17 1.885000e-17 1.845000e-17 1.744000e-17 1.612000e-17 1.470000e-17 1.328000e-17 1.193000e-17 1.068000e-17 9.541000e-18 8.515000e-18 7.260000e-18 3.243000e-18 9.532000e-19 3.554000e-19
 67 1.000000e-76 1.000000e-76 1.000000e-76 1.000000e-76 1.000000e-76 1.000000e-76 1.000000e-76 1.000000e-76 3.179000e-55 6.579000e-44 6.853000e-33 9.938000e-28 1.301000e-24 3.184000e-21 9.438000e-20 5.825000e-19 1.737000e-18 3.502000e-18 7.639000e-18 1.114000e-17 1.311000e-17 1.582000e-17 1.638000e-17 1.593000e-17 1.499000e-17 1.383000e-17 1.259000e-17 1.136000e-17 1.020000e-17 9.129000e-18 8.154000e-18 7.277000e-18 6.205000e-18 2.777000e-18 8.203000e-19 3.070000e-19
 68 1.000000e-76 1.000000e-76 1.000000e-76 1.000000e-76 1.000000e-76 1.000000e-76 1.000000e-76 1.000000e-76 1.000000e-76 1.960000e-63 6.193000e-45 3.253000e-36 6.554000e-31 4.543000e-25 1.791000e-22 4.835000e-21 3.722000e-20 1.449000e-19 7.235000e-19 1.723000e-18 2.635000e-18 4.907000e-18 6.501000e-18 7.405000e-18 7.776000e-18 7.770000e-18 7.519000e-18 7.120000e-18 6.641000e-18 6.131000e-18 5.619000e-18 5.124000e-18 4.480000e-18 2.163000e-18 6.731000e-19 2.571000e-19
 69 1.000000e-76 1.000000e-76 1.000000e-76 1.000000e-76 1.000000e-76 1.000000e-76 1.000000e-76 1.000000e-76 1.000000e-76 3.258000e-63 7.612000e-45 3.464000e-36 6.389000e-31 4.011000e-25 1.511000e-22 3.975000e-21 3.010000e-20 1.158000e-19 5.696000e-19 1.344000e-18 2.044000e-18 3.767000e-18 4.963000e-18 5.637000e-18 5.911000e-18 5.905000e-18 5.716000e-18 5.415000e-18 5.054000e-18 4.669000e-18 4.282000e-18 3.908000e-18 3.421000e-18 1.665000e-18 5.259000e-19 2.028000e-19
 70 1.000000e-76 1.000000e-76 1.000000e-76 1.000000e-76 1.000000e-76 1.000000e-76 1.000000e-76 1.000000e-76 1.000000e-76 9.524000e-66 1.814000e-46 2.239000e-37 7.626000e-32 9.524000e-26 4.918000e-23 1.548000e-21 1.316000e-20 5.483000e-20 2.983000e-19 7.463000e-19 1.170000e-18 2.268000e-18 3.073000e-18 3.553000e-18 3.775000e-18 3.808000e-18 3.715000e-18 3.542000e-18 3.324000e-18 3.085000e-18 2.841000e-18 2.602000e-18 2.289000e-18 1.140000e-18 3.730000e-19 1.468000e-19
 71 1.000000e-76 1.000000e-76 1.000000e-76 1.000000e-76 1.000000e-76 1.000000e-76 1.000000e-76 1.848000e-72 1.025000e-52 2.260000e-42 2.606000e-32 1.327000e-27 9.130000e-25 1.086000e-21 2.316000e-20 1.189000e-19 3.176000e-19 5.991000e-19 1.232000e-18 1.778000e-18 2.105000e-18 2.620000e-18 2.808000e-18 2.819000e-18 2.729000e-18 2.580000e-18 2.400000e-18 2.208000e-18 2.015000e-18 1.830000e-18 1.657000e-18 1.498000e-18 1.299000e-18 6.373000e-19 2.189000e-19 8.948000e-20
 72 1.000000e-76 1.000000e-76 1.000000e-76 1.000000e-76 1.000000e-76 1.000000e-76 1.000000e-76 1.000000e-76 1.000000e-76 1.000000e-76 1.000000e-76 1.000000e-76 1.000000e-76 1.000000e-76 1.000000e-76 4.894000e-73 7.407000e-62 4.092000e-54 2.310000e-44 1.385000e-38 1.666000e-35 2.150000e-30 1.623000e-27 1.070000e-25 1.844000e-24 1.413000e-23 6.394000e-23 2.020000e-22 4.940000e-22 1.001000e-21 1.759000e-21 2.769000e-21 4.545000e-21 1.426000e-20 1.376000e-20 7.642000e-21
 73 1.000000e-76 1.000000e-76 1.000000e-76 1.000000e-76 1.000000e-76 1.000000e-76 1.000000e-76 1.000000e-76 1.000000e-76 1.000000e-76 1.000000e-76 1.000000e-76 1.000000e-76 1.000000e-76 1.000000e-76 3.490000e-73 6.547000e-62 4.186000e-54 2.834000e-44 1.894000e-38 2.418000e-35 3.457000e-30 2.774000e-27 1.902000e-25 3.370000e-24 2.634000e-23 1.211000e-22 3.876000e-22 9.590000e-22 1.963000e-21 3.483000e-21 5.534000e-21 9.187000e-21 3.011000e-20 3.010000e-20 1.695000e-20
 74 1.000000e-76 1.000000e-76 1.000000e-76 1.000000e-76 1.000000e-76 1.000000e-76 1.000000e-76 1.000000e-76 1.000000e-76 1.000000e-76 1.000000e-76 1.000000e-76 1.000000e-76 1.000000e-76 1.000000e-76 1.000000e-76 1.000000e-76 1.000000e-76 1.000000e-76 1.000000e-76 1.000000e-76 1.000000e-76 1.000000e-76 1.000000e-76 1.000000e-76 1.000000e-76 1.000000e-76 1.000000e-76 1.000000e-76 1.000000e-76 1.000000e-76 1.000000e-76 1.000000e-76 1.000000e-76 1.000000e-76 1.000000e-76
