Q      1s      2s       2p       2p*      3s      3p        3p*      4s       3d       3d*      4p       4p*      5s       4d       4d*      5p       5p*      6s       4f       4f*      5d       5d*      6p       6p*      7s       5f       5f*      6d       6d*
 0        2        2        4        2        2        4        2        2        6        4        4        2        2        6        4        4        2        1        8        6        6        4        0        0        0        0        0        0        0 
 1        2        2        4        2        2        4        2        2        6        4        4        2        2        6        4        4        2        0        8        6        6        4        0        0        0        0        0        0        0 
 2        2        2        4        2        2        4        2        2        6        4        4        2        2        6        4        4        2        0        8        6        5        4        0        0        0        0        0        0        0 
 3        2        2        4        2        2        4        2        2        6        4        4        2        2        6        4        4        2        0        8        6        4        4        0        0        0        0        0        0        0 
 4        2        2        4        2        2        4        2        2        6        4        4        2        2        6        4        4        2        0        8        6        3        4        0        0        0        0        0        0        0 
 5        2        2        4        2        2        4        2        2        6        4        4        2        2        6        4        4        2        0        8        6        3        3        0        0        0        0        0        0        0 
 6        2        2        4        2        2        4        2        2        6        4        4        2        2        6        4        4        2        0        8        6        2        3        0        0        0        0        0        0        0 
 7        2        2        4        2        2        4        2        2        6        4        4        2        2        6        4        4        2        0        8        6        0        4        0        0        0        0        0        0        0 
 8        2        2        4        2        2        4        2        2        6        4        4        2        2        6        4        4        2        0        8        6        0        3        0        0        0        0        0        0        0 
 9        2        2        4        2        2        4        2        2        6        4        4        2        2        6        4        4        2        0        8        6        0        2        0        0        0        0        0        0        0 
10        2        2        4        2        2        4        2        2        6        4        4        2        2        6        4        4        2        0        8        6        0        1        0        0        0        0        0        0        0 
11        2        2        4        2        2        4        2        2        6        4        4        2        2        6        4        4        2        0        8        6        0        0        0        0        0        0        0        0        0 
12        2        2        4        2        2        4        2        2        6        4        4        2        2        6        4        4        2        0        7        6        0        0        0        0        0        0        0        0        0 
13        2        2        4        2        2        4        2        2        6        4        4        2        2        6        4        4        2        0        6        6        0        0        0        0        0        0        0        0        0 
14        2        2        4        2        2        4        2        2        6        4        4        2        2        6        4        4        2        0        5        6        0        0        0        0        0        0        0        0        0 
15        2        2        4        2        2        4        2        2        6        4        4        2        2        6        4        4        2        0        4        6        0        0        0        0        0        0        0        0        0 
16        2        2        4        2        2        4        2        2        6        4        4        2        2        6        4        4        2        0        4        5        0        0        0        0        0        0        0        0        0 
17        2        2        4        2        2        4        2        2        6        4        4        2        2        6        4        4        2        0        3        5        0        0        0        0        0        0        0        0        0 
18        2        2        4        2        2        4        2        2        6        4        4        2        2        6        4        4        2        0        3        4        0        0        0        0        0        0        0        0        0 
19        2        2        4        2        2        4        2        2        6        4        4        2        2        6        4        4        2        0        1        5        0        0        0        0        0        0        0        0        0 
20        2        2        4        2        2        4        2        2        6        4        4        2        2        6        4        4        2        0        1        4        0        0        0        0        0        0        0        0        0 
21        2        2        4        2        2        4        2        2        6        4        4        2        2        6        4        4        2        0        0        4        0        0        0        0        0        0        0        0        0 
22        2        2        4        2        2        4        2        2        6        4        4        2        2        6        4        4        2        0        0        3        0        0        0        0        0        0        0        0        0 
23        2        2        4        2        2        4        2        2        6        4        4        2        2        6        4        4        2        0        0        2        0        0        0        0        0        0        0        0        0 
24        2        2        4        2        2        4        2        2        6        4        4        2        2        6        4        4        2        0        0        1        0        0        0        0        0        0        0        0        0 
25        2        2        4        2        2        4        2        2        6        4        4        2        2        6        4        4        2        0        0        0        0        0        0        0        0        0        0        0        0 
26        2        2        4        2        2        4        2        2        6        4        4        2        2        6        4        3        2        0        0        0        0        0        0        0        0        0        0        0        0 
27        2        2        4        2        2        4        2        2        6        4        4        2        2        6        4        2        2        0        0        0        0        0        0        0        0        0        0        0        0 
28        2        2        4        2        2        4        2        2        6        4        4        2        2        6        4        1        2        0        0        0        0        0        0        0        0        0        0        0        0 
29        2        2        4        2        2        4        2        2        6        4        4        2        2        6        4        0        2        0        0        0        0        0        0        0        0        0        0        0        0 
30        2        2        4        2        2        4        2        2        6        4        4        2        2        6        4        0        1        0        0        0        0        0        0        0        0        0        0        0        0 
31        2        2        4        2        2        4        2        2        6        4        4        2        2        6        4        0        0        0        0        0        0        0        0        0        0        0        0        0        0 
32        2        2        4        2        2        4        2        2        6        4        4        2        1        6        4        0        0        0        0        0        0        0        0        0        0        0        0        0        0 
33        2        2        4        2        2        4        2        2        6        4        4        2        0        6        4        0        0        0        0        0        0        0        0        0        0        0        0        0        0 
34        2        2        4        2        2        4        2        2        6        4        4        2        0        5        4        0        0        0        0        0        0        0        0        0        0        0        0        0        0 
35        2        2        4        2        2        4        2        2        6        4        4        2        0        4        4        0        0        0        0        0        0        0        0        0        0        0        0        0        0 
36        2        2        4        2        2        4        2        2        6        4        4        2        0        3        4        0        0        0        0        0        0        0        0        0        0        0        0        0        0 
37        2        2        4        2        2        4        2        2        6        4        4        2        0        2        4        0        0        0        0        0        0        0        0        0        0        0        0        0        0 
38        2        2        4        2        2        4        2        2        6        4        4        2        0        1        4        0        0        0        0        0        0        0        0        0        0        0        0        0        0 
39        2        2        4        2        2        4        2        2        6        4        4        2        0        0        4        0        0        0        0        0        0        0        0        0        0        0        0        0        0 
40        2        2        4        2        2        4        2        2        6        4        4        2        0        0        3        0        0        0        0        0        0        0        0        0        0        0        0        0        0 
41        2        2        4        2        2        4        2        2        6        4        4        2        0        0        2        0        0        0        0        0        0        0        0        0        0        0        0        0        0 
42        2        2        4        2        2        4        2        2        6        4        4        2        0        0        1        0        0        0        0        0        0        0        0        0        0        0        0        0        0 
43        2        2        4        2        2        4        2        2        6        4        4        2        0        0        0        0        0        0        0        0        0        0        0        0        0        0        0        0        0 
44        2        2        4        2        2        4        2        2        6        4        3        2        0        0        0        0        0        0        0        0        0        0        0        0        0        0        0        0        0 
45        2        2        4        2        2        4        2        2        6        4        2        2        0        0        0        0        0        0        0        0        0        0        0        0        0        0        0        0        0 
46        2        2        4        2        2        4        2        2        6        4        1        2        0        0        0        0        0        0        0        0        0        0        0        0        0        0        0        0        0 
47        2        2        4        2        2        4        2        2        6        4        0        2        0        0        0        0        0        0        0        0        0        0        0        0        0        0        0        0        0 
48        2        2        4        2        2        4        2        2        6        4        0        1        0        0        0        0        0        0        0        0        0        0        0        0        0        0        0        0        0 
49        2        2        4        2        2        4        2        2        6        4        0        0        0        0        0        0        0        0        0        0        0        0        0        0        0        0        0        0        0 
50        2        2        4        2        2        4        2        1        6        4        0        0        0        0        0        0        0        0        0        0        0        0        0        0        0        0        0        0        0 
51        2        2        4        2        2        4        2        0        6        4        0        0        0        0        0        0        0        0        0        0        0        0        0        0        0        0        0        0        0 
52        2        2        4        2        2        4        2        0        5        4        0        0        0        0        0        0        0        0        0        0        0        0        0        0        0        0        0        0        0 
53        2        2        4        2        2        4        2        0        4        4        0        0        0        0        0        0        0        0        0        0        0        0        0        0        0        0        0        0        0 
54        2        2        4        2        2        4        2        0        3        4        0        0        0        0        0        0        0        0        0        0        0        0        0        0        0        0        0        0        0 
55        2        2        4        2        2        4        2        0        2        4        0        0        0        0        0        0        0        0        0        0        0        0        0        0        0        0        0        0        0 
56        2        2        4        2        2        4        2        0        1        4        0        0        0        0        0        0        0        0        0        0        0        0        0        0        0        0        0        0        0 
57        2        2        4        2        2        4        2        0        0        4        0        0        0        0        0        0        0        0        0        0        0        0        0        0        0        0        0        0        0 
58        2        2        4        2        2        4        2        0        0        3        0        0        0        0        0        0        0        0        0        0        0        0        0        0        0        0        0        0        0 
59        2        2        4        2        2        4        2        0        0        2        0        0        0        0        0        0        0        0        0        0        0        0        0        0        0        0        0        0        0 
60        2        2        4        2        2        4        2        0        0        1        0        0        0        0        0        0        0        0        0        0        0        0        0        0        0        0        0        0        0 
61        2        2        4        2        2        4        2        0        0        0        0        0        0        0        0        0        0        0        0        0        0        0        0        0        0        0        0        0        0 
62        2        2        4        2        2        3        2        0        0        0        0        0        0        0        0        0        0        0        0        0        0        0        0        0        0        0        0        0        0 
63        2        2        4        2        2        2        2        0        0        0        0        0        0        0        0        0        0        0        0        0        0        0        0        0        0        0        0        0        0 
64        2        2        4        2        2        1        2        0        0        0        0        0        0        0        0        0        0        0        0        0        0        0        0        0        0        0        0        0        0 
65        2        2        4        2        2        0        2        0        0        0        0        0        0        0        0        0        0        0        0        0        0        0        0        0        0        0        0        0        0 
66        2        2        4        2        2        0        1        0        0        0        0        0        0        0        0        0        0        0        0        0        0        0        0        0        0        0        0        0        0 
67        2        2        4        2        2        0        0        0        0        0        0        0        0        0        0        0        0        0        0        0        0        0        0        0        0        0        0        0        0 
68        2        2        4        2        1        0        0        0        0        0        0        0        0        0        0        0        0        0        0        0        0        0        0        0        0        0        0        0        0 
69        2        2        4        2        0        0        0        0        0        0        0        0        0        0        0        0        0        0        0        0        0        0        0        0        0        0        0        0        0 
70        2        2        3        2        0        0        0        0        0        0        0        0        0        0        0        0        0        0        0        0        0        0        0        0        0        0        0        0        0 
71        2        2        2        2        0        0        0        0        0        0        0        0        0        0        0        0        0        0        0        0        0        0        0        0        0        0        0        0        0 
72        2        2        1        2        0        0        0        0        0        0        0        0        0        0        0        0        0        0        0        0        0        0        0        0        0        0        0        0        0 
73        2        2        0        2        0        0        0        0        0        0        0        0        0        0        0        0        0        0        0        0        0        0        0        0        0        0        0        0        0 
74        2        2        0        1        0        0        0        0        0        0        0        0        0        0        0        0        0        0        0        0        0        0        0        0        0        0        0        0        0 
75        2        2        0        0        0        0        0        0        0        0        0        0        0        0        0        0        0        0        0        0        0        0        0        0        0        0        0        0        0 
76        2        1        0        0        0        0        0        0        0        0        0        0        0        0        0        0        0        0        0        0        0        0        0        0        0        0        0        0        0 
77        2        0        0        0        0        0        0        0        0        0        0        0        0        0        0        0        0        0        0        0        0        0        0        0        0        0        0        0        0 
78        1        0        0        0        0        0        0        0        0        0        0        0        0        0        0        0        0        0        0        0        0        0        0        0        0        0        0        0        0 
