Q      1s      2s       2p       2p*      3s      3p        3p*      4s       3d       3d*      4p       4p*      5s       4d       4d*      5p       5p*      6s       4f       4f*      5d       5d*      6p       6p*      7s       5f       5f*      6d       6d*
 0  6602.55   805.07  675.016  685.634  106.582   68.171  69.5307  6.92311   14.882  15.0025        0        0        0        0        0        0        0        0        0        0        0        0        0        0        0        0        0        0        0 
 1  6603.19  805.708  675.654  686.272   107.22  68.8085  70.1682   7.5606  15.5195    15.64        0        0        0        0        0        0        0        0        0        0        0        0        0        0        0        0        0        0        0 
 2  6621.22  823.736  693.682    704.3  125.248  86.8365  88.1962  25.5886  33.5475   33.668        0        0        0        0        0        0        0        0        0        0        0        0        0        0        0        0        0        0        0 
 3  6638.76  841.278  711.224  721.842   142.79  104.379  105.738  43.1306  51.0895    51.21        0        0        0        0        0        0        0        0        0        0        0        0        0        0        0        0        0        0        0 
 4  6660.08  862.598  732.544  743.162   164.11  125.699  127.059  64.4511    72.41        0        0        0        0        0        0        0        0        0        0        0        0        0        0        0        0        0        0        0        0 
 5  6691.23  893.751  763.697  774.315  195.263  156.852  158.212   95.604        0        0        0        0        0        0        0        0        0        0        0        0        0        0        0        0        0        0        0        0        0 
 6  6714.83   917.35  787.296  797.914  218.862  180.451  181.811  119.203        0        0        0        0        0        0        0        0        0        0        0        0        0        0        0        0        0        0        0        0        0 
 7  6728.52   931.04  800.986  811.603  232.552   194.14    195.5        0        0        0        0        0        0        0        0        0        0        0        0        0        0        0        0        0        0        0        0        0        0 
 8  6754.91   957.43  827.376  837.993  258.942   220.53   221.89        0        0        0        0        0        0        0        0        0        0        0        0        0        0        0        0        0        0        0        0        0        0 
 9  6781.62   984.14  854.086  864.703  285.652   247.24    248.6        0        0        0        0        0        0        0        0        0        0        0        0        0        0        0        0        0        0        0        0        0        0 
10  6819.12  1021.64  891.586  902.203  323.152   284.74    286.1        0        0        0        0        0        0        0        0        0        0        0        0        0        0        0        0        0        0        0        0        0        0 
11  6847.42  1049.94  919.886  930.503  351.452   313.04    314.4        0        0        0        0        0        0        0        0        0        0        0        0        0        0        0        0        0        0        0        0        0        0 
12  6877.98   1080.5  950.445  961.063  382.011    343.6        0        0        0        0        0        0        0        0        0        0        0        0        0        0        0        0        0        0        0        0        0        0        0 
13  6898.92  1101.44  971.384  982.002   402.95        0        0        0        0        0        0        0        0        0        0        0        0        0        0        0        0        0        0        0        0        0        0        0        0 
14  6931.14  1133.66  1003.61  1014.22  435.172        0        0        0        0        0        0        0        0        0        0        0        0        0        0        0        0        0        0        0        0        0        0        0        0 
15  7050.62  1253.14  1123.08   1133.7        0        0        0        0        0        0        0        0        0        0        0        0        0        0        0        0        0        0        0        0        0        0        0        0        0 
16  7141.02  1343.54  1213.48   1224.1        0        0        0        0        0        0        0        0        0        0        0        0        0        0        0        0        0        0        0        0        0        0        0        0        0 
17  7237.22  1439.74  1309.68   1320.3        0        0        0        0        0        0        0        0        0        0        0        0        0        0        0        0        0        0        0        0        0        0        0        0        0 
18  7347.82  1550.34  1420.28   1430.9        0        0        0        0        0        0        0        0        0        0        0        0        0        0        0        0        0        0        0        0        0        0        0        0        0 
19  7454.12  1656.64  1526.58   1537.2        0        0        0        0        0        0        0        0        0        0        0        0        0        0        0        0        0        0        0        0        0        0        0        0        0 
20  7570.74  1773.25   1643.2        0        0        0        0        0        0        0        0        0        0        0        0        0        0        0        0        0        0        0        0        0        0        0        0        0        0 
21  7586.18   1788.7        0        0        0        0        0        0        0        0        0        0        0        0        0        0        0        0        0        0        0        0        0        0        0        0        0        0        0 
22  7677.35  1879.87        0        0        0        0        0        0        0        0        0        0        0        0        0        0        0        0        0        0        0        0        0        0        0        0        0        0        0 
23  8140.79        0        0        0        0        0        0        0        0        0        0        0        0        0        0        0        0        0        0        0        0        0        0        0        0        0        0        0        0 
24  8571.95        0        0        0        0        0        0        0        0        0        0        0        0        0        0        0        0        0        0        0        0        0        0        0        0        0        0        0        0 
