Q      1s      2s       2p       2p*      3s      3p        3p*      4s       3d       3d*      4p       4p*      5s       4d       4d*      5p       5p*      6s       4f       4f*      5d       5d*      6p       6p*      7s       5f       5f*      6d       6d*
 0  9051.99  1133.95  967.528  988.321  140.315  90.5801  93.3655  6.66064  12.9063  13.2759        0        0        0        0        0        0        0        0        0        0        0        0        0        0        0        0        0        0        0 
 1  9059.01  1140.97  974.544  995.338  147.332  97.5966  100.382  13.6771  19.9228  20.2924        0        0        0        0        0        0        0        0        0        0        0        0        0        0        0        0        0        0        0 
 2  9075.56  1157.51  991.093  1011.89  163.881  114.145  116.931  30.2257  36.4714   36.841        0        0        0        0        0        0        0        0        0        0        0        0        0        0        0        0        0        0        0 
 3  9096.09  1178.05  1011.63  1032.43   184.42  134.684   137.47  50.7647  57.0104    57.38        0        0        0        0        0        0        0        0        0        0        0        0        0        0        0        0        0        0        0 
 4  9118.51  1200.47  1034.05  1054.85   206.84  157.104   159.89  73.1847  79.4304     79.8        0        0        0        0        0        0        0        0        0        0        0        0        0        0        0        0        0        0        0 
 5  9141.71  1223.67  1057.25  1078.05   230.04  180.304   183.09  96.3847   102.63      103        0        0        0        0        0        0        0        0        0        0        0        0        0        0        0        0        0        0        0 
 6  9177.71  1259.67  1093.25  1114.05   266.04  216.304   219.09  132.385   138.63      139        0        0        0        0        0        0        0        0        0        0        0        0        0        0        0        0        0        0        0 
 7  9204.71  1286.67  1120.25  1141.05   293.04  243.304   246.09  159.385   165.63      166        0        0        0        0        0        0        0        0        0        0        0        0        0        0        0        0        0        0        0 
 8  9237.08  1319.04  1152.62  1173.41  325.409  275.674  278.459  191.754      198        0        0        0        0        0        0        0        0        0        0        0        0        0        0        0        0        0        0        0        0 
 9  9277.53  1359.49  1193.07  1213.86  365.855   316.12  318.905    232.2        0        0        0        0        0        0        0        0        0        0        0        0        0        0        0        0        0        0        0        0        0 
10  9310.66  1392.62   1226.2  1246.99  398.985   349.25  352.035   265.33        0        0        0        0        0        0        0        0        0        0        0        0        0        0        0        0        0        0        0        0        0 
11  9325.62  1407.58  1241.16  1261.96   413.95  364.215      367        0        0        0        0        0        0        0        0        0        0        0        0        0        0        0        0        0        0        0        0        0        0 
12  9359.62  1441.58  1275.16  1295.96   447.95  398.215      401        0        0        0        0        0        0        0        0        0        0        0        0        0        0        0        0        0        0        0        0        0        0 
13  9394.62  1476.58  1310.16  1330.96   482.95  433.215      436        0        0        0        0        0        0        0        0        0        0        0        0        0        0        0        0        0        0        0        0        0        0 
14  9441.72  1523.68  1357.26  1378.06   530.05  480.315    483.1        0        0        0        0        0        0        0        0        0        0        0        0        0        0        0        0        0        0        0        0        0        0 
15  9477.32  1559.28  1392.86  1413.66   565.65  515.915    518.7        0        0        0        0        0        0        0        0        0        0        0        0        0        0        0        0        0        0        0        0        0        0 
16  9514.21  1596.17  1429.75  1450.54  602.535    552.8        0        0        0        0        0        0        0        0        0        0        0        0        0        0        0        0        0        0        0        0        0        0        0 
17  9544.17  1626.13  1459.71  1480.51    632.5        0        0        0        0        0        0        0        0        0        0        0        0        0        0        0        0        0        0        0        0        0        0        0        0 
18  9582.28  1664.24  1497.82  1518.61  670.608        0        0        0        0        0        0        0        0        0        0        0        0        0        0        0        0        0        0        0        0        0        0        0        0 
19  9754.17  1836.13  1669.71   1690.5        0        0        0        0        0        0        0        0        0        0        0        0        0        0        0        0        0        0        0        0        0        0        0        0        0 
20  9863.67  1945.63  1779.21     1800        0        0        0        0        0        0        0        0        0        0        0        0        0        0        0        0        0        0        0        0        0        0        0        0        0 
21  9981.67  2063.63  1897.21     1918        0        0        0        0        0        0        0        0        0        0        0        0        0        0        0        0        0        0        0        0        0        0        0        0        0 
22  10107.7  2189.63  2023.21     2044        0        0        0        0        0        0        0        0        0        0        0        0        0        0        0        0        0        0        0        0        0        0        0        0        0 
23  10243.1  2325.03  2158.61   2179.4        0        0        0        0        0        0        0        0        0        0        0        0        0        0        0        0        0        0        0        0        0        0        0        0        0 
24  10391.8  2473.72   2307.3        0        0        0        0        0        0        0        0        0        0        0        0        0        0        0        0        0        0        0        0        0        0        0        0        0        0 
25  10397.1   2479.1        0        0        0        0        0        0        0        0        0        0        0        0        0        0        0        0        0        0        0        0        0        0        0        0        0        0        0 
26    10505  2586.95        0        0        0        0        0        0        0        0        0        0        0        0        0        0        0        0        0        0        0        0        0        0        0        0        0        0        0 
27  11062.4        0        0        0        0        0        0        0        0        0        0        0        0        0        0        0        0        0        0        0        0        0        0        0        0        0        0        0        0 
28  11567.6        0        0        0        0        0        0        0        0        0        0        0        0        0        0        0        0        0        0        0        0        0        0        0        0        0        0        0        0 
