Q      1s      2s       2p       2p*      3s      3p        3p*      4s       3d       3d*      4p       4p*      5s       4d       4d*      5p       5p*      6s       4f       4f*      5d       5d*      6p       6p*      7s       5f       5f*      6d       6d*
 0  11185.8   1454.7  1255.82  1288.05  201.698  140.407  144.958  15.5231  43.3907  44.0484   7.2357  7.41665        0        0        0        0        0        0        0        0        0        0        0        0        0        0        0        0        0 
 1  11194.5   1463.4  1264.52  1296.75  210.397  149.106  153.657   24.222  52.0896  52.7473  15.9346        0        0        0        0        0        0        0        0        0        0        0        0        0        0        0        0        0        0 
 2  11175.8  1444.71  1245.83  1278.06  191.707  130.416  134.967  5.53227  33.3999  34.0576        0        0        0        0        0        0        0        0        0        0        0        0        0        0        0        0        0        0        0 
 3  11187.4  1456.37  1257.49  1289.72  203.365  142.074  146.625  17.1902  45.0578  45.7155        0        0        0        0        0        0        0        0        0        0        0        0        0        0        0        0        0        0        0 
 4  11232.2  1501.15  1302.27   1334.5   248.15  186.859   191.41  61.9747  89.8423     90.5        0        0        0        0        0        0        0        0        0        0        0        0        0        0        0        0        0        0        0 
 5  11257.6  1526.55  1327.67   1359.9   273.55  212.259   216.81  87.3747  115.242    115.9        0        0        0        0        0        0        0        0        0        0        0        0        0        0        0        0        0        0        0 
 6  11286.6  1555.55  1356.67   1388.9   302.55  241.259   245.81  116.375  144.242    144.9        0        0        0        0        0        0        0        0        0        0        0        0        0        0        0        0        0        0        0 
 7  11318.1  1587.05  1388.17   1420.4   334.05  272.759   277.31  147.875  175.742    176.4        0        0        0        0        0        0        0        0        0        0        0        0        0        0        0        0        0        0        0 
 8  11354.2  1623.15  1424.27   1456.5   370.15  308.859   313.41  183.975  211.842    212.5        0        0        0        0        0        0        0        0        0        0        0        0        0        0        0        0        0        0        0 
 9  11393.8  1662.75  1463.87   1496.1   409.75  348.459   353.01  223.575  251.442    252.1        0        0        0        0        0        0        0        0        0        0        0        0        0        0        0        0        0        0        0 
10  11427.7  1696.65  1497.77     1530   443.65  382.359   386.91  257.475  285.342      286        0        0        0        0        0        0        0        0        0        0        0        0        0        0        0        0        0        0        0 
11  11468.4  1737.31  1538.43  1570.66  484.307  423.017  427.567  298.132      326        0        0        0        0        0        0        0        0        0        0        0        0        0        0        0        0        0        0        0        0 
12  11537.2  1806.18   1607.3  1639.53  553.175  491.884  496.435      367        0        0        0        0        0        0        0        0        0        0        0        0        0        0        0        0        0        0        0        0        0 
13  11577.2  1846.18   1647.3  1679.53  593.175  531.884  536.435      407        0        0        0        0        0        0        0        0        0        0        0        0        0        0        0        0        0        0        0        0        0 
14  11568.7  1837.64  1638.76  1670.99   584.64  523.349    527.9        0        0        0        0        0        0        0        0        0        0        0        0        0        0        0        0        0        0        0        0        0        0 
15  11608.1  1877.04  1678.16  1710.39   624.04  562.749    567.3        0        0        0        0        0        0        0        0        0        0        0        0        0        0        0        0        0        0        0        0        0        0 
16  11649.9  1918.84  1719.96  1752.19   665.84  604.549    609.1        0        0        0        0        0        0        0        0        0        0        0        0        0        0        0        0        0        0        0        0        0        0 
17  11703.6  1972.54  1773.66  1805.89   719.54  658.249    662.8        0        0        0        0        0        0        0        0        0        0        0        0        0        0        0        0        0        0        0        0        0        0 
18  11747.5  2016.44  1817.56  1849.79   763.44  702.149    706.7        0        0        0        0        0        0        0        0        0        0        0        0        0        0        0        0        0        0        0        0        0        0 
19  11789.3  2058.29  1859.41  1891.65  805.291      744        0        0        0        0        0        0        0        0        0        0        0        0        0        0        0        0        0        0        0        0        0        0        0 
20  11821.2   2090.1  1891.22  1923.45    837.1        0        0        0        0        0        0        0        0        0        0        0        0        0        0        0        0        0        0        0        0        0        0        0        0 
21  11864.5  2133.44  1934.56  1966.79   880.44        0        0        0        0        0        0        0        0        0        0        0        0        0        0        0        0        0        0        0        0        0        0        0        0 
22  12077.8  2346.75  2147.87   2180.1        0        0        0        0        0        0        0        0        0        0        0        0        0        0        0        0        0        0        0        0        0        0        0        0        0 
23  12201.7  2470.65  2271.77     2304        0        0        0        0        0        0        0        0        0        0        0        0        0        0        0        0        0        0        0        0        0        0        0        0        0 
24  12336.7  2605.65  2406.77     2439        0        0        0        0        0        0        0        0        0        0        0        0        0        0        0        0        0        0        0        0        0        0        0        0        0 
25  12472.7  2741.65  2542.77     2575        0        0        0        0        0        0        0        0        0        0        0        0        0        0        0        0        0        0        0        0        0        0        0        0        0 
26  12634.8  2903.75  2704.87   2737.1        0        0        0        0        0        0        0        0        0        0        0        0        0        0        0        0        0        0        0        0        0        0        0        0        0 
27  12811.8  3080.78   2881.9        0        0        0        0        0        0        0        0        0        0        0        0        0        0        0        0        0        0        0        0        0        0        0        0        0        0 
28  12805.1     3074        0        0        0        0        0        0        0        0        0        0        0        0        0        0        0        0        0        0        0        0        0        0        0        0        0        0        0 
29  12925.4  3194.29        0        0        0        0        0        0        0        0        0        0        0        0        0        0        0        0        0        0        0        0        0        0        0        0        0        0        0 
30  13557.4        0        0        0        0        0        0        0        0        0        0        0        0        0        0        0        0        0        0        0        0        0        0        0        0        0        0        0        0 
31  14119.4        0        0        0        0        0        0        0        0        0        0        0        0        0        0        0        0        0        0        0        0        0        0        0        0        0        0        0        0 
