Q      1s      2s       2p       2p*      3s      3p        3p*      4s       3d       3d*      4p       4p*      5s       4d       4d*      5p       5p*      6s       4f       4f*      5d       5d*      6p       6p*      7s       5f       5f*      6d       6d*
 0  20121.7  2917.13  2566.89  2674.12  529.328   417.05  435.371  79.7281  248.522  251.952   47.617  50.2613   5.7701  8.00261    8.206        0        0        0        0        0        0        0        0        0        0        0        0        0        0 
 1  20129.6  2925.09  2574.84  2682.08  537.282  425.004  443.325  87.6821  256.476  259.906   55.571  58.2153  13.7241  15.9566    16.16        0        0        0        0        0        0        0        0        0        0        0        0        0        0 
 2  20140.6  2936.06  2585.81  2693.05  548.252  435.974  454.295  98.6521  267.446  270.876   66.541  69.1853  24.6941  26.9266    27.13        0        0        0        0        0        0        0        0        0        0        0        0        0        0 
 3    20154  2949.46  2599.21  2706.45  561.656  449.378  467.699  112.055   280.85  284.279  79.9443  82.5887  38.0975    40.33        0        0        0        0        0        0        0        0        0        0        0        0        0        0        0 
 4  20170.3  2965.78  2615.53  2722.77  577.975  465.697  484.018  128.375  297.169  300.599  96.2639  98.9082   54.417        0        0        0        0        0        0        0        0        0        0        0        0        0        0        0        0 
 5  20184.7  2980.19  2629.94  2737.18  592.385  480.107  498.428  142.785  311.579  315.009  110.674  113.318   68.827        0        0        0        0        0        0        0        0        0        0        0        0        0        0        0        0 
 6    20197  2992.51  2642.26   2749.5  604.705  492.427  510.748  155.105  323.899  327.329  122.994  125.638        0        0        0        0        0        0        0        0        0        0        0        0        0        0        0        0        0 
 7    20215  3010.47  2660.23  2767.46  622.667  510.389   528.71  173.067  341.861  345.291  140.956    143.6        0        0        0        0        0        0        0        0        0        0        0        0        0        0        0        0        0 
 8  20235.5  3030.99  2680.75  2787.98  643.187  530.909   549.23  193.587  362.381  365.811  161.476   164.12        0        0        0        0        0        0        0        0        0        0        0        0        0        0        0        0        0 
 9  20257.7  3053.17  2702.93  2810.16  665.367  553.089   571.41  215.767  384.561  387.991  183.656    186.3        0        0        0        0        0        0        0        0        0        0        0        0        0        0        0        0        0 
10  20280.7  3076.17  2725.93  2833.16  688.367  576.089   594.41  238.767  407.561  410.991  206.656    209.3        0        0        0        0        0        0        0        0        0        0        0        0        0        0        0        0        0 
11  20304.3  3099.79  2749.55  2856.79  711.991  599.713  618.034  262.391  431.185  434.615   230.28        0        0        0        0        0        0        0        0        0        0        0        0        0        0        0        0        0        0 
12  20148.8  2944.28  2594.03  2701.27  556.476  444.198  462.519  106.876   275.67    279.1        0        0        0        0        0        0        0        0        0        0        0        0        0        0        0        0        0        0        0 
13  20172.3  2967.78  2617.53  2724.77  579.976  467.698  486.019  130.376   299.17    302.6        0        0        0        0        0        0        0        0        0        0        0        0        0        0        0        0        0        0        0 
14  20413.7  3209.18  2858.93  2966.17  821.376  709.098  727.419  371.776   540.57      544        0        0        0        0        0        0        0        0        0        0        0        0        0        0        0        0        0        0        0 
15  20460.7  3256.18  2905.93  3013.17  868.376  756.098  774.419  418.776   587.57      591        0        0        0        0        0        0        0        0        0        0        0        0        0        0        0        0        0        0        0 
16  20515.7  3311.18  2960.93  3068.17  923.376  811.098  829.419  473.776   642.57      646        0        0        0        0        0        0        0        0        0        0        0        0        0        0        0        0        0        0        0 
17  20571.7  3367.18  3016.93  3124.17  979.376  867.098  885.419  529.776   698.57      702        0        0        0        0        0        0        0        0        0        0        0        0        0        0        0        0        0        0        0 
18  20627.7  3423.18  3072.93  3180.17  1035.38  923.098  941.419  585.776   754.57      758        0        0        0        0        0        0        0        0        0        0        0        0        0        0        0        0        0        0        0 
19  20698.7  3494.18  3143.93  3251.17  1106.38  994.098  1012.42  656.776   825.57      829        0        0        0        0        0        0        0        0        0        0        0        0        0        0        0        0        0        0        0 
20  20759.7  3555.18  3204.93  3312.17  1167.38   1055.1  1073.42  717.776   886.57      890        0        0        0        0        0        0        0        0        0        0        0        0        0        0        0        0        0        0        0 
21  20826.1  3621.61  3271.36   3378.6  1233.81  1121.53  1139.85  784.206      953        0        0        0        0        0        0        0        0        0        0        0        0        0        0        0        0        0        0        0        0 
22  21060.9   3856.4  3506.16   3613.4   1468.6  1356.32  1374.64     1019        0        0        0        0        0        0        0        0        0        0        0        0        0        0        0        0        0        0        0        0        0 
23  21123.9   3919.4  3569.16   3676.4   1531.6  1419.32  1437.64     1082        0        0        0        0        0        0        0        0        0        0        0        0        0        0        0        0        0        0        0        0        0 
24  20949.3  3744.76  3394.52  3501.75  1356.96  1244.68     1263        0        0        0        0        0        0        0        0        0        0        0        0        0        0        0        0        0        0        0        0        0        0 
25  21005.9  3801.36  3451.12  3558.35  1413.56  1301.28   1319.6        0        0        0        0        0        0        0        0        0        0        0        0        0        0        0        0        0        0        0        0        0        0 
26  21071.4  3866.86  3516.62  3623.85  1479.06  1366.78   1385.1        0        0        0        0        0        0        0        0        0        0        0        0        0        0        0        0        0        0        0        0        0        0 
27  21148.3  3943.76  3593.52  3700.75  1555.96  1443.68     1462        0        0        0        0        0        0        0        0        0        0        0        0        0        0        0        0        0        0        0        0        0        0 
28  21223.3  4018.76  3668.52  3775.75  1630.96  1518.68     1537        0        0        0        0        0        0        0        0        0        0        0        0        0        0        0        0        0        0        0        0        0        0 
29  21291.6  4087.08  3736.84  3844.07  1699.28     1587        0        0        0        0        0        0        0        0        0        0        0        0        0        0        0        0        0        0        0        0        0        0        0 
30  21322.4   4117.9  3767.66   3874.9   1730.1        0        0        0        0        0        0        0        0        0        0        0        0        0        0        0        0        0        0        0        0        0        0        0        0 
31  21383.3  4178.73  3828.49  3935.73  1790.93        0        0        0        0        0        0        0        0        0        0        0        0        0        0        0        0        0        0        0        0        0        0        0        0 
32  21706.5  4502.01  4151.76     4259        0        0        0        0        0        0        0        0        0        0        0        0        0        0        0        0        0        0        0        0        0        0        0        0        0 
33  21877.5  4673.01  4322.76     4430        0        0        0        0        0        0        0        0        0        0        0        0        0        0        0        0        0        0        0        0        0        0        0        0        0 
34  22065.5  4861.01  4510.76     4618        0        0        0        0        0        0        0        0        0        0        0        0        0        0        0        0        0        0        0        0        0        0        0        0        0 
35  22247.5  5043.01  4692.76     4800        0        0        0        0        0        0        0        0        0        0        0        0        0        0        0        0        0        0        0        0        0        0        0        0        0 
36  22531.5  5327.01  4976.76     5084        0        0        0        0        0        0        0        0        0        0        0        0        0        0        0        0        0        0        0        0        0        0        0        0        0 
37  22841.8  5637.24     5287        0        0        0        0        0        0        0        0        0        0        0        0        0        0        0        0        0        0        0        0        0        0        0        0        0        0 
38  22752.5     5548        0        0        0        0        0        0        0        0        0        0        0        0        0        0        0        0        0        0        0        0        0        0        0        0        0        0        0 
39  22917.7  5713.19        0        0        0        0        0        0        0        0        0        0        0        0        0        0        0        0        0        0        0        0        0        0        0        0        0        0        0 
40  23810.7        0        0        0        0        0        0        0        0        0        0        0        0        0        0        0        0        0        0        0        0        0        0        0        0        0        0        0        0 
41  24572.2        0        0        0        0        0        0        0        0        0        0        0        0        0        0        0        0        0        0        0        0        0        0        0        0        0        0        0        0 
