Q      1s      2s       2p       2p*      3s      3p        3p*      4s       3d       3d*      4p       4p*      5s       4d       4d*      5p       5p*      6s       4f       4f*      5d       5d*      6p       6p*      7s       5f       5f*      6d       6d*
 0  21175.4  3098.77  2728.61  2847.58  573.769  455.136  475.755  90.3999  279.036  282.949  55.6921  58.8093  6.67855  12.2254  12.5102        0        0        0        0        0        0        0        0        0        0        0        0        0        0 
 1  21178.1  3101.52  2731.36  2850.33  576.519  457.886  478.505  93.1497  281.786  285.699  58.4419  61.5591  9.42839  14.9752    15.26        0        0        0        0        0        0        0        0        0        0        0        0        0        0 
 2  21192.4  3115.81  2745.65  2864.62  590.809  472.176  492.795   107.44  296.076  299.989  72.7319  75.8491  23.7184  29.2652    29.55        0        0        0        0        0        0        0        0        0        0        0        0        0        0 
 3  21203.9  3127.26   2757.1  2876.07  602.259  483.626  504.245   118.89  307.526  311.439  84.1819  87.2991  35.1684  40.7152       41        0        0        0        0        0        0        0        0        0        0        0        0        0        0 
 4  21220.2  3143.55  2773.39  2892.36  618.544  499.911   520.53  135.175  323.811  327.724  100.467  103.584  51.4532       57        0        0        0        0        0        0        0        0        0        0        0        0        0        0        0 
 5  21240.7  3164.09  2793.94   2912.9   639.09  520.458  541.077  155.721  344.357  348.271  121.014  124.131       72        0        0        0        0        0        0        0        0        0        0        0        0        0        0        0        0 
 6  21256.7  3180.09  2809.94   2928.9   655.09  536.458  557.077  171.721  360.357  364.271  137.014  140.131       88        0        0        0        0        0        0        0        0        0        0        0        0        0        0        0        0 
 7  21266.6  3189.96   2819.8  2938.77   664.96  546.327  566.946  181.591  370.227   374.14  146.883      150        0        0        0        0        0        0        0        0        0        0        0        0        0        0        0        0        0 
 8  21285.6  3208.96   2838.8  2957.77   683.96  565.327  585.946  200.591  389.227   393.14  165.883      169        0        0        0        0        0        0        0        0        0        0        0        0        0        0        0        0        0 
 9  21306.5  3229.86   2859.7  2978.67   704.86  586.227  606.846  221.491  410.127   414.04  186.783    189.9        0        0        0        0        0        0        0        0        0        0        0        0        0        0        0        0        0 
10  21330.6  3253.96   2883.8  3002.77   728.96  610.327  630.946  245.591  434.227   438.14  210.883      214        0        0        0        0        0        0        0        0        0        0        0        0        0        0        0        0        0 
11  21355.6  3278.96   2908.8  3027.77   753.96  635.327  655.946  270.591  459.227   463.14  235.883      239        0        0        0        0        0        0        0        0        0        0        0        0        0        0        0        0        0 
12  21381.8  3305.16     2935  3053.97  780.157  661.524  682.143  296.788  485.424  489.337   262.08        0        0        0        0        0        0        0        0        0        0        0        0        0        0        0        0        0        0 
13  21203.4  3126.82  2756.66  2875.63   601.82  483.187  503.806  118.451  307.087      311        0        0        0        0        0        0        0        0        0        0        0        0        0        0        0        0        0        0        0 
14    21231  3154.37  2784.21  2903.18   629.37  510.737  531.356  146.001  334.637   338.55        0        0        0        0        0        0        0        0        0        0        0        0        0        0        0        0        0        0        0 
15  21496.4  3419.82  3049.66  3168.63   894.82  776.187  796.806  411.451  600.087      604        0        0        0        0        0        0        0        0        0        0        0        0        0        0        0        0        0        0        0 
16  21547.4  3470.82  3100.66  3219.63   945.82  827.187  847.806  462.451  651.087      655        0        0        0        0        0        0        0        0        0        0        0        0        0        0        0        0        0        0        0 
17  21605.4  3528.82  3158.66  3277.63  1003.82  885.187  905.806  520.451  709.087      713        0        0        0        0        0        0        0        0        0        0        0        0        0        0        0        0        0        0        0 
18  21665.4  3588.82  3218.66  3337.63  1063.82  945.187  965.806  580.451  769.087      773        0        0        0        0        0        0        0        0        0        0        0        0        0        0        0        0        0        0        0 
19  21721.4  3644.82  3274.66  3393.63  1119.82  1001.19  1021.81  636.451  825.087      829        0        0        0        0        0        0        0        0        0        0        0        0        0        0        0        0        0        0        0 
20  21796.4  3719.82  3349.66  3468.63  1194.82  1076.19  1096.81  711.451  900.087      904        0        0        0        0        0        0        0        0        0        0        0        0        0        0        0        0        0        0        0 
21  21860.4  3783.82  3413.66  3532.63  1258.82  1140.19  1160.81  775.451  964.087      968        0        0        0        0        0        0        0        0        0        0        0        0        0        0        0        0        0        0        0 
22  21928.3  3851.74  3481.58  3600.55  1326.73   1208.1  1228.72  843.364     1032        0        0        0        0        0        0        0        0        0        0        0        0        0        0        0        0        0        0        0        0 
23    22187  4110.37  3740.21  3859.18  1585.37  1466.74  1487.36     1102        0        0        0        0        0        0        0        0        0        0        0        0        0        0        0        0        0        0        0        0        0 
24    22251  4174.37  3804.21  3923.18  1649.37  1530.74  1551.36     1166        0        0        0        0        0        0        0        0        0        0        0        0        0        0        0        0        0        0        0        0        0 
25  22053.6  3977.02  3606.86  3725.83  1452.01  1333.38     1354        0        0        0        0        0        0        0        0        0        0        0        0        0        0        0        0        0        0        0        0        0        0 
26  22111.2  4034.62  3664.46  3783.43  1509.61  1390.98   1411.6        0        0        0        0        0        0        0        0        0        0        0        0        0        0        0        0        0        0        0        0        0        0 
27  22179.1  4102.52  3732.36  3851.33  1577.51  1458.88   1479.5        0        0        0        0        0        0        0        0        0        0        0        0        0        0        0        0        0        0        0        0        0        0 
28  22258.6  4182.02  3811.86  3930.83  1657.01  1538.38     1559        0        0        0        0        0        0        0        0        0        0        0        0        0        0        0        0        0        0        0        0        0        0 
29  22337.6  4261.02  3890.86  4009.83  1736.01  1617.38     1638        0        0        0        0        0        0        0        0        0        0        0        0        0        0        0        0        0        0        0        0        0        0 
30  22409.2  4332.64  3962.48  4081.45  1807.63     1689        0        0        0        0        0        0        0        0        0        0        0        0        0        0        0        0        0        0        0        0        0        0        0 
31  22439.6     4363  3992.84  4111.81     1838        0        0        0        0        0        0        0        0        0        0        0        0        0        0        0        0        0        0        0        0        0        0        0        0 
32  22501.9  4425.28  4055.12  4174.09  1900.28        0        0        0        0        0        0        0        0        0        0        0        0        0        0        0        0        0        0        0        0        0        0        0        0 
33  22832.8  4756.19  4386.03     4505        0        0        0        0        0        0        0        0        0        0        0        0        0        0        0        0        0        0        0        0        0        0        0        0        0 
34  23008.8  4932.19  4562.03     4681        0        0        0        0        0        0        0        0        0        0        0        0        0        0        0        0        0        0        0        0        0        0        0        0        0 
35  23201.8  5125.19  4755.03     4874        0        0        0        0        0        0        0        0        0        0        0        0        0        0        0        0        0        0        0        0        0        0        0        0        0 
36  23387.8  5311.19  4941.03     5060        0        0        0        0        0        0        0        0        0        0        0        0        0        0        0        0        0        0        0        0        0        0        0        0        0 
37  23688.8  5612.19  5242.03     5361        0        0        0        0        0        0        0        0        0        0        0        0        0        0        0        0        0        0        0        0        0        0        0        0        0 
38  24016.8  5940.16     5570        0        0        0        0        0        0        0        0        0        0        0        0        0        0        0        0        0        0        0        0        0        0        0        0        0        0 
39  23914.6     5838        0        0        0        0        0        0        0        0        0        0        0        0        0        0        0        0        0        0        0        0        0        0        0        0        0        0        0 
40    24085  6008.39        0        0        0        0        0        0        0        0        0        0        0        0        0        0        0        0        0        0        0        0        0        0        0        0        0        0        0 
41  25004.5        0        0        0        0        0        0        0        0        0        0        0        0        0        0        0        0        0        0        0        0        0        0        0        0        0        0        0        0 
42    25787        0        0        0        0        0        0        0        0        0        0        0        0        0        0        0        0        0        0        0        0        0        0        0        0        0        0        0        0 
