Q      1s      2s       2p       2p*      3s      3p        3p*      4s       3d       3d*      4p       4p*      5s       4d       4d*      5p       5p*      6s       4f       4f*      5d       5d*      6p       6p*      7s       5f       5f*      6d       6d*
 0  31998.7  5003.15  4398.28  4673.89  1037.42  848.138  900.939  193.572   599.39  610.274  134.339  144.455  20.3902   52.588  54.1655  9.22329  10.0988        0        0        0        0        0        0        0        0        0        0        0        0 
 1  32007.2  5011.65  4406.78  4682.39  1045.92  856.639   909.44  202.074  607.892  618.775   142.84  152.956  28.8913  61.0892  62.6666  17.7244     18.6        0        0        0        0        0        0        0        0        0        0        0        0 
 2  32016.4  5020.89  4416.02  4691.63  1055.16  865.879   918.68  211.314  617.132  628.015   152.08  162.196  38.1313  70.3292  71.9066  26.9644    27.84        0        0        0        0        0        0        0        0        0        0        0        0 
 3  32026.9  5031.34  4426.47  4702.08  1065.61   876.33  929.131  221.765  627.583  638.466  162.531  172.647  48.5824  80.7802  82.3577  37.4155        0        0        0        0        0        0        0        0        0        0        0        0        0 
 4  32003.8  5008.28  4403.42  4679.02  1042.55  853.272  906.074  198.707  604.525  615.408  139.473   149.59  25.5247  57.7225     59.3        0        0        0        0        0        0        0        0        0        0        0        0        0        0 
 5  32013.6  5018.08  4413.22  4688.82  1052.35  863.072  915.874  208.507  614.325  625.208  149.273   159.39  35.3247  67.5225     69.1        0        0        0        0        0        0        0        0        0        0        0        0        0        0 
 6  32068.7  5073.18  4468.32  4743.92  1107.45  918.172  970.974  263.607  669.425  680.308  204.373   214.49  90.4247  122.623    124.2        0        0        0        0        0        0        0        0        0        0        0        0        0        0 
 7  32087.5  5091.98  4487.12  4762.72  1126.25  936.972  989.774  282.407  688.225  699.108  223.173   233.29  109.225  141.423      143        0        0        0        0        0        0        0        0        0        0        0        0        0        0 
 8  32111.5  5115.98  4511.12  4786.72  1150.25  960.972  1013.77  306.407  712.225  723.108  247.173   257.29  133.225  165.423      167        0        0        0        0        0        0        0        0        0        0        0        0        0        0 
 9  32135.6  5140.08  4535.22  4810.82  1174.35  985.072  1037.87  330.507  736.325  747.208  271.273   281.39  157.325  189.523    191.1        0        0        0        0        0        0        0        0        0        0        0        0        0        0 
10  32159.5  5163.98  4559.12  4834.72  1198.25  1008.97  1061.77  354.407  760.225  771.108  295.173   305.29  181.225  213.423      215        0        0        0        0        0        0        0        0        0        0        0        0        0        0 
11  32189.5  5193.98  4589.12  4864.72  1228.25  1038.97  1091.77  384.407  790.225  801.108  325.173   335.29  211.225  243.423      245        0        0        0        0        0        0        0        0        0        0        0        0        0        0 
12  32216.5  5220.98  4616.12  4891.72  1255.25  1065.97  1118.77  411.407  817.225  828.108  352.173   362.29  238.225  270.423      272        0        0        0        0        0        0        0        0        0        0        0        0        0        0 
13  32245.1  5249.56  4644.69   4920.3  1283.83  1094.55  1147.35  439.984  845.802  856.686  380.751  390.867  266.802      299        0        0        0        0        0        0        0        0        0        0        0        0        0        0        0 
14  32306.3  5310.76  4705.89   4981.5  1345.03  1155.75  1208.55  501.182      907  917.884  441.949  452.065      328        0        0        0        0        0        0        0        0        0        0        0        0        0        0        0        0 
15  32332.3  5336.76  4731.89   5007.5  1371.03  1181.75  1234.55  527.182      933  943.884  467.949  478.065      354        0        0        0        0        0        0        0        0        0        0        0        0        0        0        0        0 
16  32315.2  5319.69  4714.83  4990.44  1353.96  1164.68  1217.48  510.117  915.935  926.819  450.884      461        0        0        0        0        0        0        0        0        0        0        0        0        0        0        0        0        0 
17  32345.2  5349.69  4744.83  5020.44  1383.96  1194.68  1247.48  540.117  945.935  956.819  480.884      491        0        0        0        0        0        0        0        0        0        0        0        0        0        0        0        0        0 
18  32376.2  5380.69  4775.83  5051.44  1414.96  1225.68  1278.48  571.117  976.935  987.819  511.884      522        0        0        0        0        0        0        0        0        0        0        0        0        0        0        0        0        0 
19  32409.2  5413.69  4808.83  5084.44  1447.96  1258.68  1311.48  604.117  1009.94  1020.82  544.884      555        0        0        0        0        0        0        0        0        0        0        0        0        0        0        0        0        0 
20  32453.2  5457.69  4852.83  5128.44  1491.96  1302.68  1355.48  648.117  1053.94  1064.82  588.884      599        0        0        0        0        0        0        0        0        0        0        0        0        0        0        0        0        0 
21  32497.3  5501.81  4896.94  5172.55  1536.08   1346.8   1399.6  692.234  1098.05  1108.93      633        0        0        0        0        0        0        0        0        0        0        0        0        0        0        0        0        0        0 
22  32097.4  5101.87  4497.01  4772.62  1136.14  946.864  999.665  292.299  698.117      709        0        0        0        0        0        0        0        0        0        0        0        0        0        0        0        0        0        0        0 
23  32134.5  5138.99  4534.13  4809.74  1173.26  983.984  1036.79  329.419  735.237   746.12        0        0        0        0        0        0        0        0        0        0        0        0        0        0        0        0        0        0        0 
24  32692.4  5696.87  5092.01  5367.62  1731.14  1541.86  1594.67  887.299  1293.12     1304        0        0        0        0        0        0        0        0        0        0        0        0        0        0        0        0        0        0        0 
25  32765.4  5769.87  5165.01  5440.62  1804.14  1614.86  1667.67  960.299  1366.12     1377        0        0        0        0        0        0        0        0        0        0        0        0        0        0        0        0        0        0        0 
26  32843.4  5847.87  5243.01  5518.62  1882.14  1692.86  1745.67   1038.3  1444.12     1455        0        0        0        0        0        0        0        0        0        0        0        0        0        0        0        0        0        0        0 
27  32926.4  5930.87  5326.01  5601.62  1965.14  1775.86  1828.67   1121.3  1527.12     1538        0        0        0        0        0        0        0        0        0        0        0        0        0        0        0        0        0        0        0 
28  33006.4  6010.87  5406.01  5681.62  2045.14  1855.86  1908.67   1201.3  1607.12     1618        0        0        0        0        0        0        0        0        0        0        0        0        0        0        0        0        0        0        0 
29  33095.4  6099.87  5495.01  5770.62  2134.14  1944.86  1997.67   1290.3  1696.12     1707        0        0        0        0        0        0        0        0        0        0        0        0        0        0        0        0        0        0        0 
30  33191.4  6195.87  5591.01  5866.62  2230.14  2040.86  2093.67   1386.3  1792.12     1803        0        0        0        0        0        0        0        0        0        0        0        0        0        0        0        0        0        0        0 
31  33288.3  6292.76  5687.89   5963.5  2327.03  2137.75  2190.55  1483.18     1889        0        0        0        0        0        0        0        0        0        0        0        0        0        0        0        0        0        0        0        0 
32  33784.1  6788.58  6183.71  6459.32  2822.85  2633.57  2686.37     1979        0        0        0        0        0        0        0        0        0        0        0        0        0        0        0        0        0        0        0        0        0 
33  33871.1  6875.58  6270.71  6546.32  2909.85  2720.57  2773.37     2066        0        0        0        0        0        0        0        0        0        0        0        0        0        0        0        0        0        0        0        0        0 
34  33406.7  6411.21  5806.34  6081.95  2445.48   2256.2     2309        0        0        0        0        0        0        0        0        0        0        0        0        0        0        0        0        0        0        0        0        0        0 
35  33483.7  6488.21  5883.34  6158.95  2522.48   2333.2     2386        0        0        0        0        0        0        0        0        0        0        0        0        0        0        0        0        0        0        0        0        0        0 
36  33569.7  6574.21  5969.34  6244.95  2608.48   2419.2     2472        0        0        0        0        0        0        0        0        0        0        0        0        0        0        0        0        0        0        0        0        0        0 
37  33649.7  6654.21  6049.34  6324.95  2688.48   2499.2     2552        0        0        0        0        0        0        0        0        0        0        0        0        0        0        0        0        0        0        0        0        0        0 
38  33797.7  6802.21  6197.34  6472.95  2836.48   2647.2     2700        0        0        0        0        0        0        0        0        0        0        0        0        0        0        0        0        0        0        0        0        0        0 
39  33938.5  6943.01  6338.14  6613.75  2977.28     2788        0        0        0        0        0        0        0        0        0        0        0        0        0        0        0        0        0        0        0        0        0        0        0 
40  33915.2  6919.73  6314.86  6590.47     2954        0        0        0        0        0        0        0        0        0        0        0        0        0        0        0        0        0        0        0        0        0        0        0        0 
41  34002.2  7006.73  6401.86  6677.47     3041        0        0        0        0        0        0        0        0        0        0        0        0        0        0        0        0        0        0        0        0        0        0        0        0 
42  34346.8  7351.26  6746.39     7022        0        0        0        0        0        0        0        0        0        0        0        0        0        0        0        0        0        0        0        0        0        0        0        0        0 
43  34567.8  7572.26  6967.39     7243        0        0        0        0        0        0        0        0        0        0        0        0        0        0        0        0        0        0        0        0        0        0        0        0        0 
44  34809.8  7814.26  7209.39     7485        0        0        0        0        0        0        0        0        0        0        0        0        0        0        0        0        0        0        0        0        0        0        0        0        0 
45  35038.8  8043.26  7438.39     7714        0        0        0        0        0        0        0        0        0        0        0        0        0        0        0        0        0        0        0        0        0        0        0        0        0 
46  35564.8  8569.26  7964.39     8240        0        0        0        0        0        0        0        0        0        0        0        0        0        0        0        0        0        0        0        0        0        0        0        0        0 
47  36099.4  9103.87     8499        0        0        0        0        0        0        0        0        0        0        0        0        0        0        0        0        0        0        0        0        0        0        0        0        0        0 
48  35816.5     8821        0        0        0        0        0        0        0        0        0        0        0        0        0        0        0        0        0        0        0        0        0        0        0        0        0        0        0 
49  36036.3  9040.83        0        0        0        0        0        0        0        0        0        0        0        0        0        0        0        0        0        0        0        0        0        0        0        0        0        0        0 
50  37196.5        0        0        0        0        0        0        0        0        0        0        0        0        0        0        0        0        0        0        0        0        0        0        0        0        0        0        0        0 
51  38177.6        0        0        0        0        0        0        0        0        0        0        0        0        0        0        0        0        0        0        0        0        0        0        0        0        0        0        0        0 
