Q      1s      2s       2p       2p*      3s      3p        3p*      4s       3d       3d*      4p       4p*      5s       4d       4d*      5p       5p*      6s       4f       4f*      5d       5d*      6p       6p*      7s       5f       5f*      6d       6d*
 0  43821.9  7199.07  6271.23   6792.9  1609.47  1328.97  1435.45  341.008  1007.19   1029.9  249.918  273.165  50.6501  132.619  136.787  26.8934  30.1347  4.73913  9.66643   10.045        0        0        0        0        0        0        0        0        0 
 1  43822.6   7199.8  6271.96  6793.63  1610.21  1329.71  1436.19  341.746  1007.93  1030.64  250.656  273.903  51.3881  133.357  137.525  27.6315  30.8727  5.47715  10.4044   10.783        0        0        0        0        0        0        0        0        0 
 2  43833.9  7211.11  6283.27  6804.94  1621.52  1341.02   1447.5  353.053  1019.24  1041.94  261.963   285.21  62.6951  144.664  148.832  38.9385  42.1797  16.7841  21.7114    22.09        0        0        0        0        0        0        0        0        0 
 3  43852.8     7230  6302.16  6823.83   1640.4   1359.9  1466.39  371.941  1038.13  1060.83  280.851  304.099  81.5837  163.553  167.721   57.827  61.0682  35.6727     40.6        0        0        0        0        0        0        0        0        0        0 
 4  43877.1  7254.33  6326.49  6848.16  1664.73  1384.23  1490.71  396.269  1062.45  1085.16  305.179  328.426  105.911   187.88  192.048  82.1543  85.3955       60        0        0        0        0        0        0        0        0        0        0        0 
 5  43901.1  7278.33  6350.49  6872.16  1688.73  1408.23  1514.71  420.269  1086.45  1109.16  329.179  352.426  129.911   211.88  216.048  106.154  109.396       84        0        0        0        0        0        0        0        0        0        0        0 
 6  43890.7  7267.93  6340.09  6861.76  1678.34  1397.84  1504.32  409.873  1076.06  1098.76  318.783  342.031  119.515  201.484  205.652  95.7588       99        0        0        0        0        0        0        0        0        0        0        0        0 
 7  43905.7  7282.93  6355.09  6876.76  1693.34  1412.84  1519.32  424.873  1091.06  1113.76  333.783  357.031  134.515  216.484  220.652  110.759      114        0        0        0        0        0        0        0        0        0        0        0        0 
 8  43927.7  7304.93  6377.09  6898.76  1715.34  1434.84  1541.32  446.873  1113.06  1135.76  355.783  379.031  156.515  238.484  242.652  132.759      136        0        0        0        0        0        0        0        0        0        0        0        0 
 9  43943.7  7320.93  6393.09  6914.76  1731.34  1450.84  1557.32  462.873  1129.06  1151.76  371.783  395.031  172.515  254.484  258.652  148.759      152        0        0        0        0        0        0        0        0        0        0        0        0 
10  43959.7  7336.93  6409.09  6930.76  1747.34  1466.84  1573.32  478.873  1145.06  1167.76  387.783  411.031  188.515  270.484  274.652  164.759      168        0        0        0        0        0        0        0        0        0        0        0        0 
11    43990  7367.17  6439.33     6961  1777.58  1497.08  1603.56  509.114   1175.3     1198  418.024  441.272  218.757  300.726  304.894      195        0        0        0        0        0        0        0        0        0        0        0        0        0 
12  43906.1  7283.28  6355.44  6877.11  1693.68  1413.18  1519.66  425.221  1091.41  1114.11  334.131  357.378  134.863  216.832      221        0        0        0        0        0        0        0        0        0        0        0        0        0        0 
13  43928.1  7305.28  6377.44  6899.11  1715.68  1435.18  1541.66  447.221  1113.41  1136.11  356.131  379.378  156.863  238.832      243        0        0        0        0        0        0        0        0        0        0        0        0        0        0 
14  44074.1  7451.28  6523.44  7045.11  1861.68  1581.18  1687.66  593.221  1259.41  1282.11  502.131  525.378  302.863  384.832      389        0        0        0        0        0        0        0        0        0        0        0        0        0        0 
15  44105.1  7482.28  6554.44  7076.11  1892.68  1612.18  1718.66  624.221  1290.41  1313.11  533.131  556.378  333.863  415.832      420        0        0        0        0        0        0        0        0        0        0        0        0        0        0 
16  44138.1  7515.28  6587.44  7109.11  1925.68  1645.18  1751.66  657.221  1323.41  1346.11  566.131  589.378  366.863  448.832      453        0        0        0        0        0        0        0        0        0        0        0        0        0        0 
17  44174.1  7551.28  6623.44  7145.11  1961.68  1681.18  1787.66  693.221  1359.41  1382.11  602.131  625.378  402.863  484.832      489        0        0        0        0        0        0        0        0        0        0        0        0        0        0 
18  44207.1  7584.28  6656.44  7178.11  1994.68  1714.18  1820.66  726.221  1392.41  1415.11  635.131  658.378  435.863  517.832      522        0        0        0        0        0        0        0        0        0        0        0        0        0        0 
19  44247.1  7624.28  6696.44  7218.11  2034.68  1754.18  1860.66  766.221  1432.41  1455.11  675.131  698.378  475.863  557.832      562        0        0        0        0        0        0        0        0        0        0        0        0        0        0 
20  44287.1  7664.28  6736.44  7258.11  2074.68  1794.18  1900.66  806.221  1472.41  1495.11  715.131  738.378  515.863  597.832      602        0        0        0        0        0        0        0        0        0        0        0        0        0        0 
21  44327.2  7704.45  6776.61  7298.28  2114.85  1834.35  1940.83  846.389  1512.57  1535.28  755.299  778.546  556.031      638        0        0        0        0        0        0        0        0        0        0        0        0        0        0        0 
22  44449.2  7826.42  6898.58  7420.25  2236.82  1956.32   2062.8  968.358  1634.54  1657.25  877.268  900.515      678        0        0        0        0        0        0        0        0        0        0        0        0        0        0        0        0 
23  44485.2  7862.42  6934.58  7456.25  2272.82  1992.32   2098.8  1004.36  1670.54  1693.25  913.268  936.515      714        0        0        0        0        0        0        0        0        0        0        0        0        0        0        0        0 
24  44407.7   7784.9  6857.06  7378.73  2195.31  1914.81  2021.29  926.842  1593.03  1615.73  835.752      859        0        0        0        0        0        0        0        0        0        0        0        0        0        0        0        0        0 
25  44444.7   7821.9  6894.06  7415.73  2232.31  1951.81  2058.29  963.842  1630.03  1652.73  872.752      896        0        0        0        0        0        0        0        0        0        0        0        0        0        0        0        0        0 
26  44487.7   7864.9  6937.06  7458.73  2275.31  1994.81  2101.29  1006.84  1673.03  1695.73  915.752      939        0        0        0        0        0        0        0        0        0        0        0        0        0        0        0        0        0 
27  44526.7   7903.9  6976.06  7497.73  2314.31  2033.81  2140.29  1045.84  1712.03  1734.73  954.752      978        0        0        0        0        0        0        0        0        0        0        0        0        0        0        0        0        0 
28  44597.7   7974.9  7047.06  7568.73  2385.31  2104.81  2211.29  1116.84  1783.03  1805.73  1025.75     1049        0        0        0        0        0        0        0        0        0        0        0        0        0        0        0        0        0 
29    44664  8041.15  7113.31  7634.98  2451.55  2171.05  2277.53  1183.09  1849.28  1871.98     1092        0        0        0        0        0        0        0        0        0        0        0        0        0        0        0        0        0        0 
30    43983  7360.17  6432.33     6954  1770.57  1490.07  1596.55  502.109  1168.29     1191        0        0        0        0        0        0        0        0        0        0        0        0        0        0        0        0        0        0        0 
31  44030.4  7407.59  6479.75  7001.42  1817.99  1537.49  1643.97  549.529  1215.71  1238.42        0        0        0        0        0        0        0        0        0        0        0        0        0        0        0        0        0        0        0 
32    44926  8303.17  7375.33     7897  2713.57  2433.07  2539.55  1445.11  2111.29     2134        0        0        0        0        0        0        0        0        0        0        0        0        0        0        0        0        0        0        0 
33    45016  8393.17  7465.33     7987  2803.57  2523.07  2629.55  1535.11  2201.29     2224        0        0        0        0        0        0        0        0        0        0        0        0        0        0        0        0        0        0        0 
34    45113  8490.17  7562.33     8084  2900.57  2620.07  2726.55  1632.11  2298.29     2321        0        0        0        0        0        0        0        0        0        0        0        0        0        0        0        0        0        0        0 
35    45217  8594.17  7666.33     8188  3004.57  2724.07  2830.55  1736.11  2402.29     2425        0        0        0        0        0        0        0        0        0        0        0        0        0        0        0        0        0        0        0 
36    45317  8694.17  7766.33     8288  3104.57  2824.07  2930.55  1836.11  2502.29     2525        0        0        0        0        0        0        0        0        0        0        0        0        0        0        0        0        0        0        0 
37    45419  8796.17  7868.33     8390  3206.57  2926.07  3032.55  1938.11  2604.29     2627        0        0        0        0        0        0        0        0        0        0        0        0        0        0        0        0        0        0        0 
38    45550  8927.17  7999.33     8521  3337.57  3057.07  3163.55  2069.11  2735.29     2758        0        0        0        0        0        0        0        0        0        0        0        0        0        0        0        0        0        0        0 
39  45675.7  9052.87  8125.03   8646.7  3463.28  3182.78  3289.26  2194.81     2861        0        0        0        0        0        0        0        0        0        0        0        0        0        0        0        0        0        0        0        0 
40  46454.9  9832.06  8904.22  9425.89  4242.46  3961.96  4068.44     2974        0        0        0        0        0        0        0        0        0        0        0        0        0        0        0        0        0        0        0        0        0 
41  46558.9  9936.06  9008.22  9529.89  4346.46  4065.96  4172.44     3078        0        0        0        0        0        0        0        0        0        0        0        0        0        0        0        0        0        0        0        0        0 
42  45757.4  9134.61  8206.77  8728.44  3545.02  3264.52     3371        0        0        0        0        0        0        0        0        0        0        0        0        0        0        0        0        0        0        0        0        0        0 
43  45851.4  9228.61  8300.77  8822.44  3639.02  3358.52     3465        0        0        0        0        0        0        0        0        0        0        0        0        0        0        0        0        0        0        0        0        0        0 
44  45953.4  9330.61  8402.77  8924.44  3741.02  3460.52     3567        0        0        0        0        0        0        0        0        0        0        0        0        0        0        0        0        0        0        0        0        0        0 
45  46048.4  9425.61  8497.77  9019.44  3836.02  3555.52     3662        0        0        0        0        0        0        0        0        0        0        0        0        0        0        0        0        0        0        0        0        0        0 
46  46277.4  9654.61  8726.77  9248.44  4065.02  3784.52     3891        0        0        0        0        0        0        0        0        0        0        0        0        0        0        0        0        0        0        0        0        0        0 
47  46489.9   9867.1  8939.26  9460.92   4277.5     3997        0        0        0        0        0        0        0        0        0        0        0        0        0        0        0        0        0        0        0        0        0        0        0 
48  46410.4   9787.6  8859.76  9381.42     4198        0        0        0        0        0        0        0        0        0        0        0        0        0        0        0        0        0        0        0        0        0        0        0        0 
49  46514.4   9891.6  8963.76  9485.42     4302        0        0        0        0        0        0        0        0        0        0        0        0        0        0        0        0        0        0        0        0        0        0        0        0 
50    46771  10148.2  9220.33     9742        0        0        0        0        0        0        0        0        0        0        0        0        0        0        0        0        0        0        0        0        0        0        0        0        0 
51    47031  10408.2  9480.33    10002        0        0        0        0        0        0        0        0        0        0        0        0        0        0        0        0        0        0        0        0        0        0        0        0        0 
52    47317  10694.2  9766.33    10288        0        0        0        0        0        0        0        0        0        0        0        0        0        0        0        0        0        0        0        0        0        0        0        0        0 
53    47584  10961.2  10033.3    10555        0        0        0        0        0        0        0        0        0        0        0        0        0        0        0        0        0        0        0        0        0        0        0        0        0 
54    48413  11790.2  10862.3    11384        0        0        0        0        0        0        0        0        0        0        0        0        0        0        0        0        0        0        0        0        0        0        0        0        0 
55  49244.6  12621.8    11694        0        0        0        0        0        0        0        0        0        0        0        0        0        0        0        0        0        0        0        0        0        0        0        0        0        0 
56  48704.8    12082        0        0        0        0        0        0        0        0        0        0        0        0        0        0        0        0        0        0        0        0        0        0        0        0        0        0        0 
57  48964.5  12341.7        0        0        0        0        0        0        0        0        0        0        0        0        0        0        0        0        0        0        0        0        0        0        0        0        0        0        0 
58  50339.6        0        0        0        0        0        0        0        0        0        0        0        0        0        0        0        0        0        0        0        0        0        0        0        0        0        0        0        0 
59  51515.6        0        0        0        0        0        0        0        0        0        0        0        0        0        0        0        0        0        0        0        0        0        0        0        0        0        0        0        0 
