Q      1s      2s       2p       2p*      3s      3p        3p*      4s       3d       3d*      4p       4p*      5s       4d       4d*      5p       5p*      6s       4f       4f*      5d       5d*      6p       6p*      7s       5f       5f*      6d       6d*
 0  54109.5  9131.89  7861.23  8663.52  2085.15  1711.15  1880.97  437.381  1328.49  1365.14  316.943   355.19  59.9221  173.664  180.742  30.2086  35.1785  5.10734  12.5591  13.5354        0        0        0        0        0        0        0        0        0 
 1  54107.7  9130.01  7859.34  8661.63  2083.26  1709.27  1879.08  435.492   1326.6  1363.25  315.055  353.301  58.0337  171.776  178.854  28.3202  33.2902  3.21898  10.6707   11.647        0        0        0        0        0        0        0        0        0 
 2  54118.9  9141.25  7870.59  8672.88   2094.5  1720.51  1890.32  446.735  1337.85   1374.5  326.298  364.544  69.2767  183.019  190.097  39.5632  44.5332   14.462  21.9137    22.89        0        0        0        0        0        0        0        0        0 
 3  54137.2  9159.59  7888.93  8691.22  2112.84  1738.85  1908.66  465.075  1356.19  1392.84  344.638  382.884  87.6167  201.359  208.437  57.9032  62.8732   32.802  40.2537    41.23        0        0        0        0        0        0        0        0        0 
 4  54158.1  9180.46   7909.8  8712.09  2133.71  1759.72  1929.53  485.945  1377.06  1413.71  365.508  403.754  108.487  222.229  229.307  78.7732  83.7432   53.672  61.1237     62.1        0        0        0        0        0        0        0        0        0 
 5    54189  9211.36   7940.7  8742.99  2164.61  1790.62  1960.43  516.845  1407.96  1444.61  396.408  434.654  139.387  253.129  260.207  109.673  114.643   84.572  92.0237       93        0        0        0        0        0        0        0        0        0 
 6    54206  9228.36   7957.7  8759.99  2181.61  1807.62  1977.43  533.845  1424.96  1461.61  413.408  451.654  156.387  270.129  277.207  126.673  131.643  101.572  109.024      110        0        0        0        0        0        0        0        0        0 
 7    54223  9245.36   7974.7  8776.99  2198.61  1824.62  1994.43  550.845  1441.96  1478.61  430.408  468.654  173.387  287.129  294.207  143.673  148.643  118.572  126.024      127        0        0        0        0        0        0        0        0        0 
 8    54248  9270.36   7999.7  8801.99  2223.61  1849.62  2019.43  575.845  1466.96  1503.61  455.408  493.654  198.387  312.129  319.207  168.673  173.643  143.572  151.024      152        0        0        0        0        0        0        0        0        0 
 9    54267  9289.33  8018.67  8820.96  2242.59   1868.6  2038.41  594.821  1485.93  1522.58  474.384  512.631  217.363  331.105  338.183  187.649  192.619  162.548      170        0        0        0        0        0        0        0        0        0        0 
10  54296.4  9318.79  8048.13  8850.42  2272.04  1898.05  2067.86  624.273  1515.38  1552.04  503.836  542.082  246.815  360.557  367.635  217.101  222.071      192        0        0        0        0        0        0        0        0        0        0        0 
11  54328.4  9350.79  8080.13  8882.42  2304.04  1930.05  2099.86  656.273  1547.38  1584.04  535.836  574.082  278.815  392.557  399.635  249.101  254.071      224        0        0        0        0        0        0        0        0        0        0        0 
12  54333.4  9355.71  8085.05  8887.34  2308.97  1934.98  2104.79  661.202  1552.31  1588.96  540.765  579.011  283.744  397.486  404.563   254.03      259        0        0        0        0        0        0        0        0        0        0        0        0 
13  54353.4  9375.71  8105.05  8907.34  2328.97  1954.98  2124.79  681.202  1572.31  1608.96  560.765  599.011  303.744  417.486  424.563   274.03      279        0        0        0        0        0        0        0        0        0        0        0        0 
14  54374.4  9396.71  8126.05  8928.34  2349.97  1975.98  2145.79  702.202  1593.31  1629.96  581.765  620.011  324.744  438.486  445.563   295.03      300        0        0        0        0        0        0        0        0        0        0        0        0 
15  54406.4  9428.71  8158.05  8960.34  2381.97  2007.98  2177.79  734.202  1625.31  1661.96  613.765  652.011  356.744  470.486  477.563   327.03      332        0        0        0        0        0        0        0        0        0        0        0        0 
16  54440.4  9462.71  8192.05  8994.34  2415.97  2041.98  2211.79  768.202  1659.31  1695.96  647.765  686.011  390.744  504.486  511.563   361.03      366        0        0        0        0        0        0        0        0        0        0        0        0 
17  54478.3  9500.68  8230.02  9032.31  2453.94  2079.95  2249.76  806.172  1697.28  1733.93  685.735  723.981  428.714  542.456  549.533      399        0        0        0        0        0        0        0        0        0        0        0        0        0 
18  54359.8  9382.15  8111.49  8913.78   2335.4  1961.41  2131.22  687.639  1578.75   1615.4  567.201  605.448   310.18  423.922      431        0        0        0        0        0        0        0        0        0        0        0        0        0        0 
19  54393.7  9416.05  8145.39  8947.68   2369.3  1995.31  2165.12  721.539  1612.65   1649.3  601.101  639.348   344.08  457.822    464.9        0        0        0        0        0        0        0        0        0        0        0        0        0        0 
20  54592.8  9615.15  8344.49  9146.78   2568.4  2194.41  2364.22  920.639  1811.75   1848.4  800.201  838.448   543.18  656.922      664        0        0        0        0        0        0        0        0        0        0        0        0        0        0 
21  54630.8  9653.15  8382.49  9184.78   2606.4  2232.41  2402.22  958.639  1849.75   1886.4  838.201  876.448   581.18  694.922      702        0        0        0        0        0        0        0        0        0        0        0        0        0        0 
22  54671.8  9694.15  8423.49  9225.78   2647.4  2273.41  2443.22  999.639  1890.75   1927.4  879.201  917.448   622.18  735.922      743        0        0        0        0        0        0        0        0        0        0        0        0        0        0 
23  54714.8  9737.15  8466.49  9268.78   2690.4  2316.41  2486.22  1042.64  1933.75   1970.4  922.201  960.448   665.18  778.922      786        0        0        0        0        0        0        0        0        0        0        0        0        0        0 
24  54755.8  9778.15  8507.49  9309.78   2731.4  2357.41  2527.22  1083.64  1974.75   2011.4  963.201  1001.45   706.18  819.922      827        0        0        0        0        0        0        0        0        0        0        0        0        0        0 
25  54800.8  9823.15  8552.49  9354.78   2776.4  2402.41  2572.22  1128.64  2019.75   2056.4   1008.2  1046.45   751.18  864.922      872        0        0        0        0        0        0        0        0        0        0        0        0        0        0 
26  54852.8  9875.15  8604.49  9406.78   2828.4  2454.41  2624.22  1180.64  2071.75   2108.4   1060.2  1098.45   803.18  916.922      924        0        0        0        0        0        0        0        0        0        0        0        0        0        0 
27  54904.9  9927.23  8656.57  9458.86  2880.48  2506.49   2676.3  1232.72  2123.83  2160.48  1112.28  1150.53  855.258      969        0        0        0        0        0        0        0        0        0        0        0        0        0        0        0 
28  55063.6    10086  8815.31   9617.6  3039.22  2665.23  2835.04  1391.46  2282.57  2319.22  1271.02  1309.27     1014        0        0        0        0        0        0        0        0        0        0        0        0        0        0        0        0 
29  55108.6    10131  8860.31   9662.6  3084.22  2710.23  2880.04  1436.46  2327.57  2364.22  1316.02  1354.27     1059        0        0        0        0        0        0        0        0        0        0        0        0        0        0        0        0 
30  54986.4  10008.7  8738.04  9540.33  2961.96  2587.97  2757.78  1314.19   2205.3  2241.95  1193.75     1232        0        0        0        0        0        0        0        0        0        0        0        0        0        0        0        0        0 
31  55029.4  10051.7  8781.04  9583.33  3004.96  2630.97  2800.78  1357.19   2248.3  2284.95  1236.75     1275        0        0        0        0        0        0        0        0        0        0        0        0        0        0        0        0        0 
32  55079.4  10101.7  8831.04  9633.33  3054.96  2680.97  2850.78  1407.19   2298.3  2334.95  1286.75     1325        0        0        0        0        0        0        0        0        0        0        0        0        0        0        0        0        0 
33  55125.4  10147.7  8877.04  9679.33  3100.96  2726.97  2896.78  1453.19   2344.3  2380.95  1332.75     1371        0        0        0        0        0        0        0        0        0        0        0        0        0        0        0        0        0 
34  55222.4  10244.7  8974.04  9776.33  3197.96  2823.97  2993.78  1550.19   2441.3  2477.95  1429.75     1468        0        0        0        0        0        0        0        0        0        0        0        0        0        0        0        0        0 
35  55312.6    10335  9064.29  9866.58   3288.2  2914.21  3084.02  1640.44  2531.55   2568.2     1520        0        0        0        0        0        0        0        0        0        0        0        0        0        0        0        0        0        0 
36  54382.4  9404.75  8134.09  8936.38     2358  1984.01  2153.82  710.237  1601.35     1638        0        0        0        0        0        0        0        0        0        0        0        0        0        0        0        0        0        0        0 
37  54436.1  9458.45  8187.79  8990.08   2411.7  2037.71  2207.52  763.937  1655.05   1691.7        0        0        0        0        0        0        0        0        0        0        0        0        0        0        0        0        0        0        0 
38  55626.4  10648.8  9378.09  10180.4     3602  3228.01  3397.82  1954.24  2845.35     2882        0        0        0        0        0        0        0        0        0        0        0        0        0        0        0        0        0        0        0 
39  55731.4  10753.8  9483.09  10285.4     3707  3333.01  3502.82  2059.24  2950.35     2987        0        0        0        0        0        0        0        0        0        0        0        0        0        0        0        0        0        0        0 
40  55842.4  10864.8  9594.09  10396.4     3818  3444.01  3613.82  2170.24  3061.35     3098        0        0        0        0        0        0        0        0        0        0        0        0        0        0        0        0        0        0        0 
41  55961.4  10983.8  9713.09  10515.4     3937  3563.01  3732.82  2289.24  3180.35     3217        0        0        0        0        0        0        0        0        0        0        0        0        0        0        0        0        0        0        0 
42  56075.4  11097.8  9827.09  10629.4     4051  3677.01  3846.82  2403.24  3294.35     3331        0        0        0        0        0        0        0        0        0        0        0        0        0        0        0        0        0        0        0 
43  56189.4  11211.8  9941.09  10743.4     4165  3791.01  3960.82  2517.24  3408.35     3445        0        0        0        0        0        0        0        0        0        0        0        0        0        0        0        0        0        0        0 
44  56351.4  11373.8  10103.1  10905.4     4327  3953.01  4122.82  2679.24  3570.35     3607        0        0        0        0        0        0        0        0        0        0        0        0        0        0        0        0        0        0        0 
45    56506  11528.4  10257.7    11060  4481.65  4107.66  4277.47  2833.89     3725        0        0        0        0        0        0        0        0        0        0        0        0        0        0        0        0        0        0        0        0 
46  57524.2  12546.5  11275.9  12078.1  5499.76  5125.77  5295.59     3852        0        0        0        0        0        0        0        0        0        0        0        0        0        0        0        0        0        0        0        0        0 
47  57642.2  12664.5  11393.9  12196.1  5617.76  5243.77  5413.59     3970        0        0        0        0        0        0        0        0        0        0        0        0        0        0        0        0        0        0        0        0        0 
48  56531.6  11553.9  10283.3  11085.6  4507.18  4133.19     4303        0        0        0        0        0        0        0        0        0        0        0        0        0        0        0        0        0        0        0        0        0        0 
49  56635.6  11657.9  10387.3  11189.6  4611.18  4237.19     4407        0        0        0        0        0        0        0        0        0        0        0        0        0        0        0        0        0        0        0        0        0        0 
50  56751.6  11773.9  10503.3  11305.6  4727.18  4353.19     4523        0        0        0        0        0        0        0        0        0        0        0        0        0        0        0        0        0        0        0        0        0        0 
51  56857.6  11879.9  10609.3  11411.6  4833.18  4459.19     4629        0        0        0        0        0        0        0        0        0        0        0        0        0        0        0        0        0        0        0        0        0        0 
52  57173.6  12195.9  10925.3  11727.6  5149.18  4775.19     4945        0        0        0        0        0        0        0        0        0        0        0        0        0        0        0        0        0        0        0        0        0        0 
53  57464.4  12486.7  11216.1  12018.4  5439.99     5066        0        0        0        0        0        0        0        0        0        0        0        0        0        0        0        0        0        0        0        0        0        0        0 
54  57320.4  12342.7  11072.1  11874.4     5296        0        0        0        0        0        0        0        0        0        0        0        0        0        0        0        0        0        0        0        0        0        0        0        0 
55  57436.4  12458.7  11188.1  11990.4     5412        0        0        0        0        0        0        0        0        0        0        0        0        0        0        0        0        0        0        0        0        0        0        0        0 
56    57527  12549.4  11278.7    12081        0        0        0        0        0        0        0        0        0        0        0        0        0        0        0        0        0        0        0        0        0        0        0        0        0 
57    57816  12838.4  11567.7    12370        0        0        0        0        0        0        0        0        0        0        0        0        0        0        0        0        0        0        0        0        0        0        0        0        0 
58    58136  13158.4  11887.7    12690        0        0        0        0        0        0        0        0        0        0        0        0        0        0        0        0        0        0        0        0        0        0        0        0        0 
59    58432  13454.4  12183.7    12986        0        0        0        0        0        0        0        0        0        0        0        0        0        0        0        0        0        0        0        0        0        0        0        0        0 
60    59590  14612.4  13341.7    14144        0        0        0        0        0        0        0        0        0        0        0        0        0        0        0        0        0        0        0        0        0        0        0        0        0 
61  60743.3  15765.7    14495        0        0        0        0        0        0        0        0        0        0        0        0        0        0        0        0        0        0        0        0        0        0        0        0        0        0 
62  59913.6    14936        0        0        0        0        0        0        0        0        0        0        0        0        0        0        0        0        0        0        0        0        0        0        0        0        0        0        0 
63  60205.7  15228.1        0        0        0        0        0        0        0        0        0        0        0        0        0        0        0        0        0        0        0        0        0        0        0        0        0        0        0 
64  61736.6        0        0        0        0        0        0        0        0        0        0        0        0        0        0        0        0        0        0        0        0        0        0        0        0        0        0        0        0 
65  63073.5        0        0        0        0        0        0        0        0        0        0        0        0        0        0        0        0        0        0        0        0        0        0        0        0        0        0        0        0 
