Q      1s      2s       2p       2p*      3s      3p        3p*      4s       3d       3d*      4p       4p*      5s       4d       4d*      5p       5p*      6s       4f       4f*      5d       5d*      6p       6p*      7s       5f       5f*      6d       6d*
 0  57831.2  9840.04  8430.73  9349.84  2258.94  1847.66  2044.22  471.974  1443.66  1485.61  340.136  384.731  63.1016  187.677  195.982  31.2094  36.8741  5.24926  12.9228  14.1836        0        0        0        0        0        0        0        0        0 
 1    57829  9837.78  8428.46  9347.58  2256.67  1845.39  2041.96  469.707  1441.39  1483.34  337.869  382.464   60.834  185.409  193.715  28.9418  34.6065  2.98168  10.6552   11.916        0        0        0        0        0        0        0        0        0 
 2  57839.8  9848.56  8439.24  9358.36  2267.46  1856.18  2052.74  480.491  1452.18  1494.13  348.653  393.248   71.618  196.193  204.499  39.7258  45.3905  13.7657  21.4392     22.7        0        0        0        0        0        0        0        0        0 
 3  57859.5  9868.28  8458.96  9378.08  2287.18   1875.9  2072.46  500.211   1471.9  1513.85  368.373  412.968   91.338  215.913  224.219  59.4458  65.1105  33.4857  41.1592    42.42        0        0        0        0        0        0        0        0        0 
 4  57882.2  9890.96  8481.64  9400.76  2309.86  1898.58  2095.14  522.891  1494.58  1536.53  391.053  435.648  114.018  238.593  246.899  82.1258  87.7905  56.1657  63.8392     65.1        0        0        0        0        0        0        0        0        0 
 5  57913.1  9921.86  8512.54  9431.66  2340.76  1929.48  2126.04  553.791  1525.48  1567.43  421.953  466.548  144.918  269.493  277.799  113.026  118.691  87.0657  94.7392       96        0        0        0        0        0        0        0        0        0 
 6  57931.1  9939.86  8530.54  9449.66  2358.76  1947.48  2144.04  571.791  1543.48  1585.43  439.953  484.548  162.918  287.493  295.799  131.026  136.691  105.066  112.739      114        0        0        0        0        0        0        0        0        0 
 7  57948.1  9956.86  8547.54  9466.66  2375.76  1964.48  2161.04  588.791  1560.48  1602.43  456.953  501.548  179.918  304.493  312.799  148.026  153.691  122.066  129.739      131        0        0        0        0        0        0        0        0        0 
 8  57975.1  9983.86  8574.54  9493.66  2402.76  1991.48  2188.04  615.791  1587.48  1629.43  483.953  528.548  206.918  331.493  339.799  175.026  180.691  149.066  156.739      158        0        0        0        0        0        0        0        0        0 
 9  57994.1  10002.9  8593.54  9512.66  2421.76  2010.48  2207.04  634.791  1606.48  1648.43  502.953  547.548  225.918  350.493  358.799  194.026  199.691  168.066  175.739      177        0        0        0        0        0        0        0        0        0 
10  58018.1  10026.9  8617.54  9536.66  2445.76  2034.48  2231.04  658.791  1630.48  1672.43  526.953  571.548  249.918  374.493  382.799  218.026  223.691  192.066  199.739      201        0        0        0        0        0        0        0        0        0 
11  58053.3  10062.1   8652.8  9571.92  2481.02  2069.74   2266.3  694.052  1665.74  1707.69  562.214  606.809  285.179  409.754   418.06  253.287  258.951  227.326      235        0        0        0        0        0        0        0        0        0        0 
12    58094  10102.8  8693.48  9612.59  2521.69  2110.41  2306.98  734.725  1706.41  1748.36  602.887  647.482  325.852  450.427  458.733   293.96  299.625      268        0        0        0        0        0        0        0        0        0        0        0 
13    58116  10124.8  8715.48  9634.59  2543.69  2132.41  2328.98  756.725  1728.41  1770.36  624.887  669.482  347.852  472.427  480.733   315.96  321.625      290        0        0        0        0        0        0        0        0        0        0        0 
14  58105.4  10114.2  8704.85  9623.97  2533.07  2121.78  2318.35    746.1  1717.79  1759.74  614.262  658.857  337.227  461.803  470.108  305.335      311        0        0        0        0        0        0        0        0        0        0        0        0 
15  58139.4  10148.2  8738.85  9657.97  2567.07  2155.78  2352.35    780.1  1751.79  1793.74  648.262  692.857  371.227  495.803  504.108  339.335      345        0        0        0        0        0        0        0        0        0        0        0        0 
16  58175.4  10184.2  8774.85  9693.97  2603.07  2191.78  2388.35    816.1  1787.79  1829.74  684.262  728.857  407.227  531.803  540.108  375.335      381        0        0        0        0        0        0        0        0        0        0        0        0 
17  58209.4  10218.2  8808.85  9727.97  2637.07  2225.78  2422.35    850.1  1821.79  1863.74  718.262  762.857  441.227  565.803  574.108  409.335      415        0        0        0        0        0        0        0        0        0        0        0        0 
18  58244.4  10253.2  8843.85  9762.97  2672.07  2260.78  2457.35    885.1  1856.79  1898.74  753.262  797.857  476.227  600.803  609.108  444.335      450        0        0        0        0        0        0        0        0        0        0        0        0 
19    58286  10294.8  8885.52  9804.63  2713.73  2302.45  2499.02  926.765  1898.45   1940.4  794.927  839.522  517.892  642.467  650.773      486        0        0        0        0        0        0        0        0        0        0        0        0        0 
20  58155.3  10164.1  8754.74  9673.86  2582.96  2171.68  2368.24  795.992  1767.68  1809.63  664.154  708.749  387.119  511.694      520        0        0        0        0        0        0        0        0        0        0        0        0        0        0 
21  58190.3  10199.1  8789.74  9708.86  2617.96  2206.68  2403.24  830.992  1802.68  1844.63  699.154  743.749  422.119  546.694      555        0        0        0        0        0        0        0        0        0        0        0        0        0        0 
22  58405.3  10414.1  9004.74  9923.86  2832.96  2421.68  2618.24  1045.99  2017.68  2059.63  914.154  958.749  637.119  761.694      770        0        0        0        0        0        0        0        0        0        0        0        0        0        0 
23  58445.3  10454.1  9044.74  9963.86  2872.96  2461.68  2658.24  1085.99  2057.68  2099.63  954.154  998.749  677.119  801.694      810        0        0        0        0        0        0        0        0        0        0        0        0        0        0 
24  58488.3  10497.1  9087.74  10006.9  2915.96  2504.68  2701.24  1128.99  2100.68  2142.63  997.154  1041.75  720.119  844.694      853        0        0        0        0        0        0        0        0        0        0        0        0        0        0 
25  58534.3  10543.1  9133.74  10052.9  2961.96  2550.68  2747.24  1174.99  2146.68  2188.63  1043.15  1087.75  766.119  890.694      899        0        0        0        0        0        0        0        0        0        0        0        0        0        0 
26  58578.3  10587.1  9177.74  10096.9  3005.96  2594.68  2791.24  1218.99  2190.68  2232.63  1087.15  1131.75  810.119  934.694      943        0        0        0        0        0        0        0        0        0        0        0        0        0        0 
27  58624.3  10633.1  9223.74  10142.9  3051.96  2640.68  2837.24  1264.99  2236.68  2278.63  1133.15  1177.75  856.119  980.694      989        0        0        0        0        0        0        0        0        0        0        0        0        0        0 
28  58681.3  10690.1  9280.74  10199.9  3108.96  2697.68  2894.24  1321.99  2293.68  2335.63  1190.15  1234.75  913.119  1037.69     1046        0        0        0        0        0        0        0        0        0        0        0        0        0        0 
29  58735.6  10744.4  9335.05  10254.2  3163.26  2751.98  2948.55   1376.3  2347.99  2389.94  1244.46  1289.05  967.425     1092        0        0        0        0        0        0        0        0        0        0        0        0        0        0        0 
30  58910.1  10918.9  9509.63  10428.7  3337.84  2926.56  3123.12  1550.87  2522.56  2564.51  1419.03  1463.63     1142        0        0        0        0        0        0        0        0        0        0        0        0        0        0        0        0 
31  58956.1  10964.9  9555.63  10474.7  3383.84  2972.56  3169.12  1596.87  2568.56  2610.51  1465.03  1509.63     1188        0        0        0        0        0        0        0        0        0        0        0        0        0        0        0        0 
32  58816.5  10825.3     9416  10335.1  3244.21  2832.93  3029.49  1457.24  2428.93  2470.88   1325.4     1370        0        0        0        0        0        0        0        0        0        0        0        0        0        0        0        0        0 
33  58862.5  10871.3     9462  10381.1  3290.21  2878.93  3075.49  1503.24  2474.93  2516.88   1371.4     1416        0        0        0        0        0        0        0        0        0        0        0        0        0        0        0        0        0 
34  58914.5  10923.3     9514  10433.1  3342.21  2930.93  3127.49  1555.24  2526.93  2568.88   1423.4     1468        0        0        0        0        0        0        0        0        0        0        0        0        0        0        0        0        0 
35  58962.5  10971.3     9562  10481.1  3390.21  2978.93  3175.49  1603.24  2574.93  2616.88   1471.4     1516        0        0        0        0        0        0        0        0        0        0        0        0        0        0        0        0        0 
36  59071.5  11080.3     9671  10590.1  3499.21  3087.93  3284.49  1712.24  2683.93  2725.88   1580.4     1625        0        0        0        0        0        0        0        0        0        0        0        0        0        0        0        0        0 
37  59169.1  11177.9  9768.59  10687.7   3596.8  3185.52  3382.09  1809.84  2781.53  2823.48     1678        0        0        0        0        0        0        0        0        0        0        0        0        0        0        0        0        0        0 
38  58148.6  10157.4  8748.11  9667.23  2576.33  2165.05  2361.61  789.362  1761.05     1803        0        0        0        0        0        0        0        0        0        0        0        0        0        0        0        0        0        0        0 
39  58204.1  10212.9  8803.61  9722.73  2631.83  2220.55  2417.11  844.862  1816.55   1858.5        0        0        0        0        0        0        0        0        0        0        0        0        0        0        0        0        0        0        0 
40  59502.6  11511.4  10102.1  11021.2  3930.33  3519.05  3715.61  2143.36  3115.05     3157        0        0        0        0        0        0        0        0        0        0        0        0        0        0        0        0        0        0        0 
41  59610.6  11619.4  10210.1  11129.2  4038.33  3627.05  3823.61  2251.36  3223.05     3265        0        0        0        0        0        0        0        0        0        0        0        0        0        0        0        0        0        0        0 
42  59726.6  11735.4  10326.1  11245.2  4154.33  3743.05  3939.61  2367.36  3339.05     3381        0        0        0        0        0        0        0        0        0        0        0        0        0        0        0        0        0        0        0 
43  59850.6  11859.4  10450.1  11369.2  4278.33  3867.05  4063.61  2491.36  3463.05     3505        0        0        0        0        0        0        0        0        0        0        0        0        0        0        0        0        0        0        0 
44  59969.6  11978.4  10569.1  11488.2  4397.33  3986.05  4182.61  2610.36  3582.05     3624        0        0        0        0        0        0        0        0        0        0        0        0        0        0        0        0        0        0        0 
45  60087.6  12096.4  10687.1  11606.2  4515.33  4104.05  4300.61  2728.36  3700.05     3742        0        0        0        0        0        0        0        0        0        0        0        0        0        0        0        0        0        0        0 
46  60261.6  12270.4  10861.1  11780.2  4689.33  4278.05  4474.61  2902.36  3874.05     3916        0        0        0        0        0        0        0        0        0        0        0        0        0        0        0        0        0        0        0 
47  60425.6  12434.4  11025.1  11944.2  4853.28     4442  4638.56  3066.31     4038        0        0        0        0        0        0        0        0        0        0        0        0        0        0        0        0        0        0        0        0 
48  61529.3  13538.1  12128.8  13047.9  5956.97  5545.68  5742.25     4170        0        0        0        0        0        0        0        0        0        0        0        0        0        0        0        0        0        0        0        0        0 
49  61653.3  13662.1  12252.8  13171.9  6080.97  5669.68  5866.25     4294        0        0        0        0        0        0        0        0        0        0        0        0        0        0        0        0        0        0        0        0        0 
50    60426  12434.8  11025.5  11944.6  4853.72  4442.43     4639        0        0        0        0        0        0        0        0        0        0        0        0        0        0        0        0        0        0        0        0        0        0 
51    60535  12543.8  11134.5  12053.6  4962.72  4551.43     4748        0        0        0        0        0        0        0        0        0        0        0        0        0        0        0        0        0        0        0        0        0        0 
52    60653  12661.8  11252.5  12171.6  5080.72  4669.43     4866        0        0        0        0        0        0        0        0        0        0        0        0        0        0        0        0        0        0        0        0        0        0 
53    60765  12773.8  11364.5  12283.6  5192.72  4781.43     4978        0        0        0        0        0        0        0        0        0        0        0        0        0        0        0        0        0        0        0        0        0        0 
54    61116  13124.8  11715.5  12634.6  5543.72  5132.43     5329        0        0        0        0        0        0        0        0        0        0        0        0        0        0        0        0        0        0        0        0        0        0 
55  61438.6  13447.4  12038.1  12957.2  5866.28     5455        0        0        0        0        0        0        0        0        0        0        0        0        0        0        0        0        0        0        0        0        0        0        0 
56  61267.3  13276.1  11866.8  12785.9     5695        0        0        0        0        0        0        0        0        0        0        0        0        0        0        0        0        0        0        0        0        0        0        0        0 
57  61387.3  13396.1  11986.8  12905.9     5815        0        0        0        0        0        0        0        0        0        0        0        0        0        0        0        0        0        0        0        0        0        0        0        0 
58  61399.4  13408.2  11998.9    12918        0        0        0        0        0        0        0        0        0        0        0        0        0        0        0        0        0        0        0        0        0        0        0        0        0 
59  61698.4  13707.2  12297.9    13217        0        0        0        0        0        0        0        0        0        0        0        0        0        0        0        0        0        0        0        0        0        0        0        0        0 
60  62029.4  14038.2  12628.9    13548        0        0        0        0        0        0        0        0        0        0        0        0        0        0        0        0        0        0        0        0        0        0        0        0        0 
61  62336.4  14345.2  12935.9    13855        0        0        0        0        0        0        0        0        0        0        0        0        0        0        0        0        0        0        0        0        0        0        0        0        0 
62  63627.4  15636.2  14226.9    15146        0        0        0        0        0        0        0        0        0        0        0        0        0        0        0        0        0        0        0        0        0        0        0        0        0 
63  64911.5  16920.3    15511        0        0        0        0        0        0        0        0        0        0        0        0        0        0        0        0        0        0        0        0        0        0        0        0        0        0 
64  63962.2    15971        0        0        0        0        0        0        0        0        0        0        0        0        0        0        0        0        0        0        0        0        0        0        0        0        0        0        0 
65  64265.8  16274.6        0        0        0        0        0        0        0        0        0        0        0        0        0        0        0        0        0        0        0        0        0        0        0        0        0        0        0 
66  65848.2        0        0        0        0        0        0        0        0        0        0        0        0        0        0        0        0        0        0        0        0        0        0        0        0        0        0        0        0 
67  67241.9        0        0        0        0        0        0        0        0        0        0        0        0        0        0        0        0        0        0        0        0        0        0        0        0        0        0        0        0 
