Q      1s      2s       2p       2p*      3s      3p        3p*      4s       3d       3d*      4p       4p*      5s       4d       4d*      5p       5p*      6s       4f       4f*      5d       5d*      6p       6p*      7s       5f       5f*      6d       6d*
 0  61706.1  10582.3  9020.23  10069.7  2441.12  1988.99  2215.61  508.105  1561.68  1610.69  363.914  415.657  66.3828  201.965   211.65  32.1855  38.6175  5.34751  13.0658  14.6659        0        0        0        0        0        0        0        0        0 
 1  61703.6  10579.8  9017.74  10067.2  2438.64   1986.5  2213.12  505.618  1559.19  1608.21  361.428  413.171  63.8961  199.478  209.163  29.6988  36.1308   2.8608  10.5791  12.1792        0        0        0        0        0        0        0        0        0 
 2  61716.4  10592.7  9030.62  10080.1  2451.51  1999.37  2225.99  518.492  1572.06  1621.08  374.302  426.045  76.7699  212.352  222.037  42.5726  49.0046  15.7346  23.4529   25.053        0        0        0        0        0        0        0        0        0 
 3    61735  10611.3  9049.17  10098.6  2470.07  2017.93  2244.55  537.049  1590.62  1639.64  392.859  444.602  95.3269  230.909  240.594  61.1296  67.5616  34.2916  42.0099    43.61        0        0        0        0        0        0        0        0        0 
 4    61757  10633.2  9071.16  10120.6  2492.06  2039.92  2266.54  559.039  1612.61  1661.63  414.849  466.592  117.317  252.899  262.584  83.1196  89.5516  56.2816  63.9999     65.6        0        0        0        0        0        0        0        0        0 
 5  61790.4  10666.6  9104.56    10154  2525.46  2073.32  2299.94  592.439  1646.01  1695.03  448.249  499.992  150.717  286.299  295.984   116.52  122.952  89.6816  97.3999       99        0        0        0        0        0        0        0        0        0 
 6  61808.4  10684.6  9122.56    10172  2543.46  2091.32  2317.94  610.439  1664.01  1713.03  466.249  517.992  168.717  304.299  313.984   134.52  140.952  107.682    115.4      117        0        0        0        0        0        0        0        0        0 
 7  61826.4  10702.6  9140.56    10190  2561.46  2109.32  2335.94  628.439  1682.01  1731.03  484.249  535.992  186.717  322.299  331.984   152.52  158.952  125.682    133.4      135        0        0        0        0        0        0        0        0        0 
 8  61854.4  10730.6  9168.56    10218  2589.46  2137.32  2363.94  656.439  1710.01  1759.03  512.249  563.992  214.717  350.299  359.984   180.52  186.952  153.682    161.4      163        0        0        0        0        0        0        0        0        0 
 9  61873.4  10749.6  9187.56    10237  2608.46  2156.32  2382.94  675.439  1729.01  1778.03  531.249  582.992  233.717  369.299  378.984   199.52  205.952  172.682    180.4      182        0        0        0        0        0        0        0        0        0 
10  61900.4  10776.6  9214.56    10264  2635.46  2183.32  2409.94  702.439  1756.01  1805.03  558.249  609.992  260.717  396.299  405.984   226.52  232.952  199.682    207.4      209        0        0        0        0        0        0        0        0        0 
11  61935.4  10811.6  9249.56    10299  2670.46  2218.32  2444.94  737.439  1791.01  1840.03  593.249  644.992  295.717  431.299  440.984   261.52  267.952  234.682    242.4      244        0        0        0        0        0        0        0        0        0 
12  61970.4  10846.6  9284.56    10334  2705.46  2253.32  2479.94  772.439  1826.01  1875.03  628.249  679.992  330.717  466.299  475.984   296.52  302.952  269.682    277.4      279        0        0        0        0        0        0        0        0        0 
13    61994  10870.2  9308.16  10357.6  2729.06  2276.92  2503.54  796.039  1849.61  1898.63  651.849  703.592  354.317  489.899  499.584   320.12  326.552  293.282      301        0        0        0        0        0        0        0        0        0        0 
14  62024.7    10901  9338.88  10388.3  2759.77  2307.64  2534.26  826.758  1880.33  1929.35  682.567   734.31  385.035  520.618  530.302  350.838   357.27      324        0        0        0        0        0        0        0        0        0        0        0 
15  62060.7    10937  9374.88  10424.3  2795.77  2343.64  2570.26  862.758  1916.33  1965.35  718.567   770.31  421.035  556.618  566.302  386.838   393.27      360        0        0        0        0        0        0        0        0        0        0        0 
16  62063.4  10939.7  9377.61  10427.1   2798.5  2346.37  2572.99  865.488  1919.06  1968.08  721.297   773.04  423.765  559.348  569.032  389.568      396        0        0        0        0        0        0        0        0        0        0        0        0 
17  62098.4  10974.7  9412.61  10462.1   2833.5  2381.37  2607.99  900.488  1954.06  2003.08  756.297   808.04  458.765  594.348  604.032  424.568      431        0        0        0        0        0        0        0        0        0        0        0        0 
18  62136.4  11012.7  9450.61  10500.1   2871.5  2419.37  2645.99  938.488  1992.06  2041.08  794.297   846.04  496.765  632.348  642.032  462.568      469        0        0        0        0        0        0        0        0        0        0        0        0 
19  62172.4  11048.7  9486.61  10536.1   2907.5  2455.37  2681.99  974.488  2028.06  2077.08  830.297   882.04  532.765  668.348  678.032  498.568      505        0        0        0        0        0        0        0        0        0        0        0        0 
20  62207.4  11083.7  9521.61  10571.1   2942.5  2490.37  2716.99  1009.49  2063.06  2112.08  865.297   917.04  567.765  703.348  713.032  533.568      540        0        0        0        0        0        0        0        0        0        0        0        0 
21  62253.9  11130.1  9568.04  10617.5  2988.94   2536.8  2763.42  1055.92  2109.49  2158.51  911.729  963.472  614.197   749.78  759.464      580        0        0        0        0        0        0        0        0        0        0        0        0        0 
22  62104.4  10980.7  9418.58    10468  2839.47  2387.34  2613.96  906.456  1960.03  2009.04  762.265  814.008  464.733  600.316      610        0        0        0        0        0        0        0        0        0        0        0        0        0        0 
23  62145.4  11021.7  9459.58    10509  2880.47  2428.34  2654.96  947.456  2001.03  2050.04  803.265  855.008  505.733  641.316      651        0        0        0        0        0        0        0        0        0        0        0        0        0        0 
24  62376.4  11252.7  9690.58    10740  3111.47  2659.34  2885.96  1178.46  2232.03  2281.04  1034.26  1086.01  736.733  872.316      882        0        0        0        0        0        0        0        0        0        0        0        0        0        0 
25  62418.4  11294.7  9732.58    10782  3153.47  2701.34  2927.96  1220.46  2274.03  2323.04  1076.26  1128.01  778.733  914.316      924        0        0        0        0        0        0        0        0        0        0        0        0        0        0 
26  62465.4  11341.7  9779.58    10829  3200.47  2748.34  2974.96  1267.46  2321.03  2370.04  1123.26  1175.01  825.733  961.316      971        0        0        0        0        0        0        0        0        0        0        0        0        0        0 
27  62513.4  11389.7  9827.58    10877  3248.47  2796.34  3022.96  1315.46  2369.03  2418.04  1171.26  1223.01  873.733  1009.32     1019        0        0        0        0        0        0        0        0        0        0        0        0        0        0 
28  62559.4  11435.7  9873.58    10923  3294.47  2842.34  3068.96  1361.46  2415.03  2464.04  1217.26  1269.01  919.733  1055.32     1065        0        0        0        0        0        0        0        0        0        0        0        0        0        0 
29  62608.4  11484.7  9922.58    10972  3343.47  2891.34  3117.96  1410.46  2464.03  2513.04  1266.26  1318.01  968.733  1104.32     1114        0        0        0        0        0        0        0        0        0        0        0        0        0        0 
30  62669.4  11545.7  9983.58    11033  3404.47  2952.34  3178.96  1471.46  2525.03  2574.04  1327.26  1379.01  1029.73  1165.32     1175        0        0        0        0        0        0        0        0        0        0        0        0        0        0 
31  62728.1  11604.3  10042.3  11091.7  3463.16  3011.02  3237.64  1530.14  2583.71  2632.73  1385.95  1437.69  1088.42     1224        0        0        0        0        0        0        0        0        0        0        0        0        0        0        0 
32  62914.7  11790.9  10228.8  11278.3  3649.74   3197.6  3424.22  1716.72  2770.29  2819.31  1572.53  1624.27     1275        0        0        0        0        0        0        0        0        0        0        0        0        0        0        0        0 
33  62963.7  11839.9  10277.8  11327.3  3698.74   3246.6  3473.22  1765.72  2819.29  2868.31  1621.53  1673.27     1324        0        0        0        0        0        0        0        0        0        0        0        0        0        0        0        0 
34  62806.4  11682.7  10120.6    11170  3541.46  3089.33  3315.95  1608.45  2662.02  2711.04  1464.26     1516        0        0        0        0        0        0        0        0        0        0        0        0        0        0        0        0        0 
35  62854.4  11730.7  10168.6    11218  3589.46  3137.33  3363.95  1656.45  2710.02  2759.04  1512.26     1564        0        0        0        0        0        0        0        0        0        0        0        0        0        0        0        0        0 
36  62908.4  11784.7  10222.6    11272  3643.46  3191.33  3417.95  1710.45  2764.02  2813.04  1566.26     1618        0        0        0        0        0        0        0        0        0        0        0        0        0        0        0        0        0 
37  62958.4  11834.7  10272.6    11322  3693.46  3241.33  3467.95  1760.45  2814.02  2863.04  1616.26     1668        0        0        0        0        0        0        0        0        0        0        0        0        0        0        0        0        0 
38  63079.4  11955.7  10393.6    11443  3814.46  3362.33  3588.95  1881.45  2935.02  2984.04  1737.26     1789        0        0        0        0        0        0        0        0        0        0        0        0        0        0        0        0        0 
39  63187.1  12063.4  10501.3  11550.8  3922.21  3470.07  3696.69  1989.19  3042.76  3091.78     1845        0        0        0        0        0        0        0        0        0        0        0        0        0        0        0        0        0        0 
40  62073.4  10949.6  9387.54    10437  2808.43  2356.29  2582.91  875.412  1928.98     1978        0        0        0        0        0        0        0        0        0        0        0        0        0        0        0        0        0        0        0 
41  62131.8    11008  9445.94  10495.4  2866.83  2414.69  2641.31  933.812  1987.38   2036.4        0        0        0        0        0        0        0        0        0        0        0        0        0        0        0        0        0        0        0 
42  63538.4  12414.6  10852.5    11902  4273.43  3821.29  4047.91  2340.41  3393.98     3443        0        0        0        0        0        0        0        0        0        0        0        0        0        0        0        0        0        0        0 
43  63650.4  12526.6  10964.5    12014  4385.43  3933.29  4159.91  2452.41  3505.98     3555        0        0        0        0        0        0        0        0        0        0        0        0        0        0        0        0        0        0        0 
44  63772.4  12648.6  11086.5    12136  4507.43  4055.29  4281.91  2574.41  3627.98     3677        0        0        0        0        0        0        0        0        0        0        0        0        0        0        0        0        0        0        0 
45  63900.4  12776.6  11214.5    12264  4635.43  4183.29  4409.91  2702.41  3755.98     3805        0        0        0        0        0        0        0        0        0        0        0        0        0        0        0        0        0        0        0 
46  64024.4  12900.6  11338.5    12388  4759.43  4307.29  4533.91  2826.41  3879.98     3929        0        0        0        0        0        0        0        0        0        0        0        0        0        0        0        0        0        0        0 
47  64146.4  13022.6  11460.5    12510  4881.43  4429.29  4655.91  2948.41  4001.98     4051        0        0        0        0        0        0        0        0        0        0        0        0        0        0        0        0        0        0        0 
48  64333.4  13209.6  11647.5    12697  5068.43  4616.29  4842.91  3135.41  4188.98     4238        0        0        0        0        0        0        0        0        0        0        0        0        0        0        0        0        0        0        0 
49  64508.4  13384.6  11822.6    12872  5243.44  4791.31  5017.93  3310.43     4364        0        0        0        0        0        0        0        0        0        0        0        0        0        0        0        0        0        0        0        0 
50    65700  14576.2  13014.1  14063.6  6435.02  5982.88   6209.5     4502        0        0        0        0        0        0        0        0        0        0        0        0        0        0        0        0        0        0        0        0        0 
51    65828  14704.2  13142.1  14191.6  6563.02  6110.88   6337.5     4630        0        0        0        0        0        0        0        0        0        0        0        0        0        0        0        0        0        0        0        0        0 
52  64478.5  13354.7  11792.6  12842.1  5213.52  4761.38     4988        0        0        0        0        0        0        0        0        0        0        0        0        0        0        0        0        0        0        0        0        0        0 
53  64591.5  13467.7  11905.6  12955.1  5326.52  4874.38     5101        0        0        0        0        0        0        0        0        0        0        0        0        0        0        0        0        0        0        0        0        0        0 
54  64714.5  13590.7  12028.6  13078.1  5449.52  4997.38     5224        0        0        0        0        0        0        0        0        0        0        0        0        0        0        0        0        0        0        0        0        0        0 
55  64829.5  13705.7  12143.6  13193.1  5564.52  5112.38     5339        0        0        0        0        0        0        0        0        0        0        0        0        0        0        0        0        0        0        0        0        0        0 
56  65221.5  14097.7  12535.6  13585.1  5956.52  5504.38     5731        0        0        0        0        0        0        0        0        0        0        0        0        0        0        0        0        0        0        0        0        0        0 
57  65577.1  14453.3  12891.2  13940.7  6312.13     5860        0        0        0        0        0        0        0        0        0        0        0        0        0        0        0        0        0        0        0        0        0        0        0 
58  65375.9  14252.2  12690.1  13739.6     6111        0        0        0        0        0        0        0        0        0        0        0        0        0        0        0        0        0        0        0        0        0        0        0        0 
59  65500.9  14377.2  12815.1  13864.6     6236        0        0        0        0        0        0        0        0        0        0        0        0        0        0        0        0        0        0        0        0        0        0        0        0 
60  65420.4  14296.6  12734.5    13784        0        0        0        0        0        0        0        0        0        0        0        0        0        0        0        0        0        0        0        0        0        0        0        0        0 
61  65729.4  14605.6  13043.5    14093        0        0        0        0        0        0        0        0        0        0        0        0        0        0        0        0        0        0        0        0        0        0        0        0        0 
62  66071.4  14947.6  13385.5    14435        0        0        0        0        0        0        0        0        0        0        0        0        0        0        0        0        0        0        0        0        0        0        0        0        0 
63  66388.4  15264.6  13702.5    14752        0        0        0        0        0        0        0        0        0        0        0        0        0        0        0        0        0        0        0        0        0        0        0        0        0 
64  67827.4  16703.6  15141.5    16191        0        0        0        0        0        0        0        0        0        0        0        0        0        0        0        0        0        0        0        0        0        0        0        0        0 
65  69255.8  18132.1    16570        0        0        0        0        0        0        0        0        0        0        0        0        0        0        0        0        0        0        0        0        0        0        0        0        0        0 
66  68173.8    17050        0        0        0        0        0        0        0        0        0        0        0        0        0        0        0        0        0        0        0        0        0        0        0        0        0        0        0 
67  68489.2  17365.4        0        0        0        0        0        0        0        0        0        0        0        0        0        0        0        0        0        0        0        0        0        0        0        0        0        0        0 
68    70123        0        0        0        0        0        0        0        0        0        0        0        0        0        0        0        0        0        0        0        0        0        0        0        0        0        0        0        0 
69  71574.8        0        0        0        0        0        0        0        0        0        0        0        0        0        0        0        0        0        0        0        0        0        0        0        0        0        0        0        0 
