Q      1s      2s       2p       2p*      3s      3p        3p*      4s       3d       3d*      4p       4p*      5s       4d       4d*      5p       5p*      6s       4f       4f*      5d       5d*      6p       6p*      7s       5f       5f*      6d       6d*
 0  65754.8  11377.6  9647.22  10841.6  2651.46  2154.55  2414.71  564.678  1703.25  1759.41  406.436  466.533  80.3375  233.688  244.933  41.3439  49.5712  6.52239  30.2142  32.1664  6.40899  6.72965        0        0        0        0        0        0        0 
 1    65763  11385.8  9655.42  10849.8  2659.66  2162.75  2422.91  572.879  1711.45  1767.61  414.637  474.734  88.5385  241.889  253.134   49.545  57.7722  14.7234  38.4153  40.3675    14.61        0        0        0        0        0        0        0        0 
 2  65745.1    11368   9637.6    10832  2641.85  2144.94   2405.1  555.062  1693.63  1749.79   396.82  456.917   70.721  224.072  235.316  31.7275  39.9548 -3.09405  20.5978    22.55        0        0        0        0        0        0        0        0        0 
 3    65756  11378.8  9648.42  10842.9  2652.67  2155.76  2415.92  565.882  1704.45  1760.61   407.64  467.737   81.541  234.892  246.136  42.5475  50.7748  7.72595  31.4178    33.37        0        0        0        0        0        0        0        0        0 
 4    65791  11413.8  9683.42  10877.9  2687.67  2190.76  2450.92  600.882  1739.45  1795.61   442.64  502.737  116.541  269.892  281.136  77.5475  85.7748  42.7259  66.4178    68.37        0        0        0        0        0        0        0        0        0 
 5  65820.6  11443.4  9713.05  10907.5   2717.3  2220.39  2480.55  630.512  1769.08  1825.24   472.27  532.367  146.171  299.522  310.766  107.178  115.405  72.3559  96.0478       98        0        0        0        0        0        0        0        0        0 
 6  65840.6  11463.4  9733.05  10927.5   2737.3  2240.39  2500.55  650.512  1789.08  1845.24   492.27  552.367  166.171  319.522  330.766  127.178  135.405  92.3559  116.048      118        0        0        0        0        0        0        0        0        0 
 7  65859.6  11482.4  9752.05  10946.5   2756.3  2259.39  2519.55  669.512  1808.08  1864.24   511.27  571.367  185.171  338.522  349.766  146.178  154.405  111.356  135.048      137        0        0        0        0        0        0        0        0        0 
 8  65879.6  11502.4  9772.05  10966.5   2776.3  2279.39  2539.55  689.512  1828.08  1884.24   531.27  591.367  205.171  358.522  369.766  166.178  174.405  131.356  155.048      157        0        0        0        0        0        0        0        0        0 
 9  65909.6  11532.4  9802.05  10996.5   2806.3  2309.39  2569.55  719.512  1858.08  1914.24   561.27  621.367  235.171  388.522  399.766  196.178  204.405  161.356  185.048      187        0        0        0        0        0        0        0        0        0 
10  65931.6  11554.4  9824.05  11018.5   2828.3  2331.39  2591.55  741.512  1880.08  1936.24   583.27  643.367  257.171  410.522  421.766  218.178  226.405  183.356  207.048      209        0        0        0        0        0        0        0        0        0 
11  65952.6  11575.4  9845.05  11039.5   2849.3  2352.39  2612.55  762.512  1901.08  1957.24   604.27  664.367  278.171  431.522  442.766  239.178  247.405  204.356  228.048      230        0        0        0        0        0        0        0        0        0 
12  65992.6  11615.4  9885.05  11079.5   2889.3  2392.39  2652.55  802.512  1941.08  1997.24   644.27  704.367  318.171  471.522  482.766  279.178  287.405  244.356  268.048      270        0        0        0        0        0        0        0        0        0 
13  66032.6  11655.4  9925.05  11119.5   2929.3  2432.39  2692.55  842.512  1981.08  2037.24   684.27  744.367  358.171  511.522  522.766  319.178  327.405  284.356  308.048      310        0        0        0        0        0        0        0        0        0 
14  66056.6  11679.4  9949.05  11143.5   2953.3  2456.39  2716.55  866.512  2005.08  2061.24   708.27  768.367  382.171  535.522  546.766  343.178  351.405  308.356  332.048      334        0        0        0        0        0        0        0        0        0 
15  66083.5  11706.4  9976.01  11170.4  2980.25  2483.34   2743.5  893.464  2032.03  2088.19  735.222  795.319  409.123  562.474  573.719   370.13  378.357  335.308      359        0        0        0        0        0        0        0        0        0        0 
16  66147.2  11770.1  10039.7  11234.1  3043.94  2547.03  2807.19  957.156  2095.72  2151.89  798.914  859.011  472.815  626.166   637.41  433.822  442.049      399        0        0        0        0        0        0        0        0        0        0        0 
17  66188.2  11811.1  10080.7  11275.1  3084.94  2588.03  2848.19  998.156  2136.72  2192.89  839.914  900.011  513.815  667.166   678.41  474.822  483.049      440        0        0        0        0        0        0        0        0        0        0        0 
18  66186.2    11809  10078.6  11273.1  3082.89  2585.98  2846.14  996.107  2134.67  2190.84  837.865  897.962  511.766  665.117  676.362  472.773      481        0        0        0        0        0        0        0        0        0        0        0        0 
19  66225.2    11848  10117.6  11312.1  3121.89  2624.98  2885.14  1035.11  2173.67  2229.84  876.865  936.962  550.766  704.117  715.362  511.773      520        0        0        0        0        0        0        0        0        0        0        0        0 
20  66275.2    11898  10167.6  11362.1  3171.89  2674.98  2935.14  1085.11  2223.67  2279.84  926.865  986.962  600.766  754.117  765.362  561.773      570        0        0        0        0        0        0        0        0        0        0        0        0 
21  66315.2    11938  10207.6  11402.1  3211.89  2714.98  2975.14  1125.11  2263.67  2319.84  966.865  1026.96  640.766  794.117  805.362  601.773      610        0        0        0        0        0        0        0        0        0        0        0        0 
22  66355.2    11978  10247.6  11442.1  3251.89  2754.98  3015.14  1165.11  2303.67  2359.84  1006.86  1066.96  680.766  834.117  845.362  641.773      650        0        0        0        0        0        0        0        0        0        0        0        0 
23  66403.4  12026.2  10295.9  11490.3  3300.12  2803.21  3063.37  1213.33   2351.9  2408.07  1055.09  1115.19  728.994  882.344  893.589      690        0        0        0        0        0        0        0        0        0        0        0        0        0 
24  66239.8  11862.6  10132.3  11326.7  3136.53  2639.62  2899.78  1049.75  2188.31  2244.48  891.503    951.6  565.405  718.755      730        0        0        0        0        0        0        0        0        0        0        0        0        0        0 
25  66281.8  11904.6  10174.3  11368.7  3178.53  2681.62  2941.78  1091.75  2230.31  2286.48  933.503    993.6  607.405  760.755      772        0        0        0        0        0        0        0        0        0        0        0        0        0        0 
26  66511.8  12134.6  10404.3  11598.7  3408.53  2911.62  3171.78  1321.75  2460.31  2516.48   1163.5   1223.6  837.405  990.755     1002        0        0        0        0        0        0        0        0        0        0        0        0        0        0 
27  66556.8  12179.6  10449.3  11643.7  3453.53  2956.62  3216.78  1366.75  2505.31  2561.48   1208.5   1268.6  882.405  1035.76     1047        0        0        0        0        0        0        0        0        0        0        0        0        0        0 
28  66603.8  12226.6  10496.3  11690.7  3500.53  3003.62  3263.78  1413.75  2552.31  2608.48   1255.5   1315.6  929.405  1082.76     1094        0        0        0        0        0        0        0        0        0        0        0        0        0        0 
29  66655.8  12278.6  10548.3  11742.7  3552.53  3055.62  3315.78  1465.75  2604.31  2660.48   1307.5   1367.6  981.405  1134.76     1146        0        0        0        0        0        0        0        0        0        0        0        0        0        0 
30  66704.8  12327.6  10597.3  11791.7  3601.53  3104.62  3364.78  1514.75  2653.31  2709.48   1356.5   1416.6   1030.4  1183.76     1195        0        0        0        0        0        0        0        0        0        0        0        0        0        0 
31  66754.8  12377.6  10647.3  11841.7  3651.53  3154.62  3414.78  1564.75  2703.31  2759.48   1406.5   1466.6   1080.4  1233.76     1245        0        0        0        0        0        0        0        0        0        0        0        0        0        0 
32  66820.8  12443.6  10713.3  11907.7  3717.53  3220.62  3480.78  1630.75  2769.31  2825.48   1472.5   1532.6   1146.4  1299.76     1311        0        0        0        0        0        0        0        0        0        0        0        0        0        0 
33  66883.1  12505.9  10775.5    11970  3779.78  3282.86  3543.02  1692.99  2831.56  2887.72  1534.75  1594.84  1208.65     1362        0        0        0        0        0        0        0        0        0        0        0        0        0        0        0 
34  67091.4  12714.2  10983.9  12178.3  3988.13  3491.21  3751.38  1901.34  3039.91  3096.07   1743.1   1803.2     1417        0        0        0        0        0        0        0        0        0        0        0        0        0        0        0        0 
35  67141.4  12764.2  11033.9  12228.3  4038.13  3541.21  3801.38  1951.34  3089.91  3146.07   1793.1   1853.2     1467        0        0        0        0        0        0        0        0        0        0        0        0        0        0        0        0 
36  66957.2    12580  10849.7  12044.1  3853.93  3357.02  3617.18  1767.15  2905.71  2961.88   1608.9     1669        0        0        0        0        0        0        0        0        0        0        0        0        0        0        0        0        0 
37  67007.2    12630  10899.7  12094.1  3903.93  3407.02  3667.18  1817.15  2955.71  3011.88   1658.9     1719        0        0        0        0        0        0        0        0        0        0        0        0        0        0        0        0        0 
38  67064.2    12687  10956.7  12151.1  3960.93  3464.02  3724.18  1874.15  3012.71  3068.88   1715.9     1776        0        0        0        0        0        0        0        0        0        0        0        0        0        0        0        0        0 
39  67115.2    12738  11007.7  12202.1  4011.93  3515.02  3775.18  1925.15  3063.71  3119.88   1766.9     1827        0        0        0        0        0        0        0        0        0        0        0        0        0        0        0        0        0 
40  67251.2    12874  11143.7  12338.1  4147.93  3651.02  3911.18  2061.15  3199.71  3255.88   1902.9     1963        0        0        0        0        0        0        0        0        0        0        0        0        0        0        0        0        0 
41  67370.3  12993.1  11262.8  12457.2  4267.03  3770.12  4030.28  2180.24  3318.81  3374.97     2022        0        0        0        0        0        0        0        0        0        0        0        0        0        0        0        0        0        0 
42  66154.4  11777.2  10046.8  11241.2  3051.05  2554.14   2814.3  964.269  2102.84     2159        0        0        0        0        0        0        0        0        0        0        0        0        0        0        0        0        0        0        0 
43  66214.3  11837.1  10106.7  11301.1  3110.95  2614.04   2874.2  1024.17  2162.74   2218.9        0        0        0        0        0        0        0        0        0        0        0        0        0        0        0        0        0        0        0 
44  67736.4  13359.2  11628.8  12823.2  4633.05  4136.14   4396.3  2546.27  3684.84     3741        0        0        0        0        0        0        0        0        0        0        0        0        0        0        0        0        0        0        0 
45  67853.4  13476.2  11745.8  12940.2  4750.05  4253.14   4513.3  2663.27  3801.84     3858        0        0        0        0        0        0        0        0        0        0        0        0        0        0        0        0        0        0        0 
46  67979.4  13602.2  11871.8  13066.2  4876.05  4379.14   4639.3  2789.27  3927.84     3984        0        0        0        0        0        0        0        0        0        0        0        0        0        0        0        0        0        0        0 
47  68113.4  13736.2  12005.8  13200.2  5010.05  4513.14   4773.3  2923.27  4061.84     4118        0        0        0        0        0        0        0        0        0        0        0        0        0        0        0        0        0        0        0 
48  68241.4  13864.2  12133.8  13328.2  5138.05  4641.14   4901.3  3051.27  4189.84     4246        0        0        0        0        0        0        0        0        0        0        0        0        0        0        0        0        0        0        0 
49  68367.4  13990.2  12259.8  13454.2  5264.05  4767.14   5027.3  3177.27  4315.84     4372        0        0        0        0        0        0        0        0        0        0        0        0        0        0        0        0        0        0        0 
50  68568.4  14191.2  12460.8  13655.2  5465.05  4968.14   5228.3  3378.27  4516.84     4573        0        0        0        0        0        0        0        0        0        0        0        0        0        0        0        0        0        0        0 
51  68754.5  14377.3    12647  13841.4  5651.22  5154.31  5414.47  3564.43     4703        0        0        0        0        0        0        0        0        0        0        0        0        0        0        0        0        0        0        0        0 
52  70036.1  15658.9  13928.5    15123  6932.79  6435.87  6696.03     4846        0        0        0        0        0        0        0        0        0        0        0        0        0        0        0        0        0        0        0        0        0 
53  70170.1  15792.9  14062.5    15257  7066.79  6569.87  6830.03     4980        0        0        0        0        0        0        0        0        0        0        0        0        0        0        0        0        0        0        0        0        0 
54  68690.1  14312.9  12582.5  13776.9  5586.75  5089.84     5350        0        0        0        0        0        0        0        0        0        0        0        0        0        0        0        0        0        0        0        0        0        0 
55  68808.1  14430.9  12700.5  13894.9  5704.75  5207.84     5468        0        0        0        0        0        0        0        0        0        0        0        0        0        0        0        0        0        0        0        0        0        0 
56  68935.1  14557.9  12827.5  14021.9  5831.75  5334.84     5595        0        0        0        0        0        0        0        0        0        0        0        0        0        0        0        0        0        0        0        0        0        0 
57  69053.1  14675.9  12945.5  14139.9  5949.75  5452.84     5713        0        0        0        0        0        0        0        0        0        0        0        0        0        0        0        0        0        0        0        0        0        0 
58  69489.1  15111.9  13381.5  14575.9  6385.75  5888.84     6149        0        0        0        0        0        0        0        0        0        0        0        0        0        0        0        0        0        0        0        0        0        0 
59  69884.2    15507  13776.7  14971.1  6780.91     6284        0        0        0        0        0        0        0        0        0        0        0        0        0        0        0        0        0        0        0        0        0        0        0 
60  69648.3  15271.1  13540.8  14735.2     6545        0        0        0        0        0        0        0        0        0        0        0        0        0        0        0        0        0        0        0        0        0        0        0        0 
61  69777.3  15400.1  13669.8  14864.2     6674        0        0        0        0        0        0        0        0        0        0        0        0        0        0        0        0        0        0        0        0        0        0        0        0 
62  69591.1  15213.9  13483.6    14678        0        0        0        0        0        0        0        0        0        0        0        0        0        0        0        0        0        0        0        0        0        0        0        0        0 
63  69912.1  15534.9  13804.6    14999        0        0        0        0        0        0        0        0        0        0        0        0        0        0        0        0        0        0        0        0        0        0        0        0        0 
64  70264.1  15886.9  14156.6    15351        0        0        0        0        0        0        0        0        0        0        0        0        0        0        0        0        0        0        0        0        0        0        0        0        0 
65  70593.1  16215.9  14485.6    15680        0        0        0        0        0        0        0        0        0        0        0        0        0        0        0        0        0        0        0        0        0        0        0        0        0 
66  72193.1  17815.9  16085.6    17280        0        0        0        0        0        0        0        0        0        0        0        0        0        0        0        0        0        0        0        0        0        0        0        0        0 
67  73787.5  19410.4    17680        0        0        0        0        0        0        0        0        0        0        0        0        0        0        0        0        0        0        0        0        0        0        0        0        0        0 
68  72557.2    18180        0        0        0        0        0        0        0        0        0        0        0        0        0        0        0        0        0        0        0        0        0        0        0        0        0        0        0 
69  72879.5  18502.3        0        0        0        0        0        0        0        0        0        0        0        0        0        0        0        0        0        0        0        0        0        0        0        0        0        0        0 
70  74565.9        0        0        0        0        0        0        0        0        0        0        0        0        0        0        0        0        0        0        0        0        0        0        0        0        0        0        0        0 
71  76077.8        0        0        0        0        0        0        0        0        0        0        0        0        0        0        0        0        0        0        0        0        0        0        0        0        0        0        0        0 
