Q      1s      2s       2p       2p*      3s      3p        3p*      4s       3d       3d*      4p       4p*      5s       4d       4d*      5p       5p*      6s       4f       4f*      5d       5d*      6p       6p*      7s       5f       5f*      6d       6d*
 0  78909.1  14005.3    11663    13395  3356.08  2697.56  3083.65  756.831  2167.64  2250.07  547.241  640.317   119.96  338.772  356.356  65.1568  80.7388  7.73387   89.404  93.0508  10.6998  12.2004        0        0        0        0        0        0        0 
 1  78915.4  14011.7  11669.3  13401.4  3362.44  2703.92  3090.01   763.19     2174  2256.43    553.6  646.676  126.319  345.131  362.716  71.5164  87.0984  14.0934  95.7636  99.4104  17.0594    18.56        0        0        0        0        0        0        0 
 2  78925.9  14022.1  11679.8  13411.8  3372.88  2714.36  3100.45   773.63  2184.44  2266.87   564.04  657.116  136.759  355.571  373.156  81.9564  97.5384  24.5334  106.204   109.85  27.4994       29        0        0        0        0        0        0        0 
 3  78939.9  14036.1  11693.8  13425.8  3386.88  2728.36  3114.45   787.63  2198.44  2280.87   578.04  671.116  150.759  369.571  387.156  95.9564  111.538  38.5334  120.204   123.85  41.4994       43        0        0        0        0        0        0        0 
 4  78952.9  14049.1  11706.8  13438.8  3399.88  2741.36  3127.45   800.63  2211.44  2293.87   591.04  684.116  163.759  382.571  400.156  108.956  124.538  51.5334  133.204   136.85  54.4994       56        0        0        0        0        0        0        0 
 5  78971.9  14068.1  11725.8  13457.8  3418.88  2760.36  3146.45   819.63  2230.44  2312.87   610.04  703.116  182.759  401.571  419.156  127.956  143.538  70.5334  152.204   155.85  73.4994       75        0        0        0        0        0        0        0 
 6  78987.9  14084.1  11741.8  13473.8  3434.88  2776.36  3162.45   835.63  2246.44  2328.87   626.04  719.116  198.759  417.571  435.156  143.956  159.538  86.5334  168.204   171.85  89.4994       91        0        0        0        0        0        0        0 
 7  79007.4  14103.6  11761.3  13493.3  3454.38  2795.86  3181.95  855.131  2265.94  2348.37  645.541  738.617   218.26  437.072  454.656  163.457  179.039  106.034  187.704  191.351      109        0        0        0        0        0        0        0        0 
 8    78942  14038.3  11695.9    13428  3389.02  2730.51   3116.6   789.78  2200.59  2283.02   580.19  673.266  152.909  371.721  389.305   98.106  113.688  40.6831  122.353      126        0        0        0        0        0        0        0        0        0 
 9  78960.9  14057.2  11714.8  13446.9  3407.92  2749.41   3135.5   808.68  2219.49  2301.92   599.09  692.166  171.809  390.621  408.205  117.006  132.588  59.5831  141.253    144.9        0        0        0        0        0        0        0        0        0 
10  79036.4  14132.7  11790.3  13522.4  3483.42  2824.91     3211   884.18  2294.99  2377.42   674.59  767.666  247.309  466.121  483.705  192.506  208.088  135.083  216.753    220.4        0        0        0        0        0        0        0        0        0 
11    79061  14157.3  11814.9    13547  3508.02  2849.51   3235.6   908.78  2319.59  2402.02   699.19  792.266  271.909  490.721  508.305  217.106  232.688  159.683  241.353      245        0        0        0        0        0        0        0        0        0 
12    79085  14181.3  11838.9    13571  3532.02  2873.51   3259.6   932.78  2343.59  2426.02   723.19  816.266  295.909  514.721  532.305  241.106  256.688  183.683  265.353      269        0        0        0        0        0        0        0        0        0 
13    79109  14205.3  11862.9    13595  3556.02  2897.51   3283.6   956.78  2367.59  2450.02   747.19  840.266  319.909  538.721  556.305  265.106  280.688  207.683  289.353      293        0        0        0        0        0        0        0        0        0 
14    79148  14244.3  11901.9    13634  3595.02  2936.51   3322.6   995.78  2406.59  2489.02   786.19  879.266  358.909  577.721  595.305  304.106  319.688  246.683  328.353      332        0        0        0        0        0        0        0        0        0 
15    79174  14270.3  11927.9    13660  3621.02  2962.51   3348.6  1021.78  2432.59  2515.02   812.19  905.266  384.909  603.721  621.305  330.106  345.688  272.683  354.353      358        0        0        0        0        0        0        0        0        0 
16    79208  14304.3  11961.9    13694  3655.02  2996.51   3382.6  1055.78  2466.59  2549.02   846.19  939.266  418.909  637.721  655.305  364.106  379.688  306.683  388.353      392        0        0        0        0        0        0        0        0        0 
17    79261  14357.3  12014.9    13747  3708.02  3049.51   3435.6  1108.78  2519.59  2602.02   899.19  992.266  471.909  690.721  708.305  417.106  432.688  359.683  441.353      445        0        0        0        0        0        0        0        0        0 
18    79295  14391.3  12048.9    13781  3742.02  3083.51   3469.6  1142.78  2553.59  2636.02   933.19  1026.27  505.909  724.721  742.305  451.106  466.688  393.683  475.353      479        0        0        0        0        0        0        0        0        0 
19    79323  14419.3  12076.9    13809  3770.02  3111.51   3497.6  1170.78  2581.59  2664.02   961.19  1054.27  533.909  752.721  770.305  479.106  494.688  421.683  503.353      507        0        0        0        0        0        0        0        0        0 
20    79366  14462.3  12119.9    13852  3813.02  3154.51   3540.6  1213.78  2624.59  2707.02  1004.19  1097.27  576.909  795.721  813.305  522.106  537.688  464.683  546.353      550        0        0        0        0        0        0        0        0        0 
21  79429.7  14525.9  12183.6  13915.6  3876.67  3218.16  3604.25  1277.43  2688.24  2770.67  1067.84  1160.91  640.556  859.368  876.952  585.753  601.335   528.33      610        0        0        0        0        0        0        0        0        0        0 
22  79561.3  14657.6  12315.2  14047.3  4008.34  3349.83  3735.92   1409.1  2819.91  2902.34  1199.51  1292.58  772.226  991.038  1008.62  717.423  733.005      660        0        0        0        0        0        0        0        0        0        0        0 
23  79611.3  14707.6  12365.2  14097.3  4058.34  3399.83  3785.92   1459.1  2869.91  2952.34  1249.51  1342.58  822.226  1041.04  1058.62  767.423  783.005      710        0        0        0        0        0        0        0        0        0        0        0 
24  79588.3  14684.6  12342.2  14074.3  4035.34  3376.82  3762.91  1436.09  2846.91  2929.33   1226.5  1319.58  799.221  1018.03  1035.62  744.418      760        0        0        0        0        0        0        0        0        0        0        0        0 
25  79648.3  14744.6  12402.2  14134.3  4095.34  3436.82  3822.91  1496.09  2906.91  2989.33   1286.5  1379.58  859.221  1078.03  1095.62  804.418      820        0        0        0        0        0        0        0        0        0        0        0        0 
26  79698.3  14794.6  12452.2  14184.3  4145.34  3486.82  3872.91  1546.09  2956.91  3039.33   1336.5  1429.58  909.221  1128.03  1145.62  854.418      870        0        0        0        0        0        0        0        0        0        0        0        0 
27  79758.3  14854.6  12512.2  14244.3  4205.34  3546.82  3932.91  1606.09  3016.91  3099.33   1396.5  1489.58  969.221  1188.03  1205.62  914.418      930        0        0        0        0        0        0        0        0        0        0        0        0 
28  79808.3  14904.6  12562.2  14294.3  4255.34  3596.82  3982.91  1656.09  3066.91  3149.33   1446.5  1539.58  1019.22  1238.03  1255.62  964.418      980        0        0        0        0        0        0        0        0        0        0        0        0 
29  79883.9  14980.2  12637.8  14369.9  4330.92  3672.41  4058.49  1731.67  3142.49  3224.92  1522.08  1615.16   1094.8  1313.61   1331.2     1040        0        0        0        0        0        0        0        0        0        0        0        0        0 
30  79642.7    14739  12396.6  14128.7  4089.72  3431.21   3817.3  1490.47  2901.29  2983.72  1280.88  1373.96  853.604  1072.42     1090        0        0        0        0        0        0        0        0        0        0        0        0        0        0 
31  79692.7    14789  12446.6  14178.7  4139.72  3481.21   3867.3  1540.47  2951.29  3033.72  1330.88  1423.96  903.604  1122.42     1140        0        0        0        0        0        0        0        0        0        0        0        0        0        0 
32  79954.7    15051  12708.6  14440.7  4401.72  3743.21   4129.3  1802.47  3213.29  3295.72  1592.88  1685.96   1165.6  1384.42     1402        0        0        0        0        0        0        0        0        0        0        0        0        0        0 
33  80006.7    15103  12760.6  14492.7  4453.72  3795.21   4181.3  1854.47  3265.29  3347.72  1644.88  1737.96   1217.6  1436.42     1454        0        0        0        0        0        0        0        0        0        0        0        0        0        0 
34  80061.7    15158  12815.6  14547.7  4508.72  3850.21   4236.3  1909.47  3320.29  3402.72  1699.88  1792.96   1272.6  1491.42     1509        0        0        0        0        0        0        0        0        0        0        0        0        0        0 
35  80119.7    15216  12873.6  14605.7  4566.72  3908.21   4294.3  1967.47  3378.29  3460.72  1757.88  1850.96   1330.6  1549.42     1567        0        0        0        0        0        0        0        0        0        0        0        0        0        0 
36  80176.7    15273  12930.6  14662.7  4623.72  3965.21   4351.3  2024.47  3435.29  3517.72  1814.88  1907.96   1387.6  1606.42     1624        0        0        0        0        0        0        0        0        0        0        0        0        0        0 
37  80232.7    15329  12986.6  14718.7  4679.72  4021.21   4407.3  2080.47  3491.29  3573.72  1870.88  1963.96   1443.6  1662.42     1680        0        0        0        0        0        0        0        0        0        0        0        0        0        0 
38  80315.7    15412  13069.6  14801.7  4762.72  4104.21   4490.3  2163.47  3574.29  3656.72  1953.88  2046.96   1526.6  1745.42     1763        0        0        0        0        0        0        0        0        0        0        0        0        0        0 
39  80391.3  15487.6  13145.2  14877.2   4838.3  4179.79  4565.88  2239.06  3649.87   3732.3  2029.47  2122.54  1602.19     1821        0        0        0        0        0        0        0        0        0        0        0        0        0        0        0 
40  80672.1  15768.4    13426    15158  5119.12   4460.6  4846.69  2519.87  3930.68  4013.11  2310.28  2403.36     1883        0        0        0        0        0        0        0        0        0        0        0        0        0        0        0        0 
41  80730.1  15826.4    13484    15216  5177.12   4518.6  4904.69  2577.87  3988.68  4071.11  2368.28  2461.36     1941        0        0        0        0        0        0        0        0        0        0        0        0        0        0        0        0 
42  80439.8    15536  13193.6  14925.7  4886.76  4228.25  4614.33  2287.51  3698.33  3780.76  2077.92     2171        0        0        0        0        0        0        0        0        0        0        0        0        0        0        0        0        0 
43  80496.8    15593  13250.6  14982.7  4943.76  4285.25  4671.33  2344.51  3755.33  3837.76  2134.92     2228        0        0        0        0        0        0        0        0        0        0        0        0        0        0        0        0        0 
44  80559.8    15656  13313.6  15045.7  5006.76  4348.25  4734.33  2407.51  3818.33  3900.76  2197.92     2291        0        0        0        0        0        0        0        0        0        0        0        0        0        0        0        0        0 
45  80618.8    15715  13372.6  15104.7  5065.76  4407.25  4793.33  2466.51  3877.33  3959.76  2256.92     2350        0        0        0        0        0        0        0        0        0        0        0        0        0        0        0        0        0 
46  80804.8    15901  13558.6  15290.7  5251.76  4593.25  4979.33  2652.51  4063.33  4145.76  2442.92     2536        0        0        0        0        0        0        0        0        0        0        0        0        0        0        0        0        0 
47  80964.8  16061.1  13718.7  15450.8  5411.83  4753.32  5139.41  2812.59   4223.4  4305.83     2603        0        0        0        0        0        0        0        0        0        0        0        0        0        0        0        0        0        0 
48    79421  14517.3  12174.9  13906.9     3868  3209.49  3595.58  1268.76  2679.57     2762        0        0        0        0        0        0        0        0        0        0        0        0        0        0        0        0        0        0        0 
49  79486.8  14583.1  12240.7  13972.7   3933.8  3275.29  3661.38  1334.56  2745.37   2827.8        0        0        0        0        0        0        0        0        0        0        0        0        0        0        0        0        0        0        0 
50    81374  16470.3  14127.9  15859.9     5821  5162.49  5548.58  3221.76  4632.57     4715        0        0        0        0        0        0        0        0        0        0        0        0        0        0        0        0        0        0        0 
51    81498  16594.3  14251.9  15983.9     5945  5286.49  5672.58  3345.76  4756.57     4839        0        0        0        0        0        0        0        0        0        0        0        0        0        0        0        0        0        0        0 
52    81639  16735.3  14392.9  16124.9     6086  5427.49  5813.58  3486.76  4897.57     4980        0        0        0        0        0        0        0        0        0        0        0        0        0        0        0        0        0        0        0 
53    81787  16883.3  14540.9  16272.9     6234  5575.49  5961.58  3634.76  5045.57     5128        0        0        0        0        0        0        0        0        0        0        0        0        0        0        0        0        0        0        0 
54    81929  17025.3  14682.9  16414.9     6376  5717.49  6103.58  3776.76  5187.57     5270        0        0        0        0        0        0        0        0        0        0        0        0        0        0        0        0        0        0        0 
55    82069  17165.3  14822.9  16554.9     6516  5857.49  6243.58  3916.76  5327.57     5410        0        0        0        0        0        0        0        0        0        0        0        0        0        0        0        0        0        0        0 
56    82313  17409.3  15066.9  16798.9     6760  6101.49  6487.58  4160.76  5571.57     5654        0        0        0        0        0        0        0        0        0        0        0        0        0        0        0        0        0        0        0 
57  82541.4  17637.7  15295.3  17027.4  6988.43  6329.92  6716.01  4389.19     5800        0        0        0        0        0        0        0        0        0        0        0        0        0        0        0        0        0        0        0        0 
58  84111.2  19207.5  16865.1  18597.2  8558.24  7899.73  8285.82     5959        0        0        0        0        0        0        0        0        0        0        0        0        0        0        0        0        0        0        0        0        0 
59  84258.2  19354.5  17012.1  18744.2  8705.24  8046.73  8432.82     6106        0        0        0        0        0        0        0        0        0        0        0        0        0        0        0        0        0        0        0        0        0 
60  82342.4  17438.7  15096.3  16828.4  6789.42  6130.91     6517        0        0        0        0        0        0        0        0        0        0        0        0        0        0        0        0        0        0        0        0        0        0 
61  82471.4  17567.7  15225.3  16957.4  6918.42  6259.91     6646        0        0        0        0        0        0        0        0        0        0        0        0        0        0        0        0        0        0        0        0        0        0 
62  82612.4  17708.7  15366.3  17098.4  7059.42  6400.91     6787        0        0        0        0        0        0        0        0        0        0        0        0        0        0        0        0        0        0        0        0        0        0 
63  82743.4  17839.7  15497.3  17229.4  7190.42  6531.91     6918        0        0        0        0        0        0        0        0        0        0        0        0        0        0        0        0        0        0        0        0        0        0 
64  83337.4  18433.7  16091.3  17823.4  7784.42  7125.91     7512        0        0        0        0        0        0        0        0        0        0        0        0        0        0        0        0        0        0        0        0        0        0 
65  83871.5  18967.8  16625.4  18357.4  8318.51     7660        0        0        0        0        0        0        0        0        0        0        0        0        0        0        0        0        0        0        0        0        0        0        0 
66    83513  18609.3  16266.9  17998.9     7960        0        0        0        0        0        0        0        0        0        0        0        0        0        0        0        0        0        0        0        0        0        0        0        0 
67    83653  18749.3  16406.9  18138.9     8100        0        0        0        0        0        0        0        0        0        0        0        0        0        0        0        0        0        0        0        0        0        0        0        0 
68  83054.1  18150.3    15808    17540        0        0        0        0        0        0        0        0        0        0        0        0        0        0        0        0        0        0        0        0        0        0        0        0        0 
69  83404.1  18500.3    16158    17890        0        0        0        0        0        0        0        0        0        0        0        0        0        0        0        0        0        0        0        0        0        0        0        0        0 
70  83794.1  18890.3    16548    18280        0        0        0        0        0        0        0        0        0        0        0        0        0        0        0        0        0        0        0        0        0        0        0        0        0 
71  84144.1  19240.3    16898    18630        0        0        0        0        0        0        0        0        0        0        0        0        0        0        0        0        0        0        0        0        0        0        0        0        0 
72  86354.1  21450.3    19108    20840        0        0        0        0        0        0        0        0        0        0        0        0        0        0        0        0        0        0        0        0        0        0        0        0        0 
73  88526.1  23622.4    21280        0        0        0        0        0        0        0        0        0        0        0        0        0        0        0        0        0        0        0        0        0        0        0        0        0        0 
74  86743.7    21840        0        0        0        0        0        0        0        0        0        0        0        0        0        0        0        0        0        0        0        0        0        0        0        0        0        0        0 
75  87109.4  22205.7        0        0        0        0        0        0        0        0        0        0        0        0        0        0        0        0        0        0        0        0        0        0        0        0        0        0        0 
76  88955.2        0        0        0        0        0        0        0        0        0        0        0        0        0        0        0        0        0        0        0        0        0        0        0        0        0        0        0        0 
77  90659.7        0        0        0        0        0        0        0        0        0        0        0        0        0        0        0        0        0        0        0        0        0        0        0        0        0        0        0        0 
