Q      1s      2s       2p       2p*      3s      3p        3p*      4s       3d       3d*      4p       4p*      5s       4d       4d*      5p       5p*      6s       4f       4f*      5d       5d*      6p       6p*      7s       5f       5f*      6d       6d*
 0  81256.7  14481.6  12019.4  13858.2  3485.48  2795.49   3206.8  792.936  2251.43  2339.01  573.295  673.174  127.472  358.442  377.329  69.6341  86.7878  7.93683  101.245  105.253  11.6666  13.4298        0        0        0        0        0        0        0 
 1  81263.5  14488.3  12026.2  13864.9  3492.25  2802.26  3213.58  799.709   2258.2  2345.79  580.069  679.947  134.245  365.215  384.102  76.4073   93.561    14.71  108.018  112.026  18.4398   20.203        0        0        0        0        0        0        0 
 2  81273.3  14498.1    12036  13874.7  3502.05  2812.06  3223.37  809.506     2268  2355.58  589.866  689.744  144.042  375.012  393.899  86.2043  103.358   24.507  117.815  121.823  28.2368       30        0        0        0        0        0        0        0 
 3  81288.3  14513.1    12051  13889.7  3517.05  2827.06  3238.37  824.506     2283  2370.58  604.866  704.744  159.042  390.012  408.899  101.204  118.358   39.507  132.815  136.823  43.2368       45        0        0        0        0        0        0        0 
 4  81303.3  14528.1    12066  13904.7  3532.05  2842.06  3253.37  839.506     2298  2385.58  619.866  719.744  174.042  405.012  423.899  116.204  133.358   54.507  147.815  151.823  58.2368       60        0        0        0        0        0        0        0 
 5  81317.3  14542.1    12080  13918.7  3546.05  2856.06  3267.37  853.506     2312  2399.58  633.866  733.744  188.042  419.012  437.899  130.204  147.358   68.507  161.815  165.823  72.2368       74        0        0        0        0        0        0        0 
 6  81337.3  14562.1    12100  13938.7  3566.05  2876.06  3287.37  873.506     2332  2419.58  653.866  753.744  208.042  439.012  457.899  150.204  167.358   88.507  181.815  185.823  92.2368       94        0        0        0        0        0        0        0 
 7  81355.3  14580.1    12118  13956.7  3584.05  2894.06  3305.37  891.506     2350  2437.58  671.866  771.744  226.042  457.012  475.899  168.204  185.358  106.507  199.815  203.823  110.237      112        0        0        0        0        0        0        0 
 8  81375.2    14600  12137.8  13976.6  3603.91  2913.92  3325.24  911.369  2369.86  2457.45  691.729  791.607  245.905  476.875  495.762  188.068  205.221   126.37  219.678  223.686    130.1        0        0        0        0        0        0        0        0 
 9  81300.5  14525.3  12063.1  13901.9  3529.23  2839.23  3250.55  836.683  2295.18  2382.76  617.042  716.921  171.219  402.189  421.076  113.381  130.535  51.6838  144.992      149        0        0        0        0        0        0        0        0        0 
10  81319.7  14544.5  12082.3  13921.1  3548.43  2858.43  3269.75  855.883  2314.38  2401.96  636.242  736.121  190.419  421.389  440.276  132.581  149.735  70.8838  164.192    168.2        0        0        0        0        0        0        0        0        0 
11  81399.5  14624.3  12162.1  14000.9  3628.23  2938.23  3349.55  935.683  2394.18  2481.76  716.042  815.921  270.219  501.189  520.076  212.381  229.535  150.684  243.992      248        0        0        0        0        0        0        0        0        0 
12  81426.5  14651.3  12189.1  14027.9  3655.23  2965.23  3376.55  962.683  2421.18  2508.76  743.042  842.921  297.219  528.189  547.076  239.381  256.535  177.684  270.992      275        0        0        0        0        0        0        0        0        0 
13  81450.5  14675.3  12213.1  14051.9  3679.23  2989.23  3400.55  986.683  2445.18  2532.76  767.042  866.921  321.219  552.189  571.076  263.381  280.535  201.684  294.992      299        0        0        0        0        0        0        0        0        0 
14  81475.5  14700.3  12238.1  14076.9  3704.23  3014.23  3425.55  1011.68  2470.18  2557.76  792.042  891.921  346.219  577.189  596.076  288.381  305.535  226.684  319.992      324        0        0        0        0        0        0        0        0        0 
15  81516.5  14741.3  12279.1  14117.9  3745.23  3055.23  3466.55  1052.68  2511.18  2598.76  833.042  932.921  387.219  618.189  637.076  329.381  346.535  267.684  360.992      365        0        0        0        0        0        0        0        0        0 
16  81543.5  14768.3  12306.1  14144.9  3772.23  3082.23  3493.55  1079.68  2538.18  2625.76  860.042  959.921  414.219  645.189  664.076  356.381  373.535  294.684  387.992      392        0        0        0        0        0        0        0        0        0 
17  81584.5  14809.3  12347.1  14185.9  3813.23  3123.23  3534.55  1120.68  2579.18  2666.76  901.042  1000.92  455.219  686.189  705.076  397.381  414.535  335.684  428.992      433        0        0        0        0        0        0        0        0        0 
18  81638.5  14863.3  12401.1  14239.9  3867.23  3177.23  3588.55  1174.68  2633.18  2720.76  955.042  1054.92  509.219  740.189  759.076  451.381  468.535  389.684  482.992      487        0        0        0        0        0        0        0        0        0 
19  81671.5  14896.3  12434.1  14272.9  3900.23  3210.23  3621.55  1207.68  2666.18  2753.76  988.042  1087.92  542.219  773.189  792.076  484.381  501.535  422.684  515.992      520        0        0        0        0        0        0        0        0        0 
20  81701.5  14926.3  12464.1  14302.9  3930.23  3240.23  3651.55  1237.68  2696.18  2783.76  1018.04  1117.92  572.219  803.189  822.076  514.381  531.535  452.684  545.992      550        0        0        0        0        0        0        0        0        0 
21  81751.5  14976.3  12514.1  14352.9  3980.23  3290.23  3701.55  1287.68  2746.18  2833.76  1068.04  1167.92  622.219  853.189  872.076  564.381  581.535  502.684  595.992      600        0        0        0        0        0        0        0        0        0 
22  81805.5  15030.3  12568.2  14406.9  4034.23  3344.24  3755.56  1341.69  2800.19  2887.77  1122.05  1221.93  676.227  907.197  926.084  618.389  635.543  556.692      650        0        0        0        0        0        0        0        0        0        0 
23  81958.8  15183.6  12721.5  14560.2  4187.54  3497.55  3908.87     1495  2953.49  3041.08  1275.36  1375.24  829.535   1060.5  1079.39  771.697  788.851      710        0        0        0        0        0        0        0        0        0        0        0 
24  82008.8  15233.6  12771.5  14610.2  4237.54  3547.55  3958.87     1545  3003.49  3091.08  1325.36  1425.24  879.535   1110.5  1129.39  821.697  838.851      760        0        0        0        0        0        0        0        0        0        0        0 
25  81989.9  15214.8  12752.6  14591.4  4218.69   3528.7  3940.02  1526.15  2984.64  3072.23  1306.51  1406.39  860.684  1091.65  1110.54  802.846      820        0        0        0        0        0        0        0        0        0        0        0        0 
26  82039.9  15264.8  12802.6  14641.4  4268.69   3578.7  3990.02  1576.15  3034.64  3122.23  1356.51  1456.39  910.684  1141.65  1160.54  852.846      870        0        0        0        0        0        0        0        0        0        0        0        0 
27  82099.9  15324.8  12862.6  14701.4  4328.69   3638.7  4050.02  1636.15  3094.64  3182.23  1416.51  1516.39  970.684  1201.65  1220.54  912.846      930        0        0        0        0        0        0        0        0        0        0        0        0 
28  82159.9  15384.8  12922.6  14761.4  4388.69   3698.7  4110.02  1696.15  3154.64  3242.23  1476.51  1576.39  1030.68  1261.65  1280.54  972.846      990        0        0        0        0        0        0        0        0        0        0        0        0 
29  82209.9  15434.8  12972.6  14811.4  4438.69   3748.7  4160.02  1746.15  3204.64  3292.23  1526.51  1626.39  1080.68  1311.65  1330.54  1022.85     1040        0        0        0        0        0        0        0        0        0        0        0        0 
30  82287.1  15511.9  13049.8  14888.5  4515.85  3825.85  4237.17   1823.3   3281.8  3369.38  1603.66  1703.54  1157.84  1388.81  1407.69     1100        0        0        0        0        0        0        0        0        0        0        0        0        0 
31  82029.4  15254.2  12792.1  14630.8  4258.15  3568.16  3979.48  1565.61   3024.1  3111.68  1345.97  1445.85  900.143  1131.11     1150        0        0        0        0        0        0        0        0        0        0        0        0        0        0 
32  82089.4  15314.2  12852.1  14690.8  4318.15  3628.16  4039.48  1625.61   3084.1  3171.68  1405.97  1505.85  960.143  1191.11     1210        0        0        0        0        0        0        0        0        0        0        0        0        0        0 
33  82354.4  15579.2  13117.1  14955.8  4583.15  3893.16  4304.48  1890.61   3349.1  3436.68  1670.97  1770.85  1225.14  1456.11     1475        0        0        0        0        0        0        0        0        0        0        0        0        0        0 
34  82406.4  15631.2  13169.1  15007.8  4635.15  3945.16  4356.48  1942.61   3401.1  3488.68  1722.97  1822.85  1277.14  1508.11     1527        0        0        0        0        0        0        0        0        0        0        0        0        0        0 
35  82463.4  15688.2  13226.1  15064.8  4692.15  4002.16  4413.48  1999.61   3458.1  3545.68  1779.97  1879.85  1334.14  1565.11     1584        0        0        0        0        0        0        0        0        0        0        0        0        0        0 
36  82523.4  15748.2  13286.1  15124.8  4752.15  4062.16  4473.48  2059.61   3518.1  3605.68  1839.97  1939.85  1394.14  1625.11     1644        0        0        0        0        0        0        0        0        0        0        0        0        0        0 
37  82581.4  15806.2  13344.1  15182.8  4810.15  4120.16  4531.48  2117.61   3576.1  3663.68  1897.97  1997.85  1452.14  1683.11     1702        0        0        0        0        0        0        0        0        0        0        0        0        0        0 
38  82637.4  15862.2  13400.1  15238.8  4866.15  4176.16  4587.48  2173.61   3632.1  3719.68  1953.97  2053.85  1508.14  1739.11     1758        0        0        0        0        0        0        0        0        0        0        0        0        0        0 
39  82724.4  15949.2  13487.1  15325.8  4953.15  4263.16  4674.48  2260.61   3719.1  3806.68  2040.97  2140.85  1595.14  1826.11     1845        0        0        0        0        0        0        0        0        0        0        0        0        0        0 
40  82802.3  16027.1    13565  15403.7  5031.04  4341.04  4752.36  2338.49  3796.99  3884.57  2118.85  2218.73  1673.03     1904        0        0        0        0        0        0        0        0        0        0        0        0        0        0        0 
41  83096.3  16321.1  13858.9  15697.7  5325.01  4635.01  5046.33  2632.46  4090.96  4178.54  2412.82   2512.7     1967        0        0        0        0        0        0        0        0        0        0        0        0        0        0        0        0 
42  83155.3  16380.1  13917.9  15756.7  5384.01  4694.01  5105.33  2691.46  4149.96  4237.54  2471.82   2571.7     2026        0        0        0        0        0        0        0        0        0        0        0        0        0        0        0        0 
43  82844.6  16069.4  13607.2    15446  5073.31  4383.31  4794.63  2380.76  3839.26  3926.84  2161.12     2261        0        0        0        0        0        0        0        0        0        0        0        0        0        0        0        0        0 
44  82903.6  16128.4  13666.2    15505  5132.31  4442.31  4853.63  2439.76  3898.26  3985.84  2220.12     2320        0        0        0        0        0        0        0        0        0        0        0        0        0        0        0        0        0 
45  82966.6  16191.4  13729.2    15568  5195.31  4505.31  4916.63  2502.76  3961.26  4048.84  2283.12     2383        0        0        0        0        0        0        0        0        0        0        0        0        0        0        0        0        0 
46  83026.6  16251.4  13789.2    15628  5255.31  4565.31  4976.63  2562.76  4021.26  4108.84  2343.12     2443        0        0        0        0        0        0        0        0        0        0        0        0        0        0        0        0        0 
47  83223.6  16448.4  13986.2    15825  5452.31  4762.31  5173.63  2759.76  4218.26  4305.84  2540.12     2640        0        0        0        0        0        0        0        0        0        0        0        0        0        0        0        0        0 
48  83391.4  16616.3  14154.1  15992.9  5620.18  4930.19  5341.51  2927.64  4386.14  4473.72     2708        0        0        0        0        0        0        0        0        0        0        0        0        0        0        0        0        0        0 
49  81787.7  15012.6  12550.4  14389.1  4016.47  3326.47  3737.79  1323.92  2782.42     2870        0        0        0        0        0        0        0        0        0        0        0        0        0        0        0        0        0        0        0 
50  81858.7  15083.6  12621.4  14460.1  4087.47  3397.47  3808.79  1394.92  2853.42     2941        0        0        0        0        0        0        0        0        0        0        0        0        0        0        0        0        0        0        0 
51  83805.7  17030.6  14568.4  16407.1  6034.47  5344.47  5755.79  3341.92  4800.42     4888        0        0        0        0        0        0        0        0        0        0        0        0        0        0        0        0        0        0        0 
52  83930.7  17155.6  14693.4  16532.1  6159.47  5469.47  5880.79  3466.92  4925.42     5013        0        0        0        0        0        0        0        0        0        0        0        0        0        0        0        0        0        0        0 
53  84073.7  17298.6  14836.4  16675.1  6302.47  5612.47  6023.79  3609.92  5068.42     5156        0        0        0        0        0        0        0        0        0        0        0        0        0        0        0        0        0        0        0 
54  84224.7  17449.6  14987.4  16826.1  6453.47  5763.47  6174.79  3760.92  5219.42     5307        0        0        0        0        0        0        0        0        0        0        0        0        0        0        0        0        0        0        0 
55  84369.7  17594.6  15132.4  16971.1  6598.47  5908.47  6319.79  3905.92  5364.42     5452        0        0        0        0        0        0        0        0        0        0        0        0        0        0        0        0        0        0        0 
56  84511.7  17736.6  15274.4  17113.1  6740.47  6050.47  6461.79  4047.92  5506.42     5594        0        0        0        0        0        0        0        0        0        0        0        0        0        0        0        0        0        0        0 
57  84763.7  17988.6  15526.4  17365.1  6992.47  6302.47  6713.79  4299.92  5758.42     5846        0        0        0        0        0        0        0        0        0        0        0        0        0        0        0        0        0        0        0 
58  84999.3  18224.1    15762  17600.7  7228.05  6538.05  6949.37   4535.5     5994        0        0        0        0        0        0        0        0        0        0        0        0        0        0        0        0        0        0        0        0 
59  86619.8  19844.6  17382.5  19221.2  8848.54  8158.55  8569.87     6156        0        0        0        0        0        0        0        0        0        0        0        0        0        0        0        0        0        0        0        0        0 
60  86768.8  19993.6  17531.5  19370.2  8997.54  8307.55  8718.87     6305        0        0        0        0        0        0        0        0        0        0        0        0        0        0        0        0        0        0        0        0        0 
61  84773.9  17998.8  15536.6  17375.4  7002.67  6312.68     6724        0        0        0        0        0        0        0        0        0        0        0        0        0        0        0        0        0        0        0        0        0        0 
62  84903.9  18128.8  15666.6  17505.4  7132.67  6442.68     6854        0        0        0        0        0        0        0        0        0        0        0        0        0        0        0        0        0        0        0        0        0        0 
63  85046.9  18271.8  15809.6  17648.4  7275.67  6585.68     6997        0        0        0        0        0        0        0        0        0        0        0        0        0        0        0        0        0        0        0        0        0        0 
64  85179.9  18404.8  15942.6  17781.4  7408.67  6718.68     7130        0        0        0        0        0        0        0        0        0        0        0        0        0        0        0        0        0        0        0        0        0        0 
65  85809.9  19034.8  16572.6  18411.4  8038.67  7348.68     7760        0        0        0        0        0        0        0        0        0        0        0        0        0        0        0        0        0        0        0        0        0        0 
66  86371.3  19596.1  17133.9  18972.7  8599.99     7910        0        0        0        0        0        0        0        0        0        0        0        0        0        0        0        0        0        0        0        0        0        0        0 
67  85981.3  19206.1  16743.9  18582.7     8210        0        0        0        0        0        0        0        0        0        0        0        0        0        0        0        0        0        0        0        0        0        0        0        0 
68  86131.3  19356.1  16893.9  18732.7     8360        0        0        0        0        0        0        0        0        0        0        0        0        0        0        0        0        0        0        0        0        0        0        0        0 
69  85438.6  18663.4  16201.2    18040        0        0        0        0        0        0        0        0        0        0        0        0        0        0        0        0        0        0        0        0        0        0        0        0        0 
70  85798.6  19023.4  16561.2    18400        0        0        0        0        0        0        0        0        0        0        0        0        0        0        0        0        0        0        0        0        0        0        0        0        0 
71  86188.6  19413.4  16951.2    18790        0        0        0        0        0        0        0        0        0        0        0        0        0        0        0        0        0        0        0        0        0        0        0        0        0 
72  86548.6  19773.4  17311.2    19150        0        0        0        0        0        0        0        0        0        0        0        0        0        0        0        0        0        0        0        0        0        0        0        0        0 
73  88868.6  22093.4  19631.2    21470        0        0        0        0        0        0        0        0        0        0        0        0        0        0        0        0        0        0        0        0        0        0        0        0        0 
74  91157.3  24382.2    21920        0        0        0        0        0        0        0        0        0        0        0        0        0        0        0        0        0        0        0        0        0        0        0        0        0        0 
75  89275.2    22500        0        0        0        0        0        0        0        0        0        0        0        0        0        0        0        0        0        0        0        0        0        0        0        0        0        0        0 
76  89643.3  22868.1        0        0        0        0        0        0        0        0        0        0        0        0        0        0        0        0        0        0        0        0        0        0        0        0        0        0        0 
77  91515.8        0        0        0        0        0        0        0        0        0        0        0        0        0        0        0        0        0        0        0        0        0        0        0        0        0        0        0        0 
78  93254.3        0        0        0        0        0        0        0        0        0        0        0        0        0        0        0        0        0        0        0        0        0        0        0        0        0        0        0        0 
