Q      1s      2s       2p       2p*      3s      3p        3p*      4s       3d       3d*      4p       4p*      5s       4d       4d*      5p       5p*      6s       4f       4f*      5d       5d*      6p       6p*      7s       5f       5f*      6d       6d*
 0   119540  22610.1  17740.5  21783.9  5814.62  4495.78  5439.55  1538.45  3717.25  3906.16  1117.18  1367.68  359.131  798.328  844.577  230.114  289.855  60.4859  426.936  438.944  116.104  125.234  27.5217   38.064  5.60165  9.93234  10.8301  4.97667  5.24217 
 1   119541  22610.8  17741.2  21784.6  5815.29  4496.45  5440.22  1539.12  3717.92  3906.83  1117.85  1368.35  359.801  798.998  845.247  230.784  290.525  61.1558  427.606  439.614  116.774  125.904  28.1916  38.7339  6.27151  10.6022     11.5        0        0 
 2   119549    22619  17749.4  21792.8  5823.49  4504.65  5448.42  1547.32  3726.12  3915.03  1126.05  1376.55  368.001  807.198  853.447  238.984  298.725  69.3558  435.806  447.814  124.974  134.104  36.3916  46.9339  14.4715  18.8022     19.7        0        0 
 3   119563  22633.1  17763.5  21806.9  5837.59  4518.75  5462.52  1561.42  3740.22  3929.13  1140.15  1390.65  382.101  821.298  867.547  253.084  312.825  83.4558  449.906  461.914  139.074  148.204  50.4916  61.0339  28.5715  32.9022     33.8        0        0 
 4   119579  22648.2  17778.6    21822  5852.68  4533.85  5477.62  1576.52  3755.31  3944.23  1155.24  1405.75  397.199  836.396  882.644  268.182  327.923  98.5536  465.004  477.012  154.172  163.302  65.5894  76.1317  43.6693       48        0        0        0 
 5   119600  22669.5  17799.9  21843.3  5874.01  4555.18  5498.95  1597.85  3776.65  3965.56  1176.57  1427.08  418.529  857.727  903.975  289.512  349.254  119.884  486.335  498.342  175.503  184.633  86.9201  97.4624       65        0        0        0        0 
 6   119627  22696.5  17826.9  21870.3  5901.01  4582.18  5525.95  1624.85  3803.65  3992.56  1203.57  1454.08  445.529  884.727  930.975  316.512  376.254  146.884  513.335  525.342  202.503  211.633   113.92  124.462       92        0        0        0        0 
 7   119609    22679  17809.5  21852.8  5883.55  4564.72  5508.49  1607.39  3786.18   3975.1  1186.11  1436.62  428.067  867.264  913.513   299.05  358.791  129.422  495.872   507.88   185.04   194.17  96.4577      107        0        0        0        0        0 
 8   119623    22693  17823.5  21866.8  5897.55  4578.72  5522.49  1621.39  3800.18   3989.1  1200.11  1450.62  442.067  881.264  927.513   313.05  372.791  143.422  509.872   521.88   199.04   208.17  110.458      121        0        0        0        0        0 
 9   119638    22708  17838.5  21881.8  5912.55  4593.72  5537.49  1636.39  3815.18   4004.1  1215.11  1465.62  457.067  896.264  942.513   328.05  387.791  158.422  524.872   536.88   214.04   223.17  125.458      136        0        0        0        0        0 
10   119653    22723  17853.5  21896.8  5927.55  4608.72  5552.49  1651.39  3830.18   4019.1  1230.11  1480.62  472.067  911.264  957.513   343.05  402.791  173.422  539.872   551.88   229.04   238.17  140.458      151        0        0        0        0        0 
11   119681    22751  17881.5  21924.8  5955.55  4636.72  5580.49  1679.39  3858.18   4047.1  1258.11  1508.62  500.067  939.264  985.513   371.05  430.791  201.422  567.872   579.88   257.04   266.17  168.458      179        0        0        0        0        0 
12   119709  22778.6    17909  21952.4  5983.09  4664.26  5608.03  1706.93  3885.73  4074.64  1285.65  1536.16  527.609  966.806  1013.05  398.592  458.334  228.964  595.415  607.422  284.583  293.713      196        0        0        0        0        0        0 
13   119648  22717.9  17848.3  21891.7  5922.38  4603.55  5547.32  1646.21  3825.01  4013.93  1224.94  1475.45  466.897  906.094  952.342  337.879  397.621  168.251  534.702   546.71   223.87      233        0        0        0        0        0        0        0 
14   119667  22736.9  17867.3  21910.7  5941.38  4622.55  5566.32  1665.21  3844.01  4032.93  1243.94  1494.45  485.897  925.094  971.342  356.879  416.621  187.251  553.702   565.71   242.87      252        0        0        0        0        0        0        0 
15   119770  22839.9  17970.3  22013.7  6044.38  4725.55  5669.32  1768.21  3947.01  4135.93  1346.94  1597.45  588.897  1028.09  1074.34  459.879  519.621  290.251  656.702   668.71   345.87      355        0        0        0        0        0        0        0 
16   119797  22866.9  17997.3  22040.7  6071.38  4752.55  5696.32  1795.21  3974.01  4162.93  1373.94  1624.45  615.897  1055.09  1101.34  486.879  546.621  317.251  683.702   695.71   372.87      382        0        0        0        0        0        0        0 
17   119823  22892.9  18023.3  22066.7  6097.38  4778.55  5722.32  1821.21  4000.01  4188.93  1399.94  1650.45  641.897  1081.09  1127.34  512.879  572.621  343.251  709.702   721.71   398.87      408        0        0        0        0        0        0        0 
18   119853  22922.9  18053.3  22096.7  6127.38  4808.55  5752.32  1851.21  4030.01  4218.93  1429.94  1680.45  671.897  1111.09  1157.34  542.879  602.621  373.251  739.702   751.71   428.87      438        0        0        0        0        0        0        0 
19   119881  22950.9  18081.3  22124.7  6155.38  4836.55  5780.32  1879.21  4058.01  4246.93  1457.94  1708.45  699.897  1139.09  1185.34  570.879  630.621  401.251  767.702   779.71   456.87      466        0        0        0        0        0        0        0 
20   119910  22979.9  18110.3  22153.7  6184.38  4865.55  5809.32  1908.21  4087.01  4275.93  1486.94  1737.45  728.897  1168.09  1214.34  599.879  659.621  430.251  796.702   808.71   485.87      495        0        0        0        0        0        0        0 
21   119950  23019.9  18150.3  22193.7  6224.38  4905.55  5849.32  1948.21  4127.01  4315.93  1526.94  1777.45  768.897  1208.09  1254.34  639.879  699.621  470.251  836.702   848.71   525.87      535        0        0        0        0        0        0        0 
22   119989    23059  18189.4  22232.8  6263.51  4944.68  5888.45  1987.34  4166.14  4355.06  1566.07  1816.58  808.027  1247.22  1293.47  679.009  738.751  509.382  875.832   887.84      565        0        0        0        0        0        0        0        0 
23   119698  22767.1  17897.6    21941  5971.67  4652.84  5596.61   1695.5   3874.3  4063.22  1274.23  1524.74  516.187  955.384  1001.63   387.17  446.911  217.542  583.992      596        0        0        0        0        0        0        0        0        0 
24   119728  22797.1  17927.6    21971  6001.67  4682.84  5626.61   1725.5   3904.3  4093.22  1304.23  1554.74  546.187  985.384  1031.63   417.17  476.911  247.542  613.992      626        0        0        0        0        0        0        0        0        0 
25   119872  22941.1  18071.6    22115  6145.67  4826.84  5770.61   1869.5   4048.3  4237.22  1448.23  1698.74  690.187  1129.38  1175.63   561.17  620.911  391.542  757.992      770        0        0        0        0        0        0        0        0        0 
26   119912  22981.1  18111.6    22155  6185.67  4866.84  5810.61   1909.5   4088.3  4277.22  1488.23  1738.74  730.187  1169.38  1215.63   601.17  660.911  431.542  797.992      810        0        0        0        0        0        0        0        0        0 
27   119952  23021.1  18151.6    22195  6225.67  4906.84  5850.61   1949.5   4128.3  4317.22  1528.23  1778.74  770.187  1209.38  1255.63   641.17  700.911  471.542  837.992      850        0        0        0        0        0        0        0        0        0 
28   119982  23051.1  18181.6    22225  6255.67  4936.84  5880.61   1979.5   4158.3  4347.22  1558.23  1808.74  800.187  1239.38  1285.63   671.17  730.911  501.542  867.992      880        0        0        0        0        0        0        0        0        0 
29   120082  23151.1  18281.6    22325  6355.67  5036.84  5980.61   2079.5   4258.3  4447.22  1658.23  1908.74  900.187  1339.38  1385.63   771.17  830.911  601.542  967.992      980        0        0        0        0        0        0        0        0        0 
30   120122  23191.1  18321.6    22365  6395.67  5076.84  6020.61   2119.5   4298.3  4487.22  1698.23  1948.74  940.187  1379.38  1425.63   811.17  870.911  641.542  1007.99     1020        0        0        0        0        0        0        0        0        0 
31   120232  23301.1  18431.6    22475  6505.67  5186.84  6130.61   2229.5   4408.3  4597.22  1808.23  2058.74  1050.19  1489.38  1535.63   921.17  980.911  751.542  1117.99     1130        0        0        0        0        0        0        0        0        0 
32   120272  23341.1  18471.6    22515  6545.67  5226.84  6170.61   2269.5   4448.3  4637.22  1848.23  2098.74  1090.19  1529.38  1575.63   961.17  1020.91  791.542  1157.99     1170        0        0        0        0        0        0        0        0        0 
33   120382  23451.1  18581.6    22625  6655.67  5336.84  6280.61   2379.5   4558.3  4747.22  1958.23  2208.74  1200.19  1639.38  1685.63  1071.17  1130.91  901.542  1267.99     1280        0        0        0        0        0        0        0        0        0 
34   120462  23531.1  18661.6    22705  6735.67  5416.84  6360.61   2459.5   4638.3  4827.22  2038.23  2288.74  1280.19  1719.38  1765.63  1151.17  1210.91  981.542  1347.99     1360        0        0        0        0        0        0        0        0        0 
35   120532  23601.1  18731.6    22775  6805.67  5486.84  6430.61   2529.5   4708.3  4897.22  2108.23  2358.74  1350.19  1789.38  1835.63  1221.17  1280.91  1051.54  1417.99     1430        0        0        0        0        0        0        0        0        0 
36   120624  23693.1  18823.6    22867  6897.68  5578.84  6522.62  2621.51  4800.31  4989.23  2200.24  2450.74  1442.19  1881.39  1927.64  1313.18  1372.92  1143.55     1510        0        0        0        0        0        0        0        0        0        0 
37   121070  24139.6    19270  23313.4  7344.13  6025.29  6969.07  3067.96  5246.76  5435.68  2646.69   2897.2  1888.65  2327.84  2374.09  1759.63  1819.37     1590        0        0        0        0        0        0        0        0        0        0        0 
38   121150  24219.6    19350  23393.4  7424.13  6105.29  7049.07  3147.96  5326.76  5515.68  2726.69   2977.2  1968.65  2407.84  2454.09  1839.63  1899.37     1670        0        0        0        0        0        0        0        0        0        0        0 
39   120991  24060.2  19190.7  23234.1  7264.76  5945.93   6889.7  2988.59  5167.39  5356.31  2567.32  2817.83  1809.28  2248.47  2294.72  1680.26     1740        0        0        0        0        0        0        0        0        0        0        0        0 
40   121071  24140.2  19270.7  23314.1  7344.76  6025.93   6969.7  3068.59  5247.39  5436.31  2647.32  2897.83  1889.28  2328.47  2374.72  1760.26     1820        0        0        0        0        0        0        0        0        0        0        0        0 
41   121161  24230.2  19360.7  23404.1  7434.76  6115.93   7059.7  3158.59  5337.39  5526.31  2737.32  2987.83  1979.28  2418.47  2464.72  1850.26     1910        0        0        0        0        0        0        0        0        0        0        0        0 
42   121241  24310.2  19440.7  23484.1  7514.76  6195.93   7139.7  3238.59  5417.39  5606.31  2817.32  3067.83  2059.28  2498.47  2544.72  1930.26     1990        0        0        0        0        0        0        0        0        0        0        0        0 
43   121321  24390.2  19520.7  23564.1  7594.76  6275.93   7219.7  3318.59  5497.39  5686.31  2897.32  3147.83  2139.28  2578.47  2624.72  2010.26     2070        0        0        0        0        0        0        0        0        0        0        0        0 
44   121450    24520  19650.4  23693.8   7724.5  6405.67  7349.44  3448.34  5627.13  5816.05  3027.06  3277.57  2269.02  2708.21  2754.46     2140        0        0        0        0        0        0        0        0        0        0        0        0        0 
45   120926  23995.5  19125.9  23169.3  7200.04   5881.2  6824.98  2923.87  5102.67  5291.59   2502.6   2753.1  1744.55  2183.75     2230        0        0        0        0        0        0        0        0        0        0        0        0        0        0 
46   121006  24075.5  19205.9  23249.3  7280.04   5961.2  6904.98  3003.87  5182.67  5371.59   2582.6   2833.1  1824.55  2263.75     2310        0        0        0        0        0        0        0        0        0        0        0        0        0        0 
47   121371  24440.5  19570.9  23614.3  7645.04   6326.2  7269.98  3368.87  5547.67  5736.59   2947.6   3198.1  2189.55  2628.75     2675        0        0        0        0        0        0        0        0        0        0        0        0        0        0 
48   121441  24510.5  19640.9  23684.3  7715.04   6396.2  7339.98  3438.87  5617.67  5806.59   3017.6   3268.1  2259.55  2698.75     2745        0        0        0        0        0        0        0        0        0        0        0        0        0        0 
49   121513  24582.5  19712.9  23756.3  7787.04   6468.2  7411.98  3510.87  5689.67  5878.59   3089.6   3340.1  2331.55  2770.75     2817        0        0        0        0        0        0        0        0        0        0        0        0        0        0 
50   121590  24659.5  19789.9  23833.3  7864.04   6545.2  7488.98  3587.87  5766.67  5955.59   3166.6   3417.1  2408.55  2847.75     2894        0        0        0        0        0        0        0        0        0        0        0        0        0        0 
51   121665  24734.5  19864.9  23908.3  7939.04   6620.2  7563.98  3662.87  5841.67  6030.59   3241.6   3492.1  2483.55  2922.75     2969        0        0        0        0        0        0        0        0        0        0        0        0        0        0 
52   121737  24806.5  19936.9  23980.3  8011.04   6692.2  7635.98  3734.87  5913.67  6102.59   3313.6   3564.1  2555.55  2994.75     3041        0        0        0        0        0        0        0        0        0        0        0        0        0        0 
53   121877  24946.5  20076.9  24120.3  8151.04   6832.2  7775.98  3874.87  6053.67  6242.59   3453.6   3704.1  2695.55  3134.75     3181        0        0        0        0        0        0        0        0        0        0        0        0        0        0 
54   121997  25066.8  20197.2  24240.6  8271.29  6952.45  7896.23  3995.12  6173.92  6362.84  3573.85  3824.35   2815.8     3255        0        0        0        0        0        0        0        0        0        0        0        0        0        0        0 
55   122519    25589  20719.4  24762.8  8793.49  7474.65  8418.42  4517.32  6696.12  6885.03  4096.05  4346.55     3338        0        0        0        0        0        0        0        0        0        0        0        0        0        0        0        0 
56   122594    25664  20794.4  24837.8  8868.49  7549.65  8493.42  4592.32  6771.12  6960.03  4171.05  4421.55     3413        0        0        0        0        0        0        0        0        0        0        0        0        0        0        0        0 
57   121891  24960.4  20090.8  24134.2  8164.93   6846.1  7789.87  3888.77  6067.57  6256.48   3467.5     3718        0        0        0        0        0        0        0        0        0        0        0        0        0        0        0        0        0 
58   121965  25034.4  20164.8  24208.2  8238.93   6920.1  7863.87  3962.77  6141.57  6330.48   3541.5     3792        0        0        0        0        0        0        0        0        0        0        0        0        0        0        0        0        0 
59   122045  25114.4  20244.8  24288.2  8318.93   7000.1  7943.87  4042.77  6221.57  6410.48   3621.5     3872        0        0        0        0        0        0        0        0        0        0        0        0        0        0        0        0        0 
60   122120  25189.4  20319.8  24363.2  8393.93   7075.1  8018.87  4117.77  6296.57  6485.48   3696.5     3947        0        0        0        0        0        0        0        0        0        0        0        0        0        0        0        0        0 
61   122526  25595.4  20725.8  24769.2  8799.93   7481.1  8424.87  4523.77  6702.57  6891.48   4102.5     4353        0        0        0        0        0        0        0        0        0        0        0        0        0        0        0        0        0 
62   122864  25933.9  21064.3  25107.7  9138.44   7819.6  8763.38  4862.27  7041.07  7229.99     4441        0        0        0        0        0        0        0        0        0        0        0        0        0        0        0        0        0        0 
63   120292  23361.9  18492.4  22535.7  6566.45  5247.62  6191.39  2290.28  4469.08     4658        0        0        0        0        0        0        0        0        0        0        0        0        0        0        0        0        0        0        0 
64   120378  23447.9  18578.4  22621.7  6652.45  5333.62  6277.39  2376.28  4555.08     4744        0        0        0        0        0        0        0        0        0        0        0        0        0        0        0        0        0        0        0 
65   123244  26313.9  21444.4  25487.7  9518.45  8199.62  9143.39  5242.28  7421.08     7610        0        0        0        0        0        0        0        0        0        0        0        0        0        0        0        0        0        0        0 
66   123404  26473.9  21604.4  25647.7  9678.45  8359.62  9303.39  5402.28  7581.08     7770        0        0        0        0        0        0        0        0        0        0        0        0        0        0        0        0        0        0        0 
67   123584  26653.9  21784.4  25827.7  9858.45  8539.62  9483.39  5582.28  7761.08     7950        0        0        0        0        0        0        0        0        0        0        0        0        0        0        0        0        0        0        0 
68   123764  26833.9  21964.4  26007.7  10038.5  8719.62  9663.39  5762.28  7941.08     8130        0        0        0        0        0        0        0        0        0        0        0        0        0        0        0        0        0        0        0 
69   123944  27013.9  22144.4  26187.7  10218.5  8899.62  9843.39  5942.28  8121.08     8310        0        0        0        0        0        0        0        0        0        0        0        0        0        0        0        0        0        0        0 
70   124114  27183.9  22314.4  26357.7  10388.5  9069.62  10013.4  6112.28  8291.08     8480        0        0        0        0        0        0        0        0        0        0        0        0        0        0        0        0        0        0        0 
71   124524  27593.9  22724.4  26767.7  10798.5  9479.62  10423.4  6522.28  8701.08     8890        0        0        0        0        0        0        0        0        0        0        0        0        0        0        0        0        0        0        0 
72   124893  27962.8  23093.3  27136.7  11167.4  9848.53  10792.3   6891.2     9070        0        0        0        0        0        0        0        0        0        0        0        0        0        0        0        0        0        0        0        0 
73   127272  30341.6  25472.1  29515.5  13546.2  12227.3  13171.1     9270        0        0        0        0        0        0        0        0        0        0        0        0        0        0        0        0        0        0        0        0        0 
74   127452  30521.6  25652.1  29695.5  13726.2  12407.3  13351.1     9450        0        0        0        0        0        0        0        0        0        0        0        0        0        0        0        0        0        0        0        0        0 
75   124071  27140.5    22271  26314.4  10345.1  9026.23     9970        0        0        0        0        0        0        0        0        0        0        0        0        0        0        0        0        0        0        0        0        0        0 
76   124231  27300.5    22431  26474.4  10505.1  9186.23    10130        0        0        0        0        0        0        0        0        0        0        0        0        0        0        0        0        0        0        0        0        0        0 
77   124401  27470.5    22601  26644.4  10675.1  9356.23    10300        0        0        0        0        0        0        0        0        0        0        0        0        0        0        0        0        0        0        0        0        0        0 
78   124571  27640.5    22771  26814.4  10845.1  9526.23    10470        0        0        0        0        0        0        0        0        0        0        0        0        0        0        0        0        0        0        0        0        0        0 
79   125831  28900.5    24031  28074.4  12105.1  10786.2    11730        0        0        0        0        0        0        0        0        0        0        0        0        0        0        0        0        0        0        0        0        0        0 
80   126975  30044.3  25174.7  29218.1  13248.8    11930        0        0        0        0        0        0        0        0        0        0        0        0        0        0        0        0        0        0        0        0        0        0        0 
81   126046  29115.5  24245.9  28289.3    12320        0        0        0        0        0        0        0        0        0        0        0        0        0        0        0        0        0        0        0        0        0        0        0        0 
82   126226  29295.5  24425.9  28469.3    12500        0        0        0        0        0        0        0        0        0        0        0        0        0        0        0        0        0        0        0        0        0        0        0        0 
83   123627  26696.2  21826.6    25870        0        0        0        0        0        0        0        0        0        0        0        0        0        0        0        0        0        0        0        0        0        0        0        0        0 
84   124057  27126.2  22256.6    26300        0        0        0        0        0        0        0        0        0        0        0        0        0        0        0        0        0        0        0        0        0        0        0        0        0 
85   124527  27596.2  22726.6    26770        0        0        0        0        0        0        0        0        0        0        0        0        0        0        0        0        0        0        0        0        0        0        0        0        0 
86   124967  28036.2  23166.6    27210        0        0        0        0        0        0        0        0        0        0        0        0        0        0        0        0        0        0        0        0        0        0        0        0        0 
87   129667  32736.2  27866.6    31910        0        0        0        0        0        0        0        0        0        0        0        0        0        0        0        0        0        0        0        0        0        0        0        0        0 
88   134300  37369.6    32500        0        0        0        0        0        0        0        0        0        0        0        0        0        0        0        0        0        0        0        0        0        0        0        0        0        0 
89   130230    33300        0        0        0        0        0        0        0        0        0        0        0        0        0        0        0        0        0        0        0        0        0        0        0        0        0        0        0 
90   130653  33722.2        0        0        0        0        0        0        0        0        0        0        0        0        0        0        0        0        0        0        0        0        0        0        0        0        0        0        0 
91   132902        0        0        0        0        0        0        0        0        0        0        0        0        0        0        0        0        0        0        0        0        0        0        0        0        0        0        0        0 
92   135202        0        0        0        0        0        0        0        0        0        0        0        0        0        0        0        0        0        0        0        0        0        0        0        0        0        0        0        0 
