Q      1s      2s       2p       2p*      3s      3p        3p*      4s       3d       3d*      4p       4p*      5s       4d       4d*      5p       5p*      6s       4f       4f*      5d       5d*      6p       6p*      7s       5f       5f*      6d       6d*
 0   135972  26225.5  20050.6  25321.8   6842.7  5183.98  6429.96  1854.02  4302.53  4543.91  1323.84  1662.88  438.296  960.839  1022.06  273.021  358.399  67.4826  546.392  562.977  140.403  153.516  27.2721  41.6141  5.40882  10.2536  11.9934        0        0 
 1   135972  26225.5  20050.6  25321.8  6842.71  5183.98  6429.96  1854.02  4302.54  4543.91  1323.84  1662.89  438.303  960.846  1022.07  273.027  358.406  67.4891  546.398  562.983  140.409  153.522  27.2787  41.6207  5.41542  10.2602       12        0        0 
 2   135983  26235.9    20061  25332.2  6853.11  5194.38  6440.36  1864.42  4312.94  4554.31  1334.24  1673.29  448.703  971.246  1032.47  283.427  368.806  77.8891  556.798  573.383  150.809  163.922  37.6787  52.0207  15.8154  20.6602     22.4        0        0 
 3   135998  26251.2  20076.3  25347.5  6868.41  5209.68  6455.66  1879.72  4328.24  4569.61  1349.54  1688.59  464.003  986.546  1047.77  298.727  384.106  93.1891  572.098  588.683  166.109  179.222  52.9787  67.3207  31.1154  35.9602     37.7        0        0 
 4   136012  26265.4  20090.5  25361.7  6882.61  5223.88  6469.86  1893.92  4342.44  4583.81  1363.74  1702.79  478.203  1000.75  1061.97  312.927  398.306  107.389  586.298  602.883  180.309  193.422  67.1787  81.5207  45.3154  50.1602     51.9        0        0 
 5   136035  26288.5  20113.6  25384.8  6905.71  5246.98  6492.96  1917.02  4365.54  4606.91  1386.84  1725.89  501.303  1023.85  1085.07  336.027  421.406  130.489  609.398  625.983  203.409  216.522  90.2787  104.621  68.4154  73.2602       75        0        0 
 6   136051  26304.5  20129.6  25400.8  6921.71  5262.98  6508.96  1933.02  4381.54  4622.91  1402.84  1741.89  517.303  1039.85  1101.07  352.027  437.406  146.489  625.398  641.983  219.409  232.522  106.279  120.621  84.4154  89.2602       91        0        0 
 7   136073  26326.4  20151.5  25422.7  6943.61  5284.88  6530.86  1954.92  4403.44  4644.81  1424.74  1763.79  539.203  1061.75  1122.97  373.927  459.306  168.389  647.298  663.883  241.309  254.422  128.179  142.521  106.315   111.16    112.9        0        0 
 8   136093  26346.5  20171.6  25442.8  6963.71  5304.98  6550.96  1975.02  4423.54  4664.91  1444.84  1783.89  559.303  1081.85  1143.07  394.027  479.406  188.489  667.398  683.983  261.409  274.522  148.279  162.621  126.415   131.26      133        0        0 
 9   136114  26367.3  20192.4  25463.5  6984.45  5325.72   6571.7  1995.76  4444.28  4685.65  1465.58  1804.63  580.042  1102.59  1163.81  414.767  500.146  209.229  688.138  704.723  282.149  295.262  169.019  183.361  147.155      152        0        0        0 
10   136145  26398.1  20223.2  25494.4  7015.29  5356.57  6602.55  2026.61  4475.12   4716.5  1496.43  1835.47  610.887  1133.43  1194.66  445.612   530.99  240.074  718.983  735.568  312.994  326.107  199.863  214.205      178        0        0        0        0 
11   136168  26421.1  20246.2  25517.4  7038.29  5379.57  6625.55  2049.61  4498.12   4739.5  1519.43  1858.47  633.887  1156.43  1217.66  468.612   553.99  263.074  741.983  758.568  335.994  349.107  222.863  237.205      201        0        0        0        0 
12   136156  26408.9    20234  25505.2  7026.09  5367.36  6613.34   2037.4  4485.92  4727.29  1507.22  1846.27  621.682  1144.22  1205.45  456.406  541.785  250.868  729.778  746.363  323.789  336.902  210.658      225        0        0        0        0        0 
13   136178  26430.9    20256  25527.2  7048.09  5389.36  6635.34   2059.4  4507.92  4749.29  1529.22  1868.27  643.682  1166.22  1227.45  478.406  563.785  272.868  751.778  768.363  345.789  358.902  232.658      247        0        0        0        0        0 
14   136196  26448.9    20274  25545.2  7066.09  5407.36  6653.34   2077.4  4525.92  4767.29  1547.22  1886.27  661.682  1184.22  1245.45  496.406  581.785  290.868  769.778  786.363  363.789  376.902  250.658      265        0        0        0        0        0 
15   136217  26469.9    20295  25566.2  7087.09  5428.36  6674.34   2098.4  4546.92  4788.29  1568.22  1907.27  682.682  1205.22  1266.45  517.406  602.785  311.868  790.778  807.363  384.789  397.902  271.658      286        0        0        0        0        0 
16   136241  26493.9    20319  25590.2  7111.09  5452.36  6698.34   2122.4  4570.92  4812.29  1592.22  1931.27  706.682  1229.22  1290.45  541.406  626.785  335.868  814.778  831.363  408.789  421.902  295.658      310        0        0        0        0        0 
17   136279  26532.2  20357.3  25628.5  7149.43   5490.7  6736.69  2160.74  4609.26  4850.63  1630.57  1969.61  745.024  1267.57  1328.79  579.748  665.127   374.21   853.12  869.704  447.131  460.244      334        0        0        0        0        0        0 
18   136187    26440  20265.1  25536.3  7057.19  5398.46  6644.44   2068.5  4517.02  4758.39  1538.32  1877.37   652.78  1175.32  1236.55  487.505  572.883  281.967  760.876  777.461  354.887      368        0        0        0        0        0        0        0 
19   136209    26462  20287.1  25558.3  7079.19  5420.46  6666.44   2090.5  4539.02  4780.39  1560.32  1899.37   674.78  1197.32  1258.55  509.505  594.883  303.967  782.876  799.461  376.887      390        0        0        0        0        0        0        0 
20   136355    26608  20433.1  25704.3  7225.19  5566.46  6812.44   2236.5  4685.02  4926.39  1706.32  2045.37   820.78  1343.32  1404.55  655.505  740.883  449.967  928.876  945.461  522.887      536        0        0        0        0        0        0        0 
21   136385    26638  20463.1  25734.3  7255.19  5596.46  6842.44   2266.5  4715.02  4956.39  1736.32  2075.37   850.78  1373.32  1434.55  685.505  770.883  479.967  958.876  975.461  552.887      566        0        0        0        0        0        0        0 
22   136416    26669  20494.1  25765.3  7286.19  5627.46  6873.44   2297.5  4746.02  4987.39  1767.32  2106.37   881.78  1404.32  1465.55  716.505  801.883  510.967  989.876  1006.46  583.887      597        0        0        0        0        0        0        0 
23   136449    26702  20527.1  25798.3  7319.19  5660.46  6906.44   2330.5  4779.02  5020.39  1800.32  2139.37   914.78  1437.32  1498.55  749.505  834.883  543.967  1022.88  1039.46  616.887      630        0        0        0        0        0        0        0 
24   136481    26734  20559.1  25830.3  7351.19  5692.46  6938.44   2362.5  4811.02  5052.39  1832.32  2171.37   946.78  1469.32  1530.55  781.505  866.883  575.967  1054.88  1071.46  648.887      662        0        0        0        0        0        0        0 
25   136514    26767  20592.1  25863.3  7384.19  5725.46  6971.44   2395.5  4844.02  5085.39  1865.32  2204.37   979.78  1502.32  1563.55  814.505  899.883  608.967  1087.88  1104.46  681.887      695        0        0        0        0        0        0        0 
26   136563    26816  20641.1  25912.3  7433.19  5774.46  7020.44   2444.5  4893.02  5134.39  1914.32  2253.37  1028.78  1551.32  1612.55  863.505  948.883  657.967  1136.88  1153.46  730.887      744        0        0        0        0        0        0        0 
27   136610  26863.1  20688.2  25959.4   7480.3  5821.57  7067.56  2491.61  4940.13   5181.5  1961.44  2300.48  1075.89  1598.44  1659.66  910.618  995.997   705.08  1183.99  1200.57      778        0        0        0        0        0        0        0        0 
28   136223  26476.5  20301.6  25572.8  7093.73     5435  6680.98  2105.04  4553.55  4794.93  1574.86   1913.9  689.319  1211.86  1273.09  524.044  609.423  318.506  797.415      814        0        0        0        0        0        0        0        0        0 
29   136256  26509.5  20334.6  25605.8  7126.73     5468  6713.98  2138.04  4586.55  4827.93  1607.86   1946.9  722.319  1244.86  1306.09  557.044  642.423  351.506  830.415      847        0        0        0        0        0        0        0        0        0 
30   136419  26672.5  20497.6  25768.8  7289.73     5631  6876.98  2301.04  4749.55  4990.93  1770.86   2109.9  885.319  1407.86  1469.09  720.044  805.423  514.506  993.415     1010        0        0        0        0        0        0        0        0        0 
31   136459  26712.5  20537.6  25808.8  7329.73     5671  6916.98  2341.04  4789.55  5030.93  1810.86   2149.9  925.319  1447.86  1509.09  760.044  845.423  554.506  1033.42     1050        0        0        0        0        0        0        0        0        0 
32   136499  26752.5  20577.6  25848.8  7369.73     5711  6956.98  2381.04  4829.55  5070.93  1850.86   2189.9  965.319  1487.86  1549.09  800.044  885.423  594.506  1073.42     1090        0        0        0        0        0        0        0        0        0 
33   136529  26782.5  20607.6  25878.8  7399.73     5741  6986.98  2411.04  4859.55  5100.93  1880.86   2219.9  995.319  1517.86  1579.09  830.044  915.423  624.506  1103.42     1120        0        0        0        0        0        0        0        0        0 
34   136659  26912.5  20737.6  26008.8  7529.73     5871  7116.98  2541.04  4989.55  5230.93  2010.86   2349.9  1125.32  1647.86  1709.09  960.044  1045.42  754.506  1233.42     1250        0        0        0        0        0        0        0        0        0 
35   136709  26962.5  20787.6  26058.8  7579.73     5921  7166.98  2591.04  5039.55  5280.93  2060.86   2399.9  1175.32  1697.86  1759.09  1010.04  1095.42  804.506  1283.42     1300        0        0        0        0        0        0        0        0        0 
36   136829  27082.5  20907.6  26178.8  7699.73     6041  7286.98  2711.04  5159.55  5400.93  2180.86   2519.9  1295.32  1817.86  1879.09  1130.04  1215.42  924.506  1403.42     1420        0        0        0        0        0        0        0        0        0 
37   136879  27132.5  20957.6  26228.8  7749.73     6091  7336.98  2761.04  5209.55  5450.93  2230.86   2569.9  1345.32  1867.86  1929.09  1180.04  1265.42  974.506  1453.42     1470        0        0        0        0        0        0        0        0        0 
38   137029  27282.5  21107.6  26378.8  7899.73     6241  7486.98  2911.04  5359.55  5600.93  2380.86   2719.9  1495.32  2017.86  2079.09  1330.04  1415.42  1124.51  1603.42     1620        0        0        0        0        0        0        0        0        0 
39   137109  27362.5  21187.6  26458.8  7979.73     6321  7566.98  2991.04  5439.55  5680.93  2460.86   2799.9  1575.32  2097.86  2159.09  1410.04  1495.42  1204.51  1683.42     1700        0        0        0        0        0        0        0        0        0 
40   137199  27452.5  21277.6  26548.8  8069.73     6411  7656.98  3081.04  5529.55  5770.93  2550.86   2889.9  1665.32  2187.86  2249.09  1500.04  1585.42  1294.51  1773.42     1790        0        0        0        0        0        0        0        0        0 
41   137306  27559.1  21384.2  26655.4  8176.31  6517.58  7763.57  3187.62  5636.14  5877.52  2657.45  2996.49   1771.9  2294.45  2355.67  1606.63  1692.01  1401.09     1880        0        0        0        0        0        0        0        0        0        0 
42   137865    28118  21943.1  27214.3  8735.22  7076.49  8322.48  3746.53  6195.05  6436.42  3216.36   3555.4  2330.81  2853.36  2914.58  2165.54  2250.92     1960        0        0        0        0        0        0        0        0        0        0        0 
43   137955    28208  22033.1  27304.3  8825.22  7166.49  8412.48  3836.53  6285.05  6526.42  3306.36   3645.4  2420.81  2943.36  3004.58  2255.54  2340.92     2050        0        0        0        0        0        0        0        0        0        0        0 
44   137744  27997.1  21822.2  27093.4   8614.3  6955.58  8201.56  3625.62  6074.13  6315.51  3095.44  3434.48   2209.9  2732.44  2793.67  2044.62     2130        0        0        0        0        0        0        0        0        0        0        0        0 
45   137834  28087.1  21912.2  27183.4   8704.3  7045.58  8291.56  3715.62  6164.13  6405.51  3185.44  3524.48   2299.9  2822.44  2883.67  2134.62     2220        0        0        0        0        0        0        0        0        0        0        0        0 
46   137934  28187.1  22012.2  27283.4   8804.3  7145.58  8391.56  3815.62  6264.13  6505.51  3285.44  3624.48   2399.9  2922.44  2983.67  2234.62     2320        0        0        0        0        0        0        0        0        0        0        0        0 
47   138024  28277.1  22102.2  27373.4   8894.3  7235.58  8481.56  3905.62  6354.13  6595.51  3375.44  3714.48   2489.9  3012.44  3073.67  2324.62     2410        0        0        0        0        0        0        0        0        0        0        0        0 
48   138104  28357.1  22182.2  27453.4   8974.3  7315.58  8561.56  3985.62  6434.13  6675.51  3455.44  3794.48   2569.9  3092.44  3153.67  2404.62     2490        0        0        0        0        0        0        0        0        0        0        0        0 
49   138279  28532.5  22357.6  27628.8  9149.68  7490.96  8736.94  4160.99  6609.51  6850.89  3630.82  3969.86  2745.28  3267.82  3329.04     2580        0        0        0        0        0        0        0        0        0        0        0        0        0 
50   137620  27873.5  21698.6  26969.7  8490.64  6831.91  8077.89  3501.95  5950.47  6191.84  2971.77  3310.82  2086.23  2608.77     2670        0        0        0        0        0        0        0        0        0        0        0        0        0        0 
51   137700  27953.5  21778.6  27049.7  8570.64  6911.91  8157.89  3581.95  6030.47  6271.84  3051.77  3390.82  2166.23  2688.77     2750        0        0        0        0        0        0        0        0        0        0        0        0        0        0 
52   138136  28389.5  22214.6  27485.7  9006.64  7347.91  8593.89  4017.95  6466.47  6707.84  3487.77  3826.82  2602.23  3124.77     3186        0        0        0        0        0        0        0        0        0        0        0        0        0        0 
53   138211  28464.5  22289.6  27560.7  9081.64  7422.91  8668.89  4092.95  6541.47  6782.84  3562.77  3901.82  2677.23  3199.77     3261        0        0        0        0        0        0        0        0        0        0        0        0        0        0 
54   138290  28543.5  22368.6  27639.7  9160.64  7501.91  8747.89  4171.95  6620.47  6861.84  3641.77  3980.82  2756.23  3278.77     3340        0        0        0        0        0        0        0        0        0        0        0        0        0        0 
55   138374  28627.5  22452.6  27723.7  9244.64  7585.91  8831.89  4255.95  6704.47  6945.84  3725.77  4064.82  2840.23  3362.77     3424        0        0        0        0        0        0        0        0        0        0        0        0        0        0 
56   138453  28706.5  22531.6  27802.7  9323.64  7664.91  8910.89  4334.95  6783.47  7024.84  3804.77  4143.82  2919.23  3441.77     3503        0        0        0        0        0        0        0        0        0        0        0        0        0        0 
57   138531  28784.5  22609.6  27880.7  9401.64  7742.91  8988.89  4412.95  6861.47  7102.84  3882.77  4221.82  2997.23  3519.77     3581        0        0        0        0        0        0        0        0        0        0        0        0        0        0 
58   138697  28950.5  22775.6  28046.7  9567.64  7908.91  9154.89  4578.95  7027.47  7268.84  4048.77  4387.82  3163.23  3685.77     3747        0        0        0        0        0        0        0        0        0        0        0        0        0        0 
59   138840  29092.7  22917.8  28188.9  9709.86  8051.14  9297.12  4721.18  7169.69  7411.07     4191  4530.04  3305.46     3828        0        0        0        0        0        0        0        0        0        0        0        0        0        0        0 
60   139449  29702.2  23527.3  28798.5  10319.4  8660.68  9906.66  5330.72  7779.24  8020.61  4800.54  5139.59     3915        0        0        0        0        0        0        0        0        0        0        0        0        0        0        0        0 
61   139532  29785.2  23610.3  28881.5  10402.4  8743.68  9989.66  5413.72  7862.24  8103.61  4883.54  5222.59     3998        0        0        0        0        0        0        0        0        0        0        0        0        0        0        0        0 
62   138639  28891.6  22716.7  27987.9  9508.82  7850.09  9096.08  4520.13  6968.65  7210.03  3989.96     4329        0        0        0        0        0        0        0        0        0        0        0        0        0        0        0        0        0 
63   138717  28969.6  22794.7  28065.9  9586.82  7928.09  9174.08  4598.13  7046.65  7288.03  4067.96     4407        0        0        0        0        0        0        0        0        0        0        0        0        0        0        0        0        0 
64   138804  29056.6  22881.7  28152.9  9673.82  8015.09  9261.08  4685.13  7133.65  7375.03  4154.96     4494        0        0        0        0        0        0        0        0        0        0        0        0        0        0        0        0        0 
65   138880  29132.6  22957.7  28228.9  9749.82  8091.09  9337.08  4761.13  7209.65  7451.03  4230.96     4570        0        0        0        0        0        0        0        0        0        0        0        0        0        0        0        0        0 
66   139410  29662.6  23487.7  28758.9  10279.8  8621.09  9867.08  5291.13  7739.65  7981.03  4760.96     5100        0        0        0        0        0        0        0        0        0        0        0        0        0        0        0        0        0 
67   139839  30091.7  23916.8  29187.9  10708.9  9050.14  10296.1  5720.18  8168.69  8410.07     5190        0        0        0        0        0        0        0        0        0        0        0        0        0        0        0        0        0        0 
68   136859  27111.6  20936.7  26207.9   7728.8  6070.07  7316.05  2740.11  5188.62     5430        0        0        0        0        0        0        0        0        0        0        0        0        0        0        0        0        0        0        0 
69   136949  27201.6  21026.7  26297.9   7818.8  6160.07  7406.05  2830.11  5278.62     5520        0        0        0        0        0        0        0        0        0        0        0        0        0        0        0        0        0        0        0 
70   140159  30411.6  24236.7  29507.9  11028.8  9370.07  10616.1  6040.11  8488.62     8730        0        0        0        0        0        0        0        0        0        0        0        0        0        0        0        0        0        0        0 
71   140329  30581.6  24406.7  29677.9  11198.8  9540.07  10786.1  6210.11  8658.62     8900        0        0        0        0        0        0        0        0        0        0        0        0        0        0        0        0        0        0        0 
72   140519  30771.6  24596.7  29867.9  11388.8  9730.07  10976.1  6400.11  8848.62     9090        0        0        0        0        0        0        0        0        0        0        0        0        0        0        0        0        0        0        0 
73   140719  30971.6  24796.7  30067.9  11588.8  9930.07  11176.1  6600.11  9048.62     9290        0        0        0        0        0        0        0        0        0        0        0        0        0        0        0        0        0        0        0 
74   140909  31161.6  24986.7  30257.9  11778.8  10120.1  11366.1  6790.11  9238.62     9480        0        0        0        0        0        0        0        0        0        0        0        0        0        0        0        0        0        0        0 
75   141089  31341.6  25166.7  30437.9  11958.8  10300.1  11546.1  6970.11  9418.62     9660        0        0        0        0        0        0        0        0        0        0        0        0        0        0        0        0        0        0        0 
76   141569  31821.6  25646.7  30917.9  12438.8  10780.1  12026.1  7450.11  9898.62    10140        0        0        0        0        0        0        0        0        0        0        0        0        0        0        0        0        0        0        0 
77   142000    32253  26078.1  31349.2  12870.2  11211.4  12457.4  7881.48    10330        0        0        0        0        0        0        0        0        0        0        0        0        0        0        0        0        0        0        0        0 
78   144668  34921.5  28746.6  34017.8  15538.7    13880  15125.9    10550        0        0        0        0        0        0        0        0        0        0        0        0        0        0        0        0        0        0        0        0        0 
79   144858  35111.5  28936.6  34207.8  15728.7    14070  15315.9    10740        0        0        0        0        0        0        0        0        0        0        0        0        0        0        0        0        0        0        0        0        0 
80   140842  31095.6  24920.7  30191.8  11712.7    10054    11300        0        0        0        0        0        0        0        0        0        0        0        0        0        0        0        0        0        0        0        0        0        0 
81   141012  31265.6  25090.7  30361.8  11882.7    10224    11470        0        0        0        0        0        0        0        0        0        0        0        0        0        0        0        0        0        0        0        0        0        0 
82   141192  31445.6  25270.7  30541.8  12062.7    10404    11650        0        0        0        0        0        0        0        0        0        0        0        0        0        0        0        0        0        0        0        0        0        0 
83   141362  31615.6  25440.7  30711.8  12232.7    10574    11820        0        0        0        0        0        0        0        0        0        0        0        0        0        0        0        0        0        0        0        0        0        0 
84   142992  33245.6  27070.7  32341.8  13862.7    12204    13450        0        0        0        0        0        0        0        0        0        0        0        0        0        0        0        0        0        0        0        0        0        0 
85   144448  34701.5  28526.6  33797.8  15318.7    13660        0        0        0        0        0        0        0        0        0        0        0        0        0        0        0        0        0        0        0        0        0        0        0 
86   143210  33462.8  27287.9  32559.1    14080        0        0        0        0        0        0        0        0        0        0        0        0        0        0        0        0        0        0        0        0        0        0        0        0 
87   143410  33662.8  27487.9  32759.1    14280        0        0        0        0        0        0        0        0        0        0        0        0        0        0        0        0        0        0        0        0        0        0        0        0 
88   139651  29903.7  23728.8    29000        0        0        0        0        0        0        0        0        0        0        0        0        0        0        0        0        0        0        0        0        0        0        0        0        0 
89   140151  30403.7  24228.8    29500        0        0        0        0        0        0        0        0        0        0        0        0        0        0        0        0        0        0        0        0        0        0        0        0        0 
90   140651  30903.7  24728.8    30000        0        0        0        0        0        0        0        0        0        0        0        0        0        0        0        0        0        0        0        0        0        0        0        0        0 
91   141151  31403.7  25228.8    30500        0        0        0        0        0        0        0        0        0        0        0        0        0        0        0        0        0        0        0        0        0        0        0        0        0 
92   147151  37403.7  31228.8    36500        0        0        0        0        0        0        0        0        0        0        0        0        0        0        0        0        0        0        0        0        0        0        0        0        0 
93   153022  43274.9    37100        0        0        0        0        0        0        0        0        0        0        0        0        0        0        0        0        0        0        0        0        0        0        0        0        0        0 
94   147647    37900        0        0        0        0        0        0        0        0        0        0        0        0        0        0        0        0        0        0        0        0        0        0        0        0        0        0        0 
95   148190  38443.5        0        0        0        0        0        0        0        0        0        0        0        0        0        0        0        0        0        0        0        0        0        0        0        0        0        0        0 
96   150579        0        0        0        0        0        0        0        0        0        0        0        0        0        0        0        0        0        0        0        0        0        0        0        0        0        0        0        0 
97   153124        0        0        0        0        0        0        0        0        0        0        0        0        0        0        0        0        0        0        0        0        0        0        0        0        0        0        0        0 
