Q      1s      2s       2p       2p*      3s      3p        3p*      4s       3d       3d*      4p       4p*      5s       4d       4d*      5p       5p*      6s       4f       4f*      5d       5d*      6p       6p*      7s       5f       5f*      6d       6d*
 0  5523.11  658.093  544.137  551.385  88.1904  55.1641  56.0568  6.38323  12.2558  12.3147        0        0        0        0        0        0        0        0        0        0        0        0        0        0        0        0        0        0        0 
 1  5525.43  660.412  546.456  553.704  90.5097  57.4834  58.3761  8.70252  14.5751   14.634        0        0        0        0        0        0        0        0        0        0        0        0        0        0        0        0        0        0        0 
 2  5540.16  675.148  561.192   568.44  105.246  72.2194  73.1121  23.4385  29.3111        0        0        0        0        0        0        0        0        0        0        0        0        0        0        0        0        0        0        0        0 
 3  5563.43  698.418  584.463   591.71  128.516  95.4899  96.3826   46.709        0        0        0        0        0        0        0        0        0        0        0        0        0        0        0        0        0        0        0        0        0 
 4     5582  716.991  603.035  610.283  147.089  114.063  114.955  65.2816        0        0        0        0        0        0        0        0        0        0        0        0        0        0        0        0        0        0        0        0        0 
 5  5595.17  730.161  616.205  623.453  160.259  127.232  128.125        0        0        0        0        0        0        0        0        0        0        0        0        0        0        0        0        0        0        0        0        0        0 
 6  5617.77  752.756    638.8  646.048  182.854  149.827   150.72        0        0        0        0        0        0        0        0        0        0        0        0        0        0        0        0        0        0        0        0        0        0 
 7   5640.6  775.586   661.63  668.878  205.684  172.657   173.55        0        0        0        0        0        0        0        0        0        0        0        0        0        0        0        0        0        0        0        0        0        0 
 8  5673.05  808.036   694.08  701.328  238.134  205.107      206        0        0        0        0        0        0        0        0        0        0        0        0        0        0        0        0        0        0        0        0        0        0 
 9  5697.55  832.536   718.58  725.828  262.634  229.607    230.5        0        0        0        0        0        0        0        0        0        0        0        0        0        0        0        0        0        0        0        0        0        0 
10  5722.74  857.729  743.773   751.02  287.826    254.8        0        0        0        0        0        0        0        0        0        0        0        0        0        0        0        0        0        0        0        0        0        0        0 
11  5743.42  878.402  764.446  771.694    308.5        0        0        0        0        0        0        0        0        0        0        0        0        0        0        0        0        0        0        0        0        0        0        0        0 
12  5771.19  906.176   792.22  799.468  336.274        0        0        0        0        0        0        0        0        0        0        0        0        0        0        0        0        0        0        0        0        0        0        0        0 
13  5867.72  1002.71  888.752      896        0        0        0        0        0        0        0        0        0        0        0        0        0        0        0        0        0        0        0        0        0        0        0        0        0 
14  5948.92  1083.91  969.952    977.2        0        0        0        0        0        0        0        0        0        0        0        0        0        0        0        0        0        0        0        0        0        0        0        0        0 
15  6034.62  1169.61  1055.65   1062.9        0        0        0        0        0        0        0        0        0        0        0        0        0        0        0        0        0        0        0        0        0        0        0        0        0 
16  6136.92  1271.91  1157.95   1165.2        0        0        0        0        0        0        0        0        0        0        0        0        0        0        0        0        0        0        0        0        0        0        0        0        0 
17  6230.62  1365.61  1251.65   1258.9        0        0        0        0        0        0        0        0        0        0        0        0        0        0        0        0        0        0        0        0        0        0        0        0        0 
18  6333.17  1468.16   1354.2        0        0        0        0        0        0        0        0        0        0        0        0        0        0        0        0        0        0        0        0        0        0        0        0        0        0 
19  6351.71   1486.7        0        0        0        0        0        0        0        0        0        0        0        0        0        0        0        0        0        0        0        0        0        0        0        0        0        0        0 
20  6434.67  1569.66        0        0        0        0        0        0        0        0        0        0        0        0        0        0        0        0        0        0        0        0        0        0        0        0        0        0        0 
21  6851.31        0        0        0        0        0        0        0        0        0        0        0        0        0        0        0        0        0        0        0        0        0        0        0        0        0        0        0        0 
22  7246.12        0        0        0        0        0        0        0        0        0        0        0        0        0        0        0        0        0        0        0        0        0        0        0        0        0        0        0        0 
