Q      1s      2s       2p       2p*      3s      3p        3p*      4s       3d       3d*      4p       4p*      5s       4d       4d*      5p       5p*      6s       4f       4f*      5d       5d*      6p       6p*      7s       5f       5f*      6d       6d*
 0    17145  2419.25  2122.74  2200.06  416.813  321.989  334.576   60.935  175.552  177.787  34.9871   36.554    5.479  6.27367  6.33048        0        0        0        0        0        0        0        0        0        0        0        0        0        0 
 1  17151.8  2425.99  2129.49  2206.81  423.557  328.734   341.32  67.6796  182.297  184.531  41.7317  43.2986  12.2236        0        0        0        0        0        0        0        0        0        0        0        0        0        0        0        0 
 2  17160.1  2434.29  2137.79  2215.11  431.858  337.034  349.621  75.9804  190.598  192.832  50.0325  51.5994  20.5244        0        0        0        0        0        0        0        0        0        0        0        0        0        0        0        0 
 3  17169.1   2443.3   2146.8  2224.12  440.866  346.042  358.629  84.9882  199.605   201.84  59.0403  60.6072        0        0        0        0        0        0        0        0        0        0        0        0        0        0        0        0        0 
 4  17183.8  2458.04  2161.54  2238.86  455.609  360.785  373.372   99.731  214.348  216.583  73.7831    75.35        0        0        0        0        0        0        0        0        0        0        0        0        0        0        0        0        0 
 5  17199.9  2474.08  2177.58   2254.9  471.649  376.825  389.412  115.771  230.388  232.623  89.8231    91.39        0        0        0        0        0        0        0        0        0        0        0        0        0        0        0        0        0 
 6  17218.5  2492.71  2196.21  2273.53  490.279  395.455  408.042  134.401  249.018  251.253  108.453   110.02        0        0        0        0        0        0        0        0        0        0        0        0        0        0        0        0        0 
 7  17236.6  2510.81  2214.31  2291.63  508.379  413.555  426.142  152.501  267.118  269.353  126.553   128.12        0        0        0        0        0        0        0        0        0        0        0        0        0        0        0        0        0 
 8  17255.7   2529.9   2233.4  2310.72  527.465  432.642  445.229  171.588  286.205   288.44   145.64        0        0        0        0        0        0        0        0        0        0        0        0        0        0        0        0        0        0 
 9    17153  2427.16  2130.66  2207.98  424.726  329.902  342.489  68.8484  183.466    185.7        0        0        0        0        0        0        0        0        0        0        0        0        0        0        0        0        0        0        0 
10  17173.1  2447.28  2150.77  2228.09   444.84  350.016  362.603  88.9624   203.58  205.814        0        0        0        0        0        0        0        0        0        0        0        0        0        0        0        0        0        0        0 
11  17341.3   2615.5     2319  2396.32  613.066  518.242  530.829  257.188  371.806   374.04        0        0        0        0        0        0        0        0        0        0        0        0        0        0        0        0        0        0        0 
12  17381.3  2655.46  2358.96  2436.28  653.026  558.202  570.789  297.148  411.766      414        0        0        0        0        0        0        0        0        0        0        0        0        0        0        0        0        0        0        0 
13  17430.3  2704.46  2407.96  2485.28  702.026  607.202  619.789  346.148  460.766      463        0        0        0        0        0        0        0        0        0        0        0        0        0        0        0        0        0        0        0 
14  17479.3  2753.46  2456.96  2534.28  751.026  656.202  668.789  395.148  509.766      512        0        0        0        0        0        0        0        0        0        0        0        0        0        0        0        0        0        0        0 
15  17526.3  2800.46  2503.96  2581.28  798.026  703.202  715.789  442.148  556.766      559        0        0        0        0        0        0        0        0        0        0        0        0        0        0        0        0        0        0        0 
16  17591.3  2865.46  2568.96  2646.28  863.026  768.202  780.789  507.148  621.766      624        0        0        0        0        0        0        0        0        0        0        0        0        0        0        0        0        0        0        0 
17  17644.3  2918.46  2621.96  2699.28  916.026  821.202  833.789  560.148  674.766      677        0        0        0        0        0        0        0        0        0        0        0        0        0        0        0        0        0        0        0 
18  17702.5   2976.7  2680.19  2757.51   974.26  879.437  892.023  618.383      733        0        0        0        0        0        0        0        0        0        0        0        0        0        0        0        0        0        0        0        0 
19  17874.1  3148.31  2851.81  2929.13  1145.88  1051.05  1063.64      790        0        0        0        0        0        0        0        0        0        0        0        0        0        0        0        0        0        0        0        0        0 
20  17931.1  3205.31  2908.81  2986.13  1202.88  1108.05  1120.64      847        0        0        0        0        0        0        0        0        0        0        0        0        0        0        0        0        0        0        0        0        0 
21  17820.5  3094.67  2798.17  2875.49  1092.24  997.413     1010        0        0        0        0        0        0        0        0        0        0        0        0        0        0        0        0        0        0        0        0        0        0 
22  17872.4  3146.57  2850.07  2927.39  1144.14  1049.31   1061.9        0        0        0        0        0        0        0        0        0        0        0        0        0        0        0        0        0        0        0        0        0        0 
23  17930.7  3204.87  2908.37  2985.69  1202.44  1107.61   1120.2        0        0        0        0        0        0        0        0        0        0        0        0        0        0        0        0        0        0        0        0        0        0 
24  18000.5  3274.67  2978.17  3055.49  1272.24  1177.41     1190        0        0        0        0        0        0        0        0        0        0        0        0        0        0        0        0        0        0        0        0        0        0 
25  18063.5  3337.67  3041.17  3118.49  1335.24  1240.41     1253        0        0        0        0        0        0        0        0        0        0        0        0        0        0        0        0        0        0        0        0        0        0 
26  18123.1  3397.26  3100.76  3178.07  1394.82     1300        0        0        0        0        0        0        0        0        0        0        0        0        0        0        0        0        0        0        0        0        0        0        0 
27  18155.8  3430.04  3133.53  3210.85   1427.6        0        0        0        0        0        0        0        0        0        0        0        0        0        0        0        0        0        0        0        0        0        0        0        0 
28  18211.4  3485.56  3189.05  3266.37  1483.12        0        0        0        0        0        0        0        0        0        0        0        0        0        0        0        0        0        0        0        0        0        0        0        0 
29  18507.9  3782.09  3485.58   3562.9        0        0        0        0        0        0        0        0        0        0        0        0        0        0        0        0        0        0        0        0        0        0        0        0        0 
30    18665  3939.19  3642.68     3720        0        0        0        0        0        0        0        0        0        0        0        0        0        0        0        0        0        0        0        0        0        0        0        0        0 
31    18837  4111.19  3814.68     3892        0        0        0        0        0        0        0        0        0        0        0        0        0        0        0        0        0        0        0        0        0        0        0        0        0 
32    19005  4279.19  3982.68     4060        0        0        0        0        0        0        0        0        0        0        0        0        0        0        0        0        0        0        0        0        0        0        0        0        0 
33    19244  4518.19  4221.68     4299        0        0        0        0        0        0        0        0        0        0        0        0        0        0        0        0        0        0        0        0        0        0        0        0        0 
34  19506.3   4780.5     4484        0        0        0        0        0        0        0        0        0        0        0        0        0        0        0        0        0        0        0        0        0        0        0        0        0        0 
35  19449.8     4724        0        0        0        0        0        0        0        0        0        0        0        0        0        0        0        0        0        0        0        0        0        0        0        0        0        0        0 
36  19601.5  4875.73        0        0        0        0        0        0        0        0        0        0        0        0        0        0        0        0        0        0        0        0        0        0        0        0        0        0        0 
37  20415.7        0        0        0        0        0        0        0        0        0        0        0        0        0        0        0        0        0        0        0        0        0        0        0        0        0        0        0        0 
38  21115.5        0        0        0        0        0        0        0        0        0        0        0        0        0        0        0        0        0        0        0        0        0        0        0        0        0        0        0        0 
