Q      1s      2s       2p       2p*      3s      3p        3p*      4s       3d       3d*      4p       4p*      5s       4d       4d*      5p       5p*      6s       4f       4f*      5d       5d*      6p       6p*      7s       5f       5f*      6d       6d*
 0  12744.9  1697.18  1473.85  1516.02  250.951   181.04  187.262  23.4773  70.3341  71.3033  10.5157  10.9262        0        0        0        0        0        0        0        0        0        0        0        0        0        0        0        0        0 
 1  12755.2  1707.45  1484.12  1526.29   261.22   191.31  197.531  33.7471  80.6039  81.5731  20.7855   21.196        0        0        0        0        0        0        0        0        0        0        0        0        0        0        0        0        0 
 2  12765.7  1717.95  1494.62  1536.79  271.721  201.811  208.032  44.2481  91.1049  92.0741  31.2865   31.697        0        0        0        0        0        0        0        0        0        0        0        0        0        0        0        0        0 
 3  12777.4  1729.61  1506.28  1548.46  283.382  213.471  219.693  55.9086  102.765  103.735   42.947        0        0        0        0        0        0        0        0        0        0        0        0        0        0        0        0        0        0 
 4  12741.9  1694.17  1470.85  1513.02  247.947  178.037  184.258   20.474  67.3308     68.3        0        0        0        0        0        0        0        0        0        0        0        0        0        0        0        0        0        0        0 
 5  12755.5   1707.7  1484.38  1526.55  261.477  191.567  197.788   34.004  80.8608    81.83        0        0        0        0        0        0        0        0        0        0        0        0        0        0        0        0        0        0        0 
 6    12829   1781.2  1557.88  1600.05  334.974  265.064  271.285  107.501  154.358  155.327        0        0        0        0        0        0        0        0        0        0        0        0        0        0        0        0        0        0        0 
 7  12857.6  1809.87  1586.55  1628.72  363.647  293.737  299.958  136.174  183.031      184        0        0        0        0        0        0        0        0        0        0        0        0        0        0        0        0        0        0        0 
 8  12892.6  1844.87  1621.55  1663.72  398.647  328.737  334.958  171.174  218.031      219        0        0        0        0        0        0        0        0        0        0        0        0        0        0        0        0        0        0        0 
 9  12928.6  1880.87  1657.55  1699.72  434.647  364.737  370.958  207.174  254.031      255        0        0        0        0        0        0        0        0        0        0        0        0        0        0        0        0        0        0        0 
10  12964.6  1916.87  1693.55  1735.72  470.647  400.737  406.958  243.174  290.031      291        0        0        0        0        0        0        0        0        0        0        0        0        0        0        0        0        0        0        0 
11  13016.5  1968.77  1745.45  1787.62  522.547  452.637  458.858  295.074  341.931    342.9        0        0        0        0        0        0        0        0        0        0        0        0        0        0        0        0        0        0        0 
12  13056.6  2008.87  1785.55  1827.72  562.647  492.737  498.958  335.174  382.031      383        0        0        0        0        0        0        0        0        0        0        0        0        0        0        0        0        0        0        0 
13  13100.6  2052.84  1829.52  1871.69  606.616  536.706  542.928  379.143      426        0        0        0        0        0        0        0        0        0        0        0        0        0        0        0        0        0        0        0        0 
14  13194.5   2146.7  1923.37  1965.55  700.473  630.563  636.784      473        0        0        0        0        0        0        0        0        0        0        0        0        0        0        0        0        0        0        0        0        0 
15  13238.5   2190.7  1967.37  2009.55  744.473  674.563  680.784      517        0        0        0        0        0        0        0        0        0        0        0        0        0        0        0        0        0        0        0        0        0 
16  13208.2  2160.42  1937.09  1979.26  714.189  644.278    650.5        0        0        0        0        0        0        0        0        0        0        0        0        0        0        0        0        0        0        0        0        0        0 
17  13251.1  2203.32  1979.99  2022.16  757.089  687.178    693.4        0        0        0        0        0        0        0        0        0        0        0        0        0        0        0        0        0        0        0        0        0        0 
18  13297.5  2249.72  2026.39  2068.56  803.489  733.578    739.8        0        0        0        0        0        0        0        0        0        0        0        0        0        0        0        0        0        0        0        0        0        0 
19  13355.7  2307.92  2084.59  2126.76  861.689  791.778      798        0        0        0        0        0        0        0        0        0        0        0        0        0        0        0        0        0        0        0        0        0        0 
20  13403.5  2355.72  2132.39  2174.56  909.489  839.578    845.8        0        0        0        0        0        0        0        0        0        0        0        0        0        0        0        0        0        0        0        0        0        0 
21  13450.9  2403.14  2179.81  2221.98  956.911      887        0        0        0        0        0        0        0        0        0        0        0        0        0        0        0        0        0        0        0        0        0        0        0 
22  13483.6  2435.83   2212.5  2254.67    989.6        0        0        0        0        0        0        0        0        0        0        0        0        0        0        0        0        0        0        0        0        0        0        0        0 
23  13530.4  2482.59  2259.26  2301.43  1036.36        0        0        0        0        0        0        0        0        0        0        0        0        0        0        0        0        0        0        0        0        0        0        0        0 
24  13769.6  2721.85  2498.53   2540.7        0        0        0        0        0        0        0        0        0        0        0        0        0        0        0        0        0        0        0        0        0        0        0        0        0 
25  13902.9  2855.15  2631.83     2674        0        0        0        0        0        0        0        0        0        0        0        0        0        0        0        0        0        0        0        0        0        0        0        0        0 
26  14048.9  3001.15  2777.83     2820        0        0        0        0        0        0        0        0        0        0        0        0        0        0        0        0        0        0        0        0        0        0        0        0        0 
27  14192.9  3145.15  2921.83     2964        0        0        0        0        0        0        0        0        0        0        0        0        0        0        0        0        0        0        0        0        0        0        0        0        0 
28  14374.9  3327.15  3103.83     3146        0        0        0        0        0        0        0        0        0        0        0        0        0        0        0        0        0        0        0        0        0        0        0        0        0 
29  14572.9  3525.13   3301.8        0        0        0        0        0        0        0        0        0        0        0        0        0        0        0        0        0        0        0        0        0        0        0        0        0        0 
30  14554.8     3507        0        0        0        0        0        0        0        0        0        0        0        0        0        0        0        0        0        0        0        0        0        0        0        0        0        0        0 
31  14684.3  3636.53        0        0        0        0        0        0        0        0        0        0        0        0        0        0        0        0        0        0        0        0        0        0        0        0        0        0        0 
32  15367.5        0        0        0        0        0        0        0        0        0        0        0        0        0        0        0        0        0        0        0        0        0        0        0        0        0        0        0        0 
33  15968.1        0        0        0        0        0        0        0        0        0        0        0        0        0        0        0        0        0        0        0        0        0        0        0        0        0        0        0        0 
