Q      1s      2s       2p       2p*      3s      3p        3p*      4s       3d       3d*      4p       4p*      5s       4d       4d*      5p       5p*      6s       4f       4f*      5d       5d*      6p       6p*      7s       5f       5f*      6d       6d*
 0    45448  7502.18  6524.04  7085.95  1684.36  1389.99  1505.45  356.469  1058.51   1083.2   255.49  286.308  52.2048  139.438  144.019  27.4993  30.9974  4.80265  10.3982  10.8546        0        0        0        0        0        0        0        0        0 
 1  45448.1  7502.26  6524.12  7086.03  1684.44  1390.07  1505.53  356.553   1058.6  1083.29  255.573  286.391  52.2882  139.521  144.103  27.5827  31.0808  4.88606  10.4816   10.938        0        0        0        0        0        0        0        0        0 
 2  45459.6  7513.76  6535.62  7097.53  1695.94  1401.57  1517.04  368.055   1070.1  1094.79  267.075  297.893  63.7902  151.023  155.605  39.0847  42.5828  16.3881  21.9836    22.44        0        0        0        0        0        0        0        0        0 
 3  45478.3  7532.49  6554.35  7116.26  1714.67   1420.3  1535.77  386.785  1088.83  1113.52  285.805  316.623  82.5202  169.753  174.335  57.8147  61.3128  35.1181  40.7136    41.17        0        0        0        0        0        0        0        0        0 
 4  45499.3  7553.48  6575.34  7137.25  1735.66  1441.29  1556.75  407.771  1109.82  1134.51  306.792   337.61  103.507   190.74  195.321  78.8011  82.2992  56.1044     61.7        0        0        0        0        0        0        0        0        0        0 
 5  45528.2  7582.37  6604.24  7166.15  1764.55  1470.19  1585.65  436.667  1138.71   1163.4  335.687  366.505  132.402  219.635  224.216  107.697  111.195       85        0        0        0        0        0        0        0        0        0        0        0 
 6  45544.2  7598.37  6620.24  7182.15  1780.55  1486.19  1601.65  452.667  1154.71   1179.4  351.687  382.505  148.402  235.635  240.216  123.697  127.195      101        0        0        0        0        0        0        0        0        0        0        0 
 7    45533  7587.18  6609.04  7170.95  1769.36  1474.99  1590.45  441.472  1143.52  1168.21  340.492   371.31  137.207  224.441  229.022  112.502      116        0        0        0        0        0        0        0        0        0        0        0        0 
 8    45555  7609.18  6631.04  7192.95  1791.36  1496.99  1612.45  463.472  1165.52  1190.21  362.492   393.31  159.207  246.441  251.022  134.502      138        0        0        0        0        0        0        0        0        0        0        0        0 
 9    45572  7626.18  6648.04  7209.95  1808.36  1513.99  1629.45  480.472  1182.52  1207.21  379.492   410.31  176.207  263.441  268.022  151.502      155        0        0        0        0        0        0        0        0        0        0        0        0 
10    45591  7645.18  6667.04  7228.95  1827.36  1532.99  1648.45  499.472  1201.52  1226.21  398.492   429.31  195.207  282.441  287.022  170.502      174        0        0        0        0        0        0        0        0        0        0        0        0 
11    45619  7673.18  6695.04  7256.95  1855.36  1560.99  1676.45  527.472  1229.52  1254.21  426.492   457.31  223.207  310.441  315.022  198.502      202        0        0        0        0        0        0        0        0        0        0        0        0 
12  45649.5  7703.68  6725.54  7287.45  1885.86  1591.49  1706.95   557.97  1260.01   1284.7  456.991  487.809  253.706  340.939   345.52      229        0        0        0        0        0        0        0        0        0        0        0        0        0 
13  45551.9  7606.16  6628.02  7189.93  1788.34  1493.97  1609.43   460.45  1162.49  1187.18  359.471  390.289  156.186  243.419      248        0        0        0        0        0        0        0        0        0        0        0        0        0        0 
14  45572.9  7627.16  6649.02  7210.93  1809.34  1514.97  1630.43   481.45  1183.49  1208.18  380.471  411.289  177.186  264.419      269        0        0        0        0        0        0        0        0        0        0        0        0        0        0 
15  45733.9  7788.16  6810.02  7371.93  1970.34  1675.97  1791.43   642.45  1344.49  1369.18  541.471  572.289  338.186  425.419      430        0        0        0        0        0        0        0        0        0        0        0        0        0        0 
16  45765.9  7820.16  6842.02  7403.93  2002.34  1707.97  1823.43   674.45  1376.49  1401.18  573.471  604.289  370.186  457.419      462        0        0        0        0        0        0        0        0        0        0        0        0        0        0 
17  45800.9  7855.16  6877.02  7438.93  2037.34  1742.97  1858.43   709.45  1411.49  1436.18  608.471  639.289  405.186  492.419      497        0        0        0        0        0        0        0        0        0        0        0        0        0        0 
18  45837.9  7892.16  6914.02  7475.93  2074.34  1779.97  1895.43   746.45  1448.49  1473.18  645.471  676.289  442.186  529.419      534        0        0        0        0        0        0        0        0        0        0        0        0        0        0 
19  45872.9  7927.16  6949.02  7510.93  2109.34  1814.97  1930.43   781.45  1483.49  1508.18  680.471  711.289  477.186  564.419      569        0        0        0        0        0        0        0        0        0        0        0        0        0        0 
20  45912.9  7967.16  6989.02  7550.93  2149.34  1854.97  1970.43   821.45  1523.49  1548.18  720.471  751.289  517.186  604.419      609        0        0        0        0        0        0        0        0        0        0        0        0        0        0 
21  45954.9  8009.16  7031.02  7592.93  2191.34  1896.97  2012.43   863.45  1565.49  1590.18  762.471  793.289  559.186  646.419      651        0        0        0        0        0        0        0        0        0        0        0        0        0        0 
22  45997.5  8051.74   7073.6  7635.51  2233.92  1939.55  2055.01  906.031  1608.08  1632.77  805.052   835.87  601.767      689        0        0        0        0        0        0        0        0        0        0        0        0        0        0        0 
23  46125.8  8179.97  7201.83  7763.74  2362.15  2067.78  2183.25  1034.26  1736.31     1761  933.285  964.103      730        0        0        0        0        0        0        0        0        0        0        0        0        0        0        0        0 
24  46162.8  8216.97  7238.83  7800.74  2399.15  2104.78  2220.25  1071.26  1773.31     1798  970.285   1001.1      767        0        0        0        0        0        0        0        0        0        0        0        0        0        0        0        0 
25  46077.7  8131.87  7153.73  7715.64  2314.05  2019.68  2135.14  986.161  1688.21   1712.9  885.182      916        0        0        0        0        0        0        0        0        0        0        0        0        0        0        0        0        0 
26  46117.7  8171.87  7193.73  7755.64  2354.05  2059.68  2175.14  1026.16  1728.21   1752.9  925.182      956        0        0        0        0        0        0        0        0        0        0        0        0        0        0        0        0        0 
27  46159.7  8213.87  7235.73  7797.64  2396.05  2101.68  2217.14  1068.16  1770.21   1794.9  967.182      998        0        0        0        0        0        0        0        0        0        0        0        0        0        0        0        0        0 
28  46201.7  8255.87  7277.73  7839.64  2438.05  2143.68  2259.14  1110.16  1812.21   1836.9  1009.18     1040        0        0        0        0        0        0        0        0        0        0        0        0        0        0        0        0        0 
29  46274.7  8328.87  7350.73  7912.64  2511.05  2216.68  2332.14  1183.16  1885.21   1909.9  1082.18     1113        0        0        0        0        0        0        0        0        0        0        0        0        0        0        0        0        0 
30  46350.5  8404.69  7426.55  7988.46  2586.87   2292.5  2407.96  1258.98  1961.02  1985.71     1158        0        0        0        0        0        0        0        0        0        0        0        0        0        0        0        0        0        0 
31  45625.8  7679.97  6701.83  7263.74  1862.15  1567.78  1683.25  534.265  1236.31     1261        0        0        0        0        0        0        0        0        0        0        0        0        0        0        0        0        0        0        0 
32  45673.5  7727.67  6749.53  7311.44  1909.85  1615.48  1730.95  581.965  1284.01   1308.7        0        0        0        0        0        0        0        0        0        0        0        0        0        0        0        0        0        0        0 
33  46615.8  8669.97  7691.83  8253.74  2852.15  2557.78  2673.25  1524.27  2226.31     2251        0        0        0        0        0        0        0        0        0        0        0        0        0        0        0        0        0        0        0 
34  46708.8  8762.97  7784.83  8346.74  2945.15  2650.78  2766.25  1617.27  2319.31     2344        0        0        0        0        0        0        0        0        0        0        0        0        0        0        0        0        0        0        0 
35  46807.8  8861.97  7883.83  8445.74  3044.15  2749.78  2865.25  1716.27  2418.31     2443        0        0        0        0        0        0        0        0        0        0        0        0        0        0        0        0        0        0        0 
36  46913.8  8967.97  7989.83  8551.74  3150.15  2855.78  2971.25  1822.27  2524.31     2549        0        0        0        0        0        0        0        0        0        0        0        0        0        0        0        0        0        0        0 
37  47016.8  9070.97  8092.83  8654.74  3253.15  2958.78  3074.25  1925.27  2627.31     2652        0        0        0        0        0        0        0        0        0        0        0        0        0        0        0        0        0        0        0 
38  47119.8  9173.97  8195.83  8757.74  3356.15  3061.78  3177.25  2028.27  2730.31     2755        0        0        0        0        0        0        0        0        0        0        0        0        0        0        0        0        0        0        0 
39  47256.8  9310.97  8332.83  8894.74  3493.15  3198.78  3314.25  2165.27  2867.31     2892        0        0        0        0        0        0        0        0        0        0        0        0        0        0        0        0        0        0        0 
40  47386.5  9440.66  8462.53  9024.43  3622.84  3328.47  3443.94  2294.96     2997        0        0        0        0        0        0        0        0        0        0        0        0        0        0        0        0        0        0        0        0 
41  48203.5  10257.7  9279.57  9841.48  4439.89  4145.52  4260.98     3112        0        0        0        0        0        0        0        0        0        0        0        0        0        0        0        0        0        0        0        0        0 
42  48310.5  10364.7  9386.57  9948.48  4546.89  4252.52  4367.98     3219        0        0        0        0        0        0        0        0        0        0        0        0        0        0        0        0        0        0        0        0        0 
43  47461.5  9515.73  8537.59   9099.5  3697.91  3403.54     3519        0        0        0        0        0        0        0        0        0        0        0        0        0        0        0        0        0        0        0        0        0        0 
44  47555.5  9609.73  8631.59   9193.5  3791.91  3497.54     3613        0        0        0        0        0        0        0        0        0        0        0        0        0        0        0        0        0        0        0        0        0        0 
45  47660.5  9714.73  8736.59   9298.5  3896.91  3602.54     3718        0        0        0        0        0        0        0        0        0        0        0        0        0        0        0        0        0        0        0        0        0        0 
46  47758.5  9812.73  8834.59   9396.5  3994.91  3700.54     3816        0        0        0        0        0        0        0        0        0        0        0        0        0        0        0        0        0        0        0        0        0        0 
47  47998.5  10052.7  9074.59   9636.5  4234.91  3940.54     4056        0        0        0        0        0        0        0        0        0        0        0        0        0        0        0        0        0        0        0        0        0        0 
48    48224  10278.2  9300.05  9861.96  4460.37     4166        0        0        0        0        0        0        0        0        0        0        0        0        0        0        0        0        0        0        0        0        0        0        0 
49  48134.6  10188.8  9210.68  9772.59     4371        0        0        0        0        0        0        0        0        0        0        0        0        0        0        0        0        0        0        0        0        0        0        0        0 
50  48239.6  10293.8  9315.68  9877.59     4476        0        0        0        0        0        0        0        0        0        0        0        0        0        0        0        0        0        0        0        0        0        0        0        0 
51    48477  10531.2  9553.09    10115        0        0        0        0        0        0        0        0        0        0        0        0        0        0        0        0        0        0        0        0        0        0        0        0        0 
52    48740  10794.2  9816.09    10378        0        0        0        0        0        0        0        0        0        0        0        0        0        0        0        0        0        0        0        0        0        0        0        0        0 
53    49033  11087.2  10109.1    10671        0        0        0        0        0        0        0        0        0        0        0        0        0        0        0        0        0        0        0        0        0        0        0        0        0 
54    49304  11358.2  10380.1    10942        0        0        0        0        0        0        0        0        0        0        0        0        0        0        0        0        0        0        0        0        0        0        0        0        0 
55    50181  12235.2  11257.1    11819        0        0        0        0        0        0        0        0        0        0        0        0        0        0        0        0        0        0        0        0        0        0        0        0        0 
56  51059.9  13114.1    12136        0        0        0        0        0        0        0        0        0        0        0        0        0        0        0        0        0        0        0        0        0        0        0        0        0        0 
57  50477.8    12532        0        0        0        0        0        0        0        0        0        0        0        0        0        0        0        0        0        0        0        0        0        0        0        0        0        0        0 
58  50743.1  12797.3        0        0        0        0        0        0        0        0        0        0        0        0        0        0        0        0        0        0        0        0        0        0        0        0        0        0        0 
59  52144.3        0        0        0        0        0        0        0        0        0        0        0        0        0        0        0        0        0        0        0        0        0        0        0        0        0        0        0        0 
60  53346.1        0        0        0        0        0        0        0        0        0        0        0        0        0        0        0        0        0        0        0        0        0        0        0        0        0        0        0        0 
