Q      1s      2s       2p       2p*      3s      3p        3p*      4s       3d       3d*      4p       4p*      5s       4d       4d*      5p       5p*      6s       4f       4f*      5d       5d*      6p       6p*      7s       5f       5f*      6d       6d*
 0  81010.9  14455.3  11985.2  13804.9  3480.88  2789.34  3196.73  792.052  2248.54  2334.54  572.149  671.048  127.351  358.179  376.721   69.505  86.4833  7.92909  101.528  105.392  11.6872  13.4183        0        0        0        0        0        0        0 
 1  81019.3  14463.7  11993.6  13813.3  3489.22   2797.7  3205.09   800.39  2256.91  2342.91  580.521   679.42  135.711   366.57  385.106  78.0503  94.9814        0  109.911  113.772  20.1625   21.892        0        0        0        0        0        0        0 
 2  81032.8  14477.2    12007  13826.8  3502.72  2811.19  3218.59  813.876  2270.37  2356.44   593.99  692.944  149.004  379.976  398.656  90.6702   108.51        0  123.354   127.28  32.6697  34.5998        0        0        0        0        0        0        0 
 3  81047.7  14492.2  12022.1  13841.9  3517.75  2826.21  3233.63  828.866  2285.37   2371.5  608.959  707.969   163.62  394.876  413.692   104.51  123.237        0  138.286  142.275  46.7507  48.4748        0        0        0        0        0        0        0 
 4  81064.2  14508.7  12038.6  13858.4  3534.16  2842.62  3250.05  845.204  2301.75  2387.95  625.268  724.341  179.379  411.102  430.066  119.373  139.042        0  154.545  158.601  62.0381  63.3688        0        0        0        0        0        0        0 
 5  81081.9  14526.6  12056.4  13876.3  3551.87  2860.32  3267.77  862.794  2319.45  2405.68  642.836  741.932  196.158  428.601  447.613  135.326  155.466        0  172.054  176.132  78.3872  79.3278        0        0        0        0        0        0        0 
 6  81100.9  14545.6  12075.5  13895.3  3570.72  2879.18  3286.63  881.486  2338.33  2424.51  661.519  760.565  213.803  447.251  466.139  152.337  172.175        0  190.673  194.694  96.0738  96.9244        0        0        0        0        0        0        0 
 7  81120.7  14565.5  12095.3  13915.4  3590.44  2898.87  3306.41  900.975  2357.94  2444.45   680.89  780.255  232.111  466.355  485.943  168.689  191.907        0  209.925  214.261  114.742  113.251        0        0        0        0        0        0        0 
 8  81142.1    14587  12116.7  13936.7  3611.53  2919.95   3327.5  921.771  2379.07  2465.48  701.672  800.954  251.361  487.102   506.47  187.305  209.823        0  230.617  234.853  131.526  131.244        0        0        0        0        0        0        0 
 9  81164.4  14609.3  12139.1  13959.1  3633.49  2941.91  3349.49  943.386  2401.08  2487.43  723.255  822.485  271.217  508.625  527.828  206.378  228.499        0  252.094  256.256  150.019  149.655        0        0        0        0        0        0        0 
10  81187.7  14632.7  12162.5  13982.4  3656.39   2964.8   3372.4   965.87  2424.06  2510.27  745.715   844.84  291.699  531.046  549.953  226.193  247.444        0  274.438   278.47        0  167.714        0        0        0        0        0        0        0 
11  81211.9  14656.9  12186.9  14006.6  3680.11  2988.52  3396.13   989.11  2447.88  2533.92  768.927  867.925  312.718  554.227  572.773  246.579  266.766        0  297.525  301.399        0        0        0        0        0        0        0        0        0 
12  81251.7  14698.2    12228  14047.6   3722.8  3030.93  3439.03   1028.6  2489.91  2576.85  807.035  907.762  341.156  590.886  611.644  272.714  294.204        0  335.356   339.96        0        0        0        0        0        0        0        0        0 
13  81293.2  14741.2  12270.9  14090.3  3767.18  3075.02  3483.59  1069.34  2533.65  2621.42  846.356  948.755  370.332  628.811  651.536  299.611  322.399        0  375.289  379.868        0        0        0        0        0        0        0        0        0 
14  81336.3  14785.8  12315.5  14134.6  3813.26   3120.8  3529.83  1111.29  2579.09  2667.65  886.849  990.909  400.233  667.941   692.49  327.252  351.338        0  417.295  421.163        0        0        0        0        0        0        0        0        0 
15    81381  14832.2  12361.8  14180.7  3861.08  3168.29  3577.84  1154.46  2626.24  2715.65  928.495   1034.3  430.856  708.216  734.634  355.628  381.028        0  460.688  463.766        0        0        0        0        0        0        0        0        0 
16  81427.4  14880.4  12409.8  14228.5  3910.67  3217.62  3627.49  1198.84  2675.33  2765.18  971.413  1078.61  462.189   749.98  777.407  384.745  411.417        0  505.284  507.749        0        0        0        0        0        0        0        0        0 
17  81475.5  14930.3  12459.6    14278  3961.95  3268.74  3678.58  1244.34  2726.39  2815.98  1015.59   1123.6  494.203  793.349  820.436  414.585  442.461        0  551.997  553.558        0        0        0        0        0        0        0        0        0 
18  81525.1  14981.8  12511.1  14329.2  4014.82  3321.57  3731.04  1290.89  2779.34  2867.96  1060.95  1169.23   526.88  838.237  863.732  445.128  474.146        0  600.628  602.294        0        0        0        0        0        0        0        0        0 
19    81576  15034.6  12563.7  14381.6  4068.98  3374.54  3786.74  1338.49  2831.15  2924.64  1105.78  1219.29  560.231  880.055  914.359  476.184  506.967        0  649.464  647.713        0        0        0        0        0        0        0        0        0 
20    81629  15089.7  12618.7  14436.3  4125.36   3430.9   3842.6  1387.31  2887.74  2979.92   1153.4  1266.98   594.27   927.41  959.465  508.127  540.047        0  695.756   696.38        0        0        0        0        0        0        0        0        0 
21  81683.5  15146.3  12675.3  14492.5  4183.15  3488.57  3900.01  1437.06  2945.58  3036.86   1201.8  1315.86  628.934  975.382  1005.99  540.704  573.821        0   745.43  746.692        0        0        0        0        0        0        0        0        0 
22  81739.5  15204.5  12733.4  14550.3  4242.46  3547.68  3959.02  1487.78  3004.84  3095.45  1251.06  1365.86  664.231  1024.15  1053.77  573.925   608.28        0  797.288  797.384        0        0        0        0        0        0        0        0        0 
23  81797.1  15264.4  12793.1  14609.7  4303.36  3608.47  4019.44  1539.49  3065.94  3155.32   1301.4  1416.59  700.164  1074.23  1102.03  607.812  643.373        0  848.063  847.483        0        0        0        0        0        0        0        0        0 
24  81856.3  15325.9  12854.5  14670.7  4365.72  3670.78   4081.2   1592.1  3128.68  3216.43  1352.68  1468.08  736.708  1125.43  1150.91  642.341  679.092        0        0  897.535        0        0        0        0        0        0        0        0        0 
25  81916.8  15388.8  12917.3  14733.1  4429.46  3734.46  4144.29  1645.57  3192.85  3278.84  1404.82  1520.39   773.85  1177.57  1200.61  677.489  715.436        0        0        0        0        0        0        0        0        0        0        0        0 
26  81958.2  15428.7  12957.1  14773.4  4467.44  3772.19  4182.52  1680.81  3231.04  3317.17  1439.48   1555.9    801.6  1212.59   1235.9  706.718  744.785        0        0        0        0        0        0        0        0        0        0        0        0 
27  82000.3  15469.2  12997.5  14814.3  4505.96  3810.44  4221.29  1716.48  3269.77  3356.05  1474.56  1591.84  829.626  1248.03  1271.61  737.289  774.487        0        0        0        0        0        0        0        0        0        0        0        0 
28  82043.2  15510.3  13038.5  14855.8  4545.06  3849.26  4260.65   1752.6  3309.09  3395.52  1510.07  1628.24  857.944  1283.93  1307.78  766.847  804.649        0        0        0        0        0        0        0        0        0        0        0        0 
29  82086.7    15552  13080.2    14898  4584.68  3888.59  4300.54  1789.14  3348.93  3435.52  1545.99  1665.06  886.533  1320.24  1344.37  876.095  834.991        0        0        0        0        0        0        0        0        0        0        0        0 
30  82133.8  15596.2  13124.6  14942.1  4626.49  3930.39  4341.93  1827.57  3391.06  3477.56  1584.21  1702.57  916.001  1358.51  1382.39        0   867.81        0        0        0        0        0        0        0        0        0        0        0        0 
31  82181.7  15641.1  13169.6  14986.9  4668.87  3972.76  4383.87  1866.46  3433.77  3520.17  1622.88   1740.5  945.757  1397.23  1420.86        0        0        0        0        0        0        0        0        0        0        0        0        0        0 
32  82229.2  15686.1  13215.1  15032.6  4711.53  4015.81  4427.16  1905.24  3477.24  3563.71  1662.08  1780.14  980.013  1436.62  1460.38        0        0        0        0        0        0        0        0        0        0        0        0        0        0 
33  82277.4  15731.7  13261.1  15078.9  4754.69  4059.37  4470.97  1944.42  3521.23  3607.78  1701.69  1820.19        0  1476.41  1500.31        0        0        0        0        0        0        0        0        0        0        0        0        0        0 
34  82351.6  15805.2  13334.4  15153.3  4822.34  4126.59  4539.22   1999.8  3588.85  3676.82  1754.12   1876.9        0  1531.66  1556.32        0        0        0        0        0        0        0        0        0        0        0        0        0        0 
35    82427  15879.9  13408.9  15228.8  4890.85  4194.66  4608.36  2055.73  3657.38  3746.75  1807.11  1934.12        0  1588.82  1613.03        0        0        0        0        0        0        0        0        0        0        0        0        0        0 
36  82503.5  15955.7  13484.4  15305.5  4960.26  4263.62  4678.41  2112.22  3726.81  3817.64  1860.65  1991.97        0  1647.12  1670.34        0        0        0        0        0        0        0        0        0        0        0        0        0        0 
37  82581.3  16032.7  13561.2  15383.4  5030.61  4333.51  4749.43   2169.3  3797.22   3889.5   1914.8  2050.34        0   1704.7  1728.47        0        0        0        0        0        0        0        0        0        0        0        0        0        0 
38  82660.3  16110.8  13639.2  15462.5  5101.85  4404.27  4821.35  2226.94  3868.55   3962.3  1969.49   2109.3        0  1763.04  1787.29        0        0        0        0        0        0        0        0        0        0        0        0        0        0 
39  82740.5    16190  13718.1  15542.7  5173.91  4475.83  4894.15  2285.11  3940.64   4036.1  2024.57  2169.12        0  1874.12  1846.34        0        0        0        0        0        0        0        0        0        0        0        0        0        0 
40  82823.7  16271.8  13800.5  15624.4  5247.79  4549.44  4968.37  2344.32  4015.88  4109.81   2083.1  2224.79        0  1919.02  1906.21        0        0        0        0        0        0        0        0        0        0        0        0        0        0 
41  82908.1  16354.8  13884.1  15707.3  5322.52  4623.88  5043.46  2404.07  4091.99  4184.44  2142.14  2281.09        0  1971.02  1967.85        0        0        0        0        0        0        0        0        0        0        0        0        0        0 
42  82993.7    16439  13968.9  15791.3  5398.17  4699.24  5119.49   2464.4  4169.09  4259.98  2201.81  2337.88        0        0  2026.66        0        0        0        0        0        0        0        0        0        0        0        0        0        0 
43  83080.6  16524.3  14054.8  15876.4  5474.66  4775.45  5196.38  2525.27  4247.11  4336.38  2262.05  2395.15        0        0        0        0        0        0        0        0        0        0        0        0        0        0        0        0        0 
44  83170.9  16607.8  14138.1  15961.6  5549.14  4848.78  5272.02  2581.67  4322.74  4412.65  2322.11   2455.7        0        0        0        0        0        0        0        0        0        0        0        0        0        0        0        0        0 
45  83262.3  16692.1  14222.2  16047.6  5624.27  4922.76  5348.33  2638.48  4399.04  4489.61  2384.55  2516.75        0        0        0        0        0        0        0        0        0        0        0        0        0        0        0        0        0 
46  83354.8  16777.4  14307.3  16134.7  5700.09   4997.4  5425.34  2695.71  4476.08  4567.31  2444.37  2578.44        0        0        0        0        0        0        0        0        0        0        0        0        0        0        0        0        0 
47  83448.3  16863.5  14393.2  16222.6  5776.55  5072.67  5503.01  2753.34  4553.78   4645.7  2782.06  2640.49        0        0        0        0        0        0        0        0        0        0        0        0        0        0        0        0        0 
48  83550.9    16955  14485.3  16313.8  5857.19  5153.27  5581.96  2813.01  4636.05  4727.59        0  2707.86        0        0        0        0        0        0        0        0        0        0        0        0        0        0        0        0        0 
49  83654.8  17047.4  14578.3  16406.1  5938.54  5234.58  5661.54  2873.11  4719.06  4810.21        0        0        0        0        0        0        0        0        0        0        0        0        0        0        0        0        0        0        0 
50  83753.8  17136.6  14669.3    16498  6017.15  5314.84  5742.91  2940.87  4801.32  4892.81        0        0        0        0        0        0        0        0        0        0        0        0        0        0        0        0        0        0        0 
51  83853.7  17226.7  14761.1  16590.9  6096.34  5395.69   5824.9        0  4884.21  4976.05        0        0        0        0        0        0        0        0        0        0        0        0        0        0        0        0        0        0        0 
52  84028.6  17396.4  14929.8  16764.5  6225.76  5520.73  5960.19        0  5023.27  5117.49        0        0        0        0        0        0        0        0        0        0        0        0        0        0        0        0        0        0        0 
53  84205.7    17568  15100.5  16940.3  6356.34     5647   6096.7        0  5167.12  5260.59        0        0        0        0        0        0        0        0        0        0        0        0        0        0        0        0        0        0        0 
54  84385.3  17741.7  15273.2  17118.2  6488.12  5774.51  6234.57        0   5313.8  5405.19        0        0        0        0        0        0        0        0        0        0        0        0        0        0        0        0        0        0        0 
55  84567.4  17917.7  15448.1  17298.6  6621.17  5903.36  6373.76        0  5457.61   5551.7        0        0        0        0        0        0        0        0        0        0        0        0        0        0        0        0        0        0        0 
56  84751.9  18095.6  15625.2  17481.2  6755.42  6033.46  6514.29        0  5601.19  5699.83        0        0        0        0        0        0        0        0        0        0        0        0        0        0        0        0        0        0        0 
57  84938.5  18275.5    15804  17665.9  6890.81  6164.68  6656.25        0  5957.76  5849.03        0        0        0        0        0        0        0        0        0        0        0        0        0        0        0        0        0        0        0 
58  85133.8  18462.3  15993.4  17852.7  7028.83  6302.81  6791.37        0  6055.98  6000.64        0        0        0        0        0        0        0        0        0        0        0        0        0        0        0        0        0        0        0 
59  85331.6  18651.2  16184.9  18041.6  7168.04  6442.15  6927.83        0  6168.65  6157.63        0        0        0        0        0        0        0        0        0        0        0        0        0        0        0        0        0        0        0 
60    85532  18842.3  16378.7  18232.7  7308.52  6582.86  7065.62        0        0  6306.93        0        0        0        0        0        0        0        0        0        0        0        0        0        0        0        0        0        0        0 
61  85734.9  19035.4  16574.8    18426  7450.17  6724.84  7204.64        0        0        0        0        0        0        0        0        0        0        0        0        0        0        0        0        0        0        0        0        0        0 
62  85939.3    19211  16749.4  18608.7  7574.48  6859.24  7341.31        0        0        0        0        0        0        0        0        0        0        0        0        0        0        0        0        0        0        0        0        0        0 
63  86145.7  19387.9  16925.5  18792.9  7699.57  6998.64  7478.98        0        0        0        0        0        0        0        0        0        0        0        0        0        0        0        0        0        0        0        0        0        0 
64  86354.1  19566.4    17103  18978.7  7825.51  7131.79  7617.84        0        0        0        0        0        0        0        0        0        0        0        0        0        0        0        0        0        0        0        0        0        0 
65  86564.5  19746.2    17282    19166  7952.23  8267.44  7757.55        0        0        0        0        0        0        0        0        0        0        0        0        0        0        0        0        0        0        0        0        0        0 
66  86802.4  19938.9  17477.6    19358  8084.88        0  7911.13        0        0        0        0        0        0        0        0        0        0        0        0        0        0        0        0        0        0        0        0        0        0 
67  87042.9  20133.1  17674.8  19551.5  8218.44        0        0        0        0        0        0        0        0        0        0        0        0        0        0        0        0        0        0        0        0        0        0        0        0 
68    87259  20310.5  17859.4  19740.2  8363.93        0        0        0        0        0        0        0        0        0        0        0        0        0        0        0        0        0        0        0        0        0        0        0        0 
69  87476.9  20488.9  18045.2  19930.3        0        0        0        0        0        0        0        0        0        0        0        0        0        0        0        0        0        0        0        0        0        0        0        0        0 
70  87968.7  20815.4  18412.1  20311.4        0        0        0        0        0        0        0        0        0        0        0        0        0        0        0        0        0        0        0        0        0        0        0        0        0 
71  88465.1  21144.4  18794.3  20695.9        0        0        0        0        0        0        0        0        0        0        0        0        0        0        0        0        0        0        0        0        0        0        0        0        0 
72  88966.9  21476.1  19157.6  21084.3        0        0        0        0        0        0        0        0        0        0        0        0        0        0        0        0        0        0        0        0        0        0        0        0        0 
73  89473.4  21810.3  23550.9  21475.8        0        0        0        0        0        0        0        0        0        0        0        0        0        0        0        0        0        0        0        0        0        0        0        0        0 
74  90082.9  22168.8        0  21927.6        0        0        0        0        0        0        0        0        0        0        0        0        0        0        0        0        0        0        0        0        0        0        0        0        0 
75  90699.7  22530.6        0        0        0        0        0        0        0        0        0        0        0        0        0        0        0        0        0        0        0        0        0        0        0        0        0        0        0 
76  91202.3  22900.1        0        0        0        0        0        0        0        0        0        0        0        0        0        0        0        0        0        0        0        0        0        0        0        0        0        0        0 
77  91708.7        0        0        0        0        0        0        0        0        0        0        0        0        0        0        0        0        0        0        0        0        0        0        0        0        0        0        0        0 
78  93452.8        0        0        0        0        0        0        0        0        0        0        0        0        0        0        0        0        0        0        0        0        0        0        0        0        0        0        0        0 
