Q      1s      2s       2p       2p*      3s      3p        3p*      4s       3d       3d*      4p       4p*      5s       4d       4d*      5p       5p*      6s       4f       4f*      5d       5d*      6p       6p*      7s       5f       5f*      6d       6d*
 0  63710.2  10975.1  9330.93  10450.9   2544.8  2070.78   2313.7  535.915  1631.61   1684.1   384.88  440.647  73.5177  217.617  228.044  36.9506  44.2403  6.05457  21.5188   23.274  5.03484  5.20665        0        0        0        0        0        0        0 
 1  63701.1    10966  9321.78  10441.8  2535.65  2061.64  2304.56  526.771  1622.46  1674.96  375.736  431.503  64.3737  208.473    218.9  27.8067  35.0963 -3.08941  12.3749    14.13        0        0        0        0        0        0        0        0        0 
 2  63707.9  10972.8  9328.61  10448.6  2542.48  2068.47  2311.39    533.6  1629.29  1681.79  382.566  438.333  71.2031  215.303  225.729  34.6361  41.9257  3.73999  19.2043  20.9594        0        0        0        0        0        0        0        0        0 
 3  63732.2  10997.1   9352.9  10472.9  2566.77  2092.76  2335.68   557.89  1653.58  1706.08  406.855  462.622  95.4927  239.592  250.019  58.9257  66.2153  28.0296  43.4939   45.249        0        0        0        0        0        0        0        0        0 
 4  63753.7  11018.7  9374.45  10494.5  2588.32  2114.31  2357.23  579.441  1675.13  1727.63  428.406  484.173  117.044  261.143   271.57  80.4767  87.7663  49.5806  65.0449     66.8        0        0        0        0        0        0        0        0        0 
 5  63784.9  11049.9  9405.65  10525.7  2619.52  2145.51  2388.43  610.641  1706.33  1758.83  459.606  515.373  148.244  292.343   302.77  111.677  118.966  80.7806  96.2449       98        0        0        0        0        0        0        0        0        0 
 6  63803.9  11068.9  9424.65  10544.7  2638.52  2164.51  2407.43  629.641  1725.33  1777.83  478.606  534.373  167.244  311.343   321.77  130.677  137.966  99.7806  115.245      117        0        0        0        0        0        0        0        0        0 
 7  63822.9  11087.9  9443.65  10563.7  2657.52  2183.51  2426.43  648.641  1744.33  1796.83  497.606  553.373  186.244  330.343   340.77  149.677  156.966  118.781  134.245      136        0        0        0        0        0        0        0        0        0 
 8  63845.9  11110.9  9466.65  10586.7  2680.52  2206.51  2449.43  671.641  1767.33  1819.83  520.606  576.373  209.244  353.343   363.77  172.677  179.966  141.781  157.245      159        0        0        0        0        0        0        0        0        0 
 9  63871.9  11136.9  9492.65  10612.7  2706.52  2232.51  2475.43  697.641  1793.33  1845.83  546.606  602.373  235.244  379.343   389.77  198.677  205.966  167.781  183.245      185        0        0        0        0        0        0        0        0        0 
10  63891.9  11156.9  9512.65  10632.7  2726.52  2252.51  2495.43  717.641  1813.33  1865.83  566.606  622.373  255.244  399.343   409.77  218.677  225.966  187.781  203.245      205        0        0        0        0        0        0        0        0        0 
11  63924.9  11189.9  9545.65  10665.7  2759.52  2285.51  2528.43  750.641  1846.33  1898.83  599.606  655.373  288.244  432.343   442.77  251.677  258.966  220.781  236.245      238        0        0        0        0        0        0        0        0        0 
12  63962.9  11227.9  9583.65  10703.7  2797.52  2323.51  2566.43  788.641  1884.33  1936.83  637.606  693.373  326.244  470.343   480.77  289.677  296.966  258.781  274.245      276        0        0        0        0        0        0        0        0        0 
13  63991.9  11256.9  9612.65  10732.7  2826.52  2352.51  2595.43  817.641  1913.33  1965.83  666.606  722.373  355.244  499.343   509.77  318.677  325.966  287.781  303.245      305        0        0        0        0        0        0        0        0        0 
14  64016.7  11281.6  9637.41  10757.4  2851.28  2377.26  2620.18  842.396  1938.09  1990.59  691.361  747.128  379.999  524.098  534.525  343.432  350.721  312.536      328        0        0        0        0        0        0        0        0        0        0 
15  64065.2  11330.1  9685.87  10805.9  2899.74  2425.73  2668.65   890.86  1986.55  2039.05  739.826  795.593  428.463  572.563  582.989  391.896  399.186      361        0        0        0        0        0        0        0        0        0        0        0 
16  64103.2  11368.1  9723.87  10843.9  2937.74  2463.73  2706.65   928.86  2024.55  2077.05  777.826  833.593  466.463  610.563  620.989  429.896  437.186      399        0        0        0        0        0        0        0        0        0        0        0 
17    64104  11368.9  9724.69  10844.7  2938.56  2464.54  2707.46  929.674  2025.37  2077.86   778.64  834.407  467.277  611.377  621.804   430.71      438        0        0        0        0        0        0        0        0        0        0        0        0 
18    64142  11406.9  9762.69  10882.7  2976.56  2502.54  2745.46  967.674  2063.37  2115.86   816.64  872.407  505.277  649.377  659.804   468.71      476        0        0        0        0        0        0        0        0        0        0        0        0 
19    64186  11450.9  9806.69  10926.7  3020.56  2546.54  2789.46  1011.67  2107.37  2159.86   860.64  916.407  549.277  693.377  703.804   512.71      520        0        0        0        0        0        0        0        0        0        0        0        0 
20    64226  11490.9  9846.69  10966.7  3060.56  2586.54  2829.46  1051.67  2147.37  2199.86   900.64  956.407  589.277  733.377  743.804   552.71      560        0        0        0        0        0        0        0        0        0        0        0        0 
21    64266  11530.9  9886.69  11006.7  3100.56  2626.54  2869.46  1091.67  2187.37  2239.86   940.64  996.407  629.277  773.377  783.804   592.71      600        0        0        0        0        0        0        0        0        0        0        0        0 
22  64303.3  11568.2  9923.98    11044  3137.85  2663.83  2906.75  1128.96  2224.66  2277.15   977.93   1033.7  666.567  810.666  821.093      630        0        0        0        0        0        0        0        0        0        0        0        0        0 
23  64152.2  11417.1  9772.88  10892.9  2986.75  2512.74  2755.66  977.871  2073.56  2126.06  826.836  882.603  515.474  659.573      670        0        0        0        0        0        0        0        0        0        0        0        0        0        0 
24  64195.2  11460.1  9815.88  10935.9  3029.75  2555.74  2798.66  1020.87  2116.56  2169.06  869.836  925.603  558.474  702.573      713        0        0        0        0        0        0        0        0        0        0        0        0        0        0 
25  64423.2  11688.1  10043.9  11163.9  3257.75  2783.74  3026.66  1248.87  2344.56  2397.06  1097.84   1153.6  786.474  930.573      941        0        0        0        0        0        0        0        0        0        0        0        0        0        0 
26  64467.2  11732.1  10087.9  11207.9  3301.75  2827.74  3070.66  1292.87  2388.56  2441.06  1141.84   1197.6  830.474  974.573      985        0        0        0        0        0        0        0        0        0        0        0        0        0        0 
27  64514.2  11779.1  10134.9  11254.9  3348.75  2874.74  3117.66  1339.87  2435.56  2488.06  1188.84   1244.6  877.474  1021.57     1032        0        0        0        0        0        0        0        0        0        0        0        0        0        0 
28  64563.2  11828.1  10183.9  11303.9  3397.75  2923.74  3166.66  1388.87  2484.56  2537.06  1237.84   1293.6  926.474  1070.57     1081        0        0        0        0        0        0        0        0        0        0        0        0        0        0 
29  64612.2  11877.1  10232.9  11352.9  3446.75  2972.74  3215.66  1437.87  2533.56  2586.06  1286.84   1342.6  975.474  1119.57     1130        0        0        0        0        0        0        0        0        0        0        0        0        0        0 
30  64660.2  11925.1  10280.9  11400.9  3494.75  3020.74  3263.66  1485.87  2581.56  2634.06  1334.84   1390.6  1023.47  1167.57     1178        0        0        0        0        0        0        0        0        0        0        0        0        0        0 
31  64724.2  11989.1  10344.9  11464.9  3558.75  3084.74  3327.66  1549.87  2645.56  2698.06  1398.84   1454.6  1087.47  1231.57     1242        0        0        0        0        0        0        0        0        0        0        0        0        0        0 
32  64784.6  12049.5  10405.3  11525.3  3619.18  3145.17  3388.09   1610.3  2705.99  2758.49  1459.26  1515.03   1147.9     1292        0        0        0        0        0        0        0        0        0        0        0        0        0        0        0 
33  64981.7  12246.6  10602.4  11722.4  3816.28  3342.27  3585.18   1807.4  2903.09  2955.59  1656.36  1712.13     1345        0        0        0        0        0        0        0        0        0        0        0        0        0        0        0        0 
34  65031.7  12296.6  10652.4  11772.4  3866.28  3392.27  3635.18   1857.4  2953.09  3005.59  1706.36  1762.13     1395        0        0        0        0        0        0        0        0        0        0        0        0        0        0        0        0 
35  64860.6  12125.5  10481.3  11601.3  3695.15  3221.14  3464.05  1686.27  2781.96  2834.46  1535.23     1591        0        0        0        0        0        0        0        0        0        0        0        0        0        0        0        0        0 
36  64910.6  12175.5  10531.3  11651.3  3745.15  3271.14  3514.05  1736.27  2831.96  2884.46  1585.23     1641        0        0        0        0        0        0        0        0        0        0        0        0        0        0        0        0        0 
37  64965.6  12230.5  10586.3  11706.3  3800.15  3326.14  3569.05  1791.27  2886.96  2939.46  1640.23     1696        0        0        0        0        0        0        0        0        0        0        0        0        0        0        0        0        0 
38  65016.6  12281.5  10637.3  11757.3  3851.15  3377.14  3620.05  1842.27  2937.96  2990.46  1691.23     1747        0        0        0        0        0        0        0        0        0        0        0        0        0        0        0        0        0 
39  65144.6  12409.5  10765.3  11885.3  3979.15  3505.14  3748.05  1970.27  3065.96  3118.46  1819.23     1875        0        0        0        0        0        0        0        0        0        0        0        0        0        0        0        0        0 
40  65258.3  12523.3    10879  11999.1  4092.92   3618.9  3861.82  2084.03  3179.73  3232.22     1933        0        0        0        0        0        0        0        0        0        0        0        0        0        0        0        0        0        0 
41  64093.1    11358  9713.82  10833.8  2927.69  2453.68   2696.6   918.81   2014.5     2067        0        0        0        0        0        0        0        0        0        0        0        0        0        0        0        0        0        0        0 
42  64151.6  11416.5  9772.32  10892.3  2986.19  2512.18   2755.1   977.31     2073   2125.5        0        0        0        0        0        0        0        0        0        0        0        0        0        0        0        0        0        0        0 
43  65616.1    12881  11236.8  12356.8  4450.69  3976.68   4219.6  2441.81   3537.5     3590        0        0        0        0        0        0        0        0        0        0        0        0        0        0        0        0        0        0        0 
44  65732.1    12997  11352.8  12472.8  4566.69  4092.68   4335.6  2557.81   3653.5     3706        0        0        0        0        0        0        0        0        0        0        0        0        0        0        0        0        0        0        0 
45  65854.1    13119  11474.8  12594.8  4688.69  4214.68   4457.6  2679.81   3775.5     3828        0        0        0        0        0        0        0        0        0        0        0        0        0        0        0        0        0        0        0 
46  65986.1    13251  11606.8  12726.8  4820.69  4346.68   4589.6  2811.81   3907.5     3960        0        0        0        0        0        0        0        0        0        0        0        0        0        0        0        0        0        0        0 
47  66112.1    13377  11732.8  12852.8  4946.69  4472.68   4715.6  2937.81   4033.5     4086        0        0        0        0        0        0        0        0        0        0        0        0        0        0        0        0        0        0        0 
48  66237.1    13502  11857.8  12977.8  5071.69  4597.68   4840.6  3062.81   4158.5     4211        0        0        0        0        0        0        0        0        0        0        0        0        0        0        0        0        0        0        0 
49  66429.1    13694  12049.8  13169.8  5263.69  4789.68   5032.6  3254.81   4350.5     4403        0        0        0        0        0        0        0        0        0        0        0        0        0        0        0        0        0        0        0 
50  66610.6  13875.5  12231.3  13351.3  5445.19  4971.17  5214.09  3436.31     4532        0        0        0        0        0        0        0        0        0        0        0        0        0        0        0        0        0        0        0        0 
51  67847.3  15112.2    13468    14588  6681.88  6207.87  6450.79     4673        0        0        0        0        0        0        0        0        0        0        0        0        0        0        0        0        0        0        0        0        0 
52  67977.3  15242.2    13598    14718  6811.88  6337.87  6580.79     4803        0        0        0        0        0        0        0        0        0        0        0        0        0        0        0        0        0        0        0        0        0 
53  66564.5  13829.4  12185.2  13305.2  5399.09  4925.08     5168        0        0        0        0        0        0        0        0        0        0        0        0        0        0        0        0        0        0        0        0        0        0 
54  66678.5  13943.4  12299.2  13419.2  5513.09  5039.08     5282        0        0        0        0        0        0        0        0        0        0        0        0        0        0        0        0        0        0        0        0        0        0 
55  66804.5  14069.4  12425.2  13545.2  5639.09  5165.08     5408        0        0        0        0        0        0        0        0        0        0        0        0        0        0        0        0        0        0        0        0        0        0 
56  66921.5  14186.4  12542.2  13662.2  5756.09  5282.08     5525        0        0        0        0        0        0        0        0        0        0        0        0        0        0        0        0        0        0        0        0        0        0 
57  67333.5  14598.4  12954.2  14074.2  6168.09  5694.08     5937        0        0        0        0        0        0        0        0        0        0        0        0        0        0        0        0        0        0        0        0        0        0 
58  67709.4  14974.4  13330.1  14450.2  6544.01     6070        0        0        0        0        0        0        0        0        0        0        0        0        0        0        0        0        0        0        0        0        0        0        0 
59  67491.4  14756.3  13112.1  14232.1     6326        0        0        0        0        0        0        0        0        0        0        0        0        0        0        0        0        0        0        0        0        0        0        0        0 
60  67617.4  14882.3  13238.1  14358.1     6452        0        0        0        0        0        0        0        0        0        0        0        0        0        0        0        0        0        0        0        0        0        0        0        0 
61  67487.3  14752.2    13108    14228        0        0        0        0        0        0        0        0        0        0        0        0        0        0        0        0        0        0        0        0        0        0        0        0        0 
62  67801.3  15066.2    13422    14542        0        0        0        0        0        0        0        0        0        0        0        0        0        0        0        0        0        0        0        0        0        0        0        0        0 
63  68149.3  15414.2    13770    14890        0        0        0        0        0        0        0        0        0        0        0        0        0        0        0        0        0        0        0        0        0        0        0        0        0 
64  68470.3  15735.2    14091    15211        0        0        0        0        0        0        0        0        0        0        0        0        0        0        0        0        0        0        0        0        0        0        0        0        0 
65  69989.3  17254.2    15610    16730        0        0        0        0        0        0        0        0        0        0        0        0        0        0        0        0        0        0        0        0        0        0        0        0        0 
66  71499.3  18764.2    17120        0        0        0        0        0        0        0        0        0        0        0        0        0        0        0        0        0        0        0        0        0        0        0        0        0        0 
67  70345.1    17610        0        0        0        0        0        0        0        0        0        0        0        0        0        0        0        0        0        0        0        0        0        0        0        0        0        0        0 
68  70663.1    17928        0        0        0        0        0        0        0        0        0        0        0        0        0        0        0        0        0        0        0        0        0        0        0        0        0        0        0 
69  72322.9        0        0        0        0        0        0        0        0        0        0        0        0        0        0        0        0        0        0        0        0        0        0        0        0        0        0        0        0 
70  73804.8        0        0        0        0        0        0        0        0        0        0        0        0        0        0        0        0        0        0        0        0        0        0        0        0        0        0        0        0 
