Q      1s      2s       2p       2p*      3s      3p        3p*      4s       3d       3d*      4p       4p*      5s       4d       4d*      5p       5p*      6s       4f       4f*      5d       5d*      6p       6p*      7s       5f       5f*      6d       6d*
 0  88596.9  15997.1  13140.4  15333.2  3911.73  3118.25  3613.77    924.8  2529.85  2634.35  672.029  794.923  167.214  437.168  460.383  97.7902  120.832  15.4155  156.231  161.451  35.5387  30.9881  5.98421  7.48619        0        0        0        0        0 
 1  88605.9  16006.1  13149.4  15342.3  3920.78   3127.3  3622.82  933.848   2538.9   2643.4  681.078  803.971  176.262  446.216  469.431  106.838   129.88  24.4638  165.279  170.499   44.587  40.0364  15.0325        0        0        0        0        0        0 
 2  88597.8    15998  13141.3  15334.2  3912.68   3119.2  3614.72  925.749   2530.8   2635.3  672.978  795.872  168.163  438.117  461.332  98.7394  121.781  16.3647   157.18    162.4  36.4879  31.9373        0        0        0        0        0        0        0 
 3  88608.2  16008.4  13151.7  15344.6  3923.07   3129.6  3625.11  936.144  2541.19   2645.7  683.374  806.267  178.559  448.512  471.727  109.135  132.177    26.76  167.575  172.795  46.8832  42.3326        0        0        0        0        0        0        0 
 4  88634.7  16034.9  13178.2    15371  3949.54  3156.06  3651.58  962.612  2567.66  2672.16  709.841  832.735  205.026  474.979  498.195  135.602  158.644  53.2274  194.043  199.263  73.3506     68.8        0        0        0        0        0        0        0 
 5  88648.8    16049  13192.3  15385.1  3963.64  3170.16  3665.68  976.712  2581.76  2686.26  723.941  846.835  219.126  489.079  512.295  149.702  172.744  67.3274  208.143  213.363  87.4506     82.9        0        0        0        0        0        0        0 
 6    88666  16066.2  13209.5  15402.3  3980.84  3187.36  3682.88  993.912  2598.96  2703.46  741.141  864.035  236.326  506.279  529.495  166.902  189.944  84.5274  225.343  230.563  104.651    100.1        0        0        0        0        0        0        0 
 7  88685.9  16086.1  13229.4  15422.2  4000.74  3207.26  3702.78  1013.81  2618.86  2723.36  761.041  883.935  256.226  526.179  549.395  186.802  209.844  104.427  245.243  250.463  124.551      120        0        0        0        0        0        0        0 
 8  88703.9  16104.1  13247.4  15440.2  4018.74  3225.26  3720.78  1031.81  2636.86  2741.36  779.041  901.935  274.226  544.179  567.395  204.802  227.844  122.427  263.243  268.463  142.551      138        0        0        0        0        0        0        0 
 9  88723.9  16124.1  13267.4  15460.2  4038.74  3245.26  3740.78  1051.81  2656.86  2761.36  799.041  921.935  294.226  564.179  587.395  224.802  247.844  142.427  283.243  288.463  162.551      158        0        0        0        0        0        0        0 
10  88747.9  16148.1  13291.4  15484.2  4062.74  3269.26  3764.78  1075.81  2680.86  2785.36  823.041  945.935  318.226  588.179  611.395  248.802  271.844  166.427  307.243  312.463  186.551      182        0        0        0        0        0        0        0 
11  88764.3  16164.5  13307.8  15500.7  4079.19  3285.71  3781.23  1092.26  2697.31  2801.81  839.491  962.384  334.675  604.629  627.844  265.251  288.293  182.877  323.692  328.912      203        0        0        0        0        0        0        0        0 
12  88659.4  16059.6  13202.9  15395.8  3974.28   3180.8  3676.32  987.349   2592.4   2696.9  734.578  857.472  229.763  499.717  522.932  160.339  183.381  77.9647   218.78      224        0        0        0        0        0        0        0        0        0 
13  88680.5  16080.7    13224  15416.9  3995.38   3201.9  3697.42  1008.45   2613.5     2718  755.678  878.572  250.863  520.817  544.032  181.439  204.481  99.0647   239.88    245.1        0        0        0        0        0        0        0        0        0 
14  88773.5  16173.7    13317  15509.9  4088.38   3294.9  3790.42  1101.45   2706.5     2811  848.678  971.572  343.863  613.817  637.032  274.439  297.481  192.065   332.88    338.1        0        0        0        0        0        0        0        0        0 
15  88809.4  16209.6  13352.9  15545.8  4124.28   3330.8  3826.32  1137.35   2742.4   2846.9  884.578  1007.47  379.763  649.717  672.932  310.339  333.381  227.965   368.78      374        0        0        0        0        0        0        0        0        0 
16  88836.4  16236.6  13379.9  15572.8  4151.28   3357.8  3853.32  1164.35   2769.4   2873.9  911.578  1034.47  406.763  676.717  699.932  337.339  360.381  254.965   395.78      401        0        0        0        0        0        0        0        0        0 
17  88862.4  16262.6  13405.9  15598.8  4177.28   3383.8  3879.32  1190.35   2795.4   2899.9  937.578  1060.47  432.763  702.717  725.932  363.339  386.381  280.965   421.78      427        0        0        0        0        0        0        0        0        0 
18  88913.4  16313.6  13456.9  15649.8  4228.28   3434.8  3930.32  1241.35   2846.4   2950.9  988.578  1111.47  483.763  753.717  776.932  414.339  437.381  331.965   472.78      478        0        0        0        0        0        0        0        0        0 
19  88942.4  16342.6  13485.9  15678.8  4257.28   3463.8  3959.32  1270.35   2875.4   2979.9  1017.58  1140.47  512.763  782.717  805.932  443.339  466.381  360.965   501.78      507        0        0        0        0        0        0        0        0        0 
20  89005.4  16405.6  13548.9  15741.8  4320.28   3526.8  4022.32  1333.35   2938.4   3042.9  1080.58  1203.47  575.763  845.717  868.932  506.339  529.381  423.965   564.78      570        0        0        0        0        0        0        0        0        0 
21  89045.4  16445.6  13588.9  15781.8  4360.28   3566.8  4062.32  1373.35   2978.4   3082.9  1120.58  1243.47  615.763  885.717  908.932  546.339  569.381  463.965   604.78      610        0        0        0        0        0        0        0        0        0 
22  89085.4  16485.6  13628.9  15821.8  4400.28   3606.8  4102.32  1413.35   3018.4   3122.9  1160.58  1283.47  655.763  925.717  948.932  586.339  609.381  503.965   644.78      650        0        0        0        0        0        0        0        0        0 
23  89125.4  16525.6  13668.9  15861.8  4440.28   3646.8  4142.32  1453.35   3058.4   3162.9  1200.58  1323.47  695.763  965.717  988.932  626.339  649.381  543.965   684.78      690        0        0        0        0        0        0        0        0        0 
24  89185.4  16585.6  13728.9  15921.8  4500.28   3706.8  4202.32  1513.35   3118.4   3222.9  1260.58  1383.47  755.763  1025.72  1048.93  686.339  709.381  603.965   744.78      750        0        0        0        0        0        0        0        0        0 
25  89250.6  16650.8  13794.1    15987   4565.5  3772.02  4267.54  1578.57  3183.62  3288.12   1325.8  1448.69  820.983  1090.94  1114.15  751.559  774.601  669.185      810        0        0        0        0        0        0        0        0        0        0 
26  89451.5  16851.7  13994.9  16187.8  4766.31  3972.84  4468.35  1779.38  3384.43  3488.94  1526.61  1649.51   1021.8  1291.75  1314.97  952.375  975.417      870        0        0        0        0        0        0        0        0        0        0        0 
27  89511.5  16911.7  14054.9  16247.8  4826.31  4032.84  4528.35  1839.38  3444.43  3548.94  1586.61  1709.51   1081.8  1351.75  1374.97  1012.37  1035.42      930        0        0        0        0        0        0        0        0        0        0        0 
28    89466  16866.2  14009.5  16202.4   4780.9  3987.42  4482.94  1793.97  3399.02  3503.52   1541.2  1664.09  1036.38  1306.34  1329.55  966.958      990        0        0        0        0        0        0        0        0        0        0        0        0 
29    89526  16926.2  14069.5  16262.4   4840.9  4047.42  4542.94  1853.97  3459.02  3563.52   1601.2  1724.09  1096.38  1366.34  1389.55  1026.96     1050        0        0        0        0        0        0        0        0        0        0        0        0 
30    89596  16996.2  14139.5  16332.4   4910.9  4117.42  4612.94  1923.97  3529.02  3633.52   1671.2  1794.09  1166.38  1436.34  1459.55  1096.96     1120        0        0        0        0        0        0        0        0        0        0        0        0 
31    89656  17056.2  14199.5  16392.4   4970.9  4177.42  4672.94  1983.97  3589.02  3693.52   1731.2  1854.09  1226.38  1496.34  1519.55  1156.96     1180        0        0        0        0        0        0        0        0        0        0        0        0 
32    89716  17116.2  14259.5  16452.4   5030.9  4237.42  4732.94  2043.97  3649.02  3753.52   1791.2  1914.09  1286.38  1556.34  1579.55  1216.96     1240        0        0        0        0        0        0        0        0        0        0        0        0 
33  89799.1  17199.3  14342.6  16535.4  5113.94  4320.46  4815.98  2127.01  3732.06  3836.56  1874.24  1997.13  1369.42  1639.38  1662.59     1300        0        0        0        0        0        0        0        0        0        0        0        0        0 
34  89496.5  16896.7    14040  16232.8  4811.35  4017.87  4513.38  1824.42  3429.47  3533.97  1571.65  1694.54  1066.83  1336.78     1360        0        0        0        0        0        0        0        0        0        0        0        0        0        0 
35  89566.5  16966.7    14110  16302.8  4881.35  4087.87  4583.38  1894.42  3499.47  3603.97  1641.65  1764.54  1136.83  1406.78     1430        0        0        0        0        0        0        0        0        0        0        0        0        0        0 
36  89840.5  17240.7    14384  16576.8  5155.35  4361.87  4857.38  2168.42  3773.47  3877.97  1915.65  2038.54  1410.83  1680.78     1704        0        0        0        0        0        0        0        0        0        0        0        0        0        0 
37  89896.5  17296.7    14440  16632.8  5211.35  4417.87  4913.38  2224.42  3829.47  3933.97  1971.65  2094.54  1466.83  1736.78     1760        0        0        0        0        0        0        0        0        0        0        0        0        0        0 
38  89955.5  17355.7    14499  16691.8  5270.35  4476.87  4972.38  2283.42  3888.47  3992.97  2030.65  2153.54  1525.83  1795.78     1819        0        0        0        0        0        0        0        0        0        0        0        0        0        0 
39  90020.5  17420.7    14564  16756.8  5335.35  4541.87  5037.38  2348.42  3953.47  4057.97  2095.65  2218.54  1590.83  1860.78     1884        0        0        0        0        0        0        0        0        0        0        0        0        0        0 
40  90081.5  17481.7    14625  16817.8  5396.35  4602.87  5098.38  2409.42  4014.47  4118.97  2156.65  2279.54  1651.83  1921.78     1945        0        0        0        0        0        0        0        0        0        0        0        0        0        0 
41  90140.5  17540.7    14684  16876.8  5455.35  4661.87  5157.38  2468.42  4073.47  4177.97  2215.65  2338.54  1710.83  1980.78     2004        0        0        0        0        0        0        0        0        0        0        0        0        0        0 
42  90237.5  17637.7    14781  16973.8  5552.35  4758.87  5254.38  2565.42  4170.47  4274.97  2312.65  2435.54  1807.83  2077.78     2101        0        0        0        0        0        0        0        0        0        0        0        0        0        0 
43  90322.7  17722.9  14866.2    17059  5637.56  4844.08   5339.6  2650.63  4255.68  4360.18  2397.86  2520.76  1893.05     2163        0        0        0        0        0        0        0        0        0        0        0        0        0        0        0 
44  90659.7  18059.9  15203.1    17396  5974.52  5181.04  5676.55  2987.59  4592.64  4697.14  2734.82  2857.71     2230        0        0        0        0        0        0        0        0        0        0        0        0        0        0        0        0 
45  90721.7  18121.9  15265.1    17458  6036.52  5243.04  5738.55  3049.59  4654.64  4759.14  2796.82  2919.71     2292        0        0        0        0        0        0        0        0        0        0        0        0        0        0        0        0 
46  90344.9  17745.1  14888.4  17081.3  5659.81  4866.33  5361.84  2672.88  4277.93  4382.43  2420.11     2543        0        0        0        0        0        0        0        0        0        0        0        0        0        0        0        0        0 
47  90406.9  17807.1  14950.4  17143.3  5721.81  4928.33  5423.84  2734.88  4339.93  4444.43  2482.11     2605        0        0        0        0        0        0        0        0        0        0        0        0        0        0        0        0        0 
48  90472.9  17873.1  15016.4  17209.3  5787.81  4994.33  5489.84  2800.88  4405.93  4510.43  2548.11     2671        0        0        0        0        0        0        0        0        0        0        0        0        0        0        0        0        0 
49  90536.9  17937.1  15080.4  17273.3  5851.81  5058.33  5553.84  2864.88  4469.93  4574.43  2612.11     2735        0        0        0        0        0        0        0        0        0        0        0        0        0        0        0        0        0 
50  90766.9  18167.1  15310.4  17503.3  6081.81  5288.33  5783.84  3094.88  4699.93  4804.43  2842.11     2965        0        0        0        0        0        0        0        0        0        0        0        0        0        0        0        0        0 
51  90960.8    18361  15504.3  17697.2   6275.7  5482.22  5977.74  3288.77  4893.82  4998.32     3036        0        0        0        0        0        0        0        0        0        0        0        0        0        0        0        0        0        0 
52  89173.5  16573.7    13717  15909.9  4488.38   3694.9  4190.42  1501.45   3106.5     3211        0        0        0        0        0        0        0        0        0        0        0        0        0        0        0        0        0        0        0 
53  89244.6  16644.8  13788.1    15981  4559.48     3766  4261.52  1572.55   3177.6   3282.1        0        0        0        0        0        0        0        0        0        0        0        0        0        0        0        0        0        0        0 
54  91376.5  18776.7    15920  18112.9  6691.38   5897.9  6393.42  3704.45   5309.5     5414        0        0        0        0        0        0        0        0        0        0        0        0        0        0        0        0        0        0        0 
55  91517.5  18917.7    16061  18253.9  6832.38   6038.9  6534.42  3845.45   5450.5     5555        0        0        0        0        0        0        0        0        0        0        0        0        0        0        0        0        0        0        0 
56  91665.5  19065.7    16209  18401.9  6980.38   6186.9  6682.42  3993.45   5598.5     5703        0        0        0        0        0        0        0        0        0        0        0        0        0        0        0        0        0        0        0 
57  91824.5  19224.7    16368  18560.9  7139.38   6345.9  6841.42  4152.45   5757.5     5862        0        0        0        0        0        0        0        0        0        0        0        0        0        0        0        0        0        0        0 
58  91977.5  19377.7    16521  18713.9  7292.38   6498.9  6994.42  4305.45   5910.5     6015        0        0        0        0        0        0        0        0        0        0        0        0        0        0        0        0        0        0        0 
59  92124.5  19524.7    16668  18860.9  7439.38   6645.9  7141.42  4452.45   6057.5     6162        0        0        0        0        0        0        0        0        0        0        0        0        0        0        0        0        0        0        0 
60  92404.5  19804.7    16948  19140.9  7719.38   6925.9  7421.42  4732.45   6337.5     6442        0        0        0        0        0        0        0        0        0        0        0        0        0        0        0        0        0        0        0 
61    92664  20064.2  17207.5  19400.4  7978.88   7185.4  7680.92  4991.95     6597        0        0        0        0        0        0        0        0        0        0        0        0        0        0        0        0        0        0        0        0 
62  94439.1  21839.3  18982.6  21175.4  9753.93  8960.45  9455.97     6767        0        0        0        0        0        0        0        0        0        0        0        0        0        0        0        0        0        0        0        0        0 
63  94596.1  21996.3  19139.6  21332.4  9910.93  9117.45  9612.97     6924        0        0        0        0        0        0        0        0        0        0        0        0        0        0        0        0        0        0        0        0        0 
64  92345.1  19745.3  16888.6  19081.4  7659.96  6866.48     7362        0        0        0        0        0        0        0        0        0        0        0        0        0        0        0        0        0        0        0        0        0        0 
65  92483.1  19883.3  17026.6  19219.4  7797.96  7004.48     7500        0        0        0        0        0        0        0        0        0        0        0        0        0        0        0        0        0        0        0        0        0        0 
66  92633.1  20033.3  17176.6  19369.4  7947.96  7154.48     7650        0        0        0        0        0        0        0        0        0        0        0        0        0        0        0        0        0        0        0        0        0        0 
67  92773.1  20173.3  17316.6  19509.4  8087.96  7294.48     7790        0        0        0        0        0        0        0        0        0        0        0        0        0        0        0        0        0        0        0        0        0        0 
68  93503.1  20903.3  18046.6  20239.4  8817.96  8024.48     8520        0        0        0        0        0        0        0        0        0        0        0        0        0        0        0        0        0        0        0        0        0        0 
69  94158.6  21558.8  18702.1    20895  9473.48     8680        0        0        0        0        0        0        0        0        0        0        0        0        0        0        0        0        0        0        0        0        0        0        0 
70  93685.1  21085.3  18228.6  20421.5     9000        0        0        0        0        0        0        0        0        0        0        0        0        0        0        0        0        0        0        0        0        0        0        0        0 
71  93835.1  21235.3  18378.6  20571.5     9150        0        0        0        0        0        0        0        0        0        0        0        0        0        0        0        0        0        0        0        0        0        0        0        0 
72  92853.7  20253.9  17397.1    19590        0        0        0        0        0        0        0        0        0        0        0        0        0        0        0        0        0        0        0        0        0        0        0        0        0 
73  93233.7  20633.9  17777.1    19970        0        0        0        0        0        0        0        0        0        0        0        0        0        0        0        0        0        0        0        0        0        0        0        0        0 
74  93643.7  21043.9  18187.1    20380        0        0        0        0        0        0        0        0        0        0        0        0        0        0        0        0        0        0        0        0        0        0        0        0        0 
75  94013.7  21413.9  18557.1    20750        0        0        0        0        0        0        0        0        0        0        0        0        0        0        0        0        0        0        0        0        0        0        0        0        0 
76  96723.7  24123.9  21267.1    23460        0        0        0        0        0        0        0        0        0        0        0        0        0        0        0        0        0        0        0        0        0        0        0        0        0 
77  99396.5  26796.7    23940        0        0        0        0        0        0        0        0        0        0        0        0        0        0        0        0        0        0        0        0        0        0        0        0        0        0 
78  97149.8    24550        0        0        0        0        0        0        0        0        0        0        0        0        0        0        0        0        0        0        0        0        0        0        0        0        0        0        0 
79    97538  24938.2        0        0        0        0        0        0        0        0        0        0        0        0        0        0        0        0        0        0        0        0        0        0        0        0        0        0        0 
80  99491.9        0        0        0        0        0        0        0        0        0        0        0        0        0        0        0        0        0        0        0        0        0        0        0        0        0        0        0        0 
81   101336        0        0        0        0        0        0        0        0        0        0        0        0        0        0        0        0        0        0        0        0        0        0        0        0        0        0        0        0 
