Q      1s      2s       2p       2p*      3s      3p        3p*      4s       3d       3d*      4p       4p*      5s       4d       4d*      5p       5p*      6s       4f       4f*      5d       5d*      6p       6p*      7s       5f       5f*      6d       6d*
 0   125913  24000.8  18644.4  23143.7  6208.08  4762.45  5818.12  1657.47  3944.16  4152.89  1195.57  1478.69   387.15  859.566  911.426   244.62  313.723  61.3295  471.158  484.876   123.44  134.049  26.0449  37.7641  5.20519  7.96022   9.1336        0        0 
 1   125916  24003.4    18647  23146.2  6210.65  4765.02  5820.68  1660.04  3946.73  4155.46  1198.14  1481.26  389.716  862.132  913.993  247.186  316.289  63.8959  473.725  487.442  126.007  136.615  28.6113  40.3305  7.77159  10.5266     11.7        0        0 
 2   125926  24013.4    18657  23156.2  6220.65  4775.02  5830.68  1670.04  3956.73  4165.46  1208.14  1491.26  399.716  872.132  923.993  257.186  326.289  73.8959  483.725  497.442  136.007  146.615  38.6113  50.3305  17.7716  20.5266     21.7        0        0 
 3   125941  24028.5  18672.1  23171.3  6235.75  4790.12  5845.78  1685.14  3971.83  4180.56  1223.24  1506.36  414.816  887.232  939.093  272.286  341.389  88.9959  498.825  512.542  151.107  161.715  53.7113  65.4305  32.8716  35.6266     36.8        0        0 
 4   125954  24041.7  18685.3  23184.5  6248.95  4803.32  5858.98  1698.34  3985.03  4193.76  1236.44  1519.56  428.016  900.432  952.293  285.486  354.589  102.196  512.025  525.742  164.307  174.915  66.9113  78.6305  46.0716  48.8266       50        0        0 
 5   125972  24059.6  18703.2  23202.4  6266.85  4821.22  5876.88  1716.24  4002.93  4211.66  1254.34  1537.46  445.916  918.332  970.193  303.386  372.489  120.096  529.925  543.642  182.207  192.815  84.8113  96.5305  63.9716  66.7266     67.9        0        0 
 6   126000  24087.8  18731.4  23230.7  6295.12  4849.49  5905.16  1744.51   4031.2  4239.93  1282.61  1565.73   474.19  946.606  998.466   331.66  400.763  148.369  558.198  571.915   210.48  221.089  113.085  124.804   92.245       95        0        0        0 
 7   126018  24105.6  18749.2  23248.5  6312.88  4867.25  5922.91  1762.27  4048.95  4257.68  1300.37  1583.49  491.945  964.361  1016.22  349.415  418.518  166.124  575.953   589.67  228.235  238.844   130.84  142.559      110        0        0        0        0 
 8   126033  24120.6  18764.2  23263.5  6327.88  4882.25  5937.91  1777.27  4063.95  4272.68  1315.37  1598.49  506.945  979.361  1031.22  364.415  433.518  181.124  590.953   604.67  243.235  253.844   145.84  157.559      125        0        0        0        0 
 9   126017    24104  18747.6  23246.9  6311.32  4865.69  5921.35  1760.71   4047.4  4256.13  1298.81  1581.93  490.386  962.802  1014.66  347.856  416.959  164.565  574.394  588.111  226.676  237.285  129.281      141        0        0        0        0        0 
10   126039    24126  18769.6  23268.9  6333.32  4887.69  5943.35  1782.71   4069.4  4278.13  1320.81  1603.93  512.386  984.802  1036.66  369.856  438.959  186.565  596.394  610.111  248.676  259.285  151.281      163        0        0        0        0        0 
11   126060    24147  18790.6  23289.9  6354.32  4908.69  5964.35  1803.71   4090.4  4299.13  1341.81  1624.93  533.386   1005.8  1057.66  390.856  459.959  207.565  617.394  631.111  269.676  280.285  172.281      184        0        0        0        0        0 
12   126082    24169  18812.6  23311.9  6376.32  4930.69  5986.35  1825.71   4112.4  4321.13  1363.81  1646.93  555.386   1027.8  1079.66  412.856  481.959  229.565  639.394  653.111  291.676  302.285  194.281      206        0        0        0        0        0 
13   126101    24188  18831.6  23330.9  6395.32  4949.69  6005.35  1844.71   4131.4  4340.13  1382.81  1665.93  574.386   1046.8  1098.66  431.856  500.959  248.565  658.394  672.111  310.676  321.285  213.281      225        0        0        0        0        0 
14   126129  24216.8  18860.4  23359.6  6424.04  4978.41  6034.07  1873.43  4160.11  4368.85  1411.53  1694.65  603.105  1075.52  1127.38  460.575  529.678  277.285  687.113  700.831  339.396  350.004      242        0        0        0        0        0        0 
15   126063  24150.8  18794.3  23293.6  6358.04   4912.4  5968.07  1807.42  4094.11  4302.84  1345.52  1628.64  537.101  1009.52  1061.38  394.571  463.674  211.281   621.11  634.827  273.392      284        0        0        0        0        0        0        0 
16   126084  24171.8  18815.3  23314.6  6379.04   4933.4  5989.07  1828.42  4115.11  4323.84  1366.52  1649.64  558.101  1030.52  1082.38  415.571  484.674  232.281   642.11  655.827  294.392      305        0        0        0        0        0        0        0 
17   126203  24290.8  18934.3  23433.6  6498.04   5052.4  6108.07  1947.42  4234.11  4442.84  1485.52  1768.64  677.101  1149.52  1201.38  534.571  603.674  351.281   761.11  774.827  413.392      424        0        0        0        0        0        0        0 
18   126230  24317.8  18961.3  23460.6  6525.04   5079.4  6135.07  1974.42  4261.11  4469.84  1512.52  1795.64  704.101  1176.52  1228.38  561.571  630.674  378.281   788.11  801.827  440.392      451        0        0        0        0        0        0        0 
19   126260  24347.8  18991.3  23490.6  6555.04   5109.4  6165.07  2004.42  4291.11  4499.84  1542.52  1825.64  734.101  1206.52  1258.38  591.571  660.674  408.281   818.11  831.827  470.392      481        0        0        0        0        0        0        0 
20   126290  24377.8  19021.3  23520.6  6585.04   5139.4  6195.07  2034.42  4321.11  4529.84  1572.52  1855.64  764.101  1236.52  1288.38  621.571  690.674  438.281   848.11  861.827  500.392      511        0        0        0        0        0        0        0 
21   126320  24407.8  19051.3  23550.6  6615.04   5169.4  6225.07  2064.42  4351.11  4559.84  1602.52  1885.64  794.101  1266.52  1318.38  651.571  720.674  468.281   878.11  891.827  530.392      541        0        0        0        0        0        0        0 
22   126350  24437.8  19081.3  23580.6  6645.04   5199.4  6255.07  2094.42  4381.11  4589.84  1632.52  1915.64  824.101  1296.52  1348.38  681.571  750.674  498.281   908.11  921.827  560.392      571        0        0        0        0        0        0        0 
23   126395  24482.8  19126.3  23625.6  6690.04   5244.4  6300.07  2139.42  4426.11  4634.84  1677.52  1960.64  869.101  1341.52  1393.38  726.571  795.674  543.281   953.11  966.827  605.392      616        0        0        0        0        0        0        0 
24   126436  24523.4    19167  23666.2  6730.64  5285.01  6340.67  2180.03  4466.72  4675.45  1718.13  2001.25   909.71  1382.13  1433.99  767.179  836.283  583.889  993.718  1007.44      646        0        0        0        0        0        0        0        0 
25   126108  24195.9  18839.5  23338.8  6403.21  4957.58  6013.24   1852.6  4139.28  4348.01   1390.7  1673.82  582.274  1054.69  1106.55  439.744  508.847  256.454  666.283      680        0        0        0        0        0        0        0        0        0 
26   126139  24226.9  18870.5  23369.8  6434.21  4988.58  6044.24   1883.6  4170.28  4379.01   1421.7  1704.82  613.274  1085.69  1137.55  470.744  539.847  287.454  697.283      711        0        0        0        0        0        0        0        0        0 
27   126298  24385.9  19029.5  23528.8  6593.21  5147.58  6203.24   2042.6  4329.28  4538.01   1580.7  1863.82  772.274  1244.69  1296.55  629.744  698.847  446.454  856.283      870        0        0        0        0        0        0        0        0        0 
28   126328  24415.9  19059.5  23558.8  6623.21  5177.58  6233.24   2072.6  4359.28  4568.01   1610.7  1893.82  802.274  1274.69  1326.55  659.744  728.847  476.454  886.283      900        0        0        0        0        0        0        0        0        0 
29   126368  24455.9  19099.5  23598.8  6663.21  5217.58  6273.24   2112.6  4399.28  4608.01   1650.7  1933.82  842.274  1314.69  1366.55  699.744  768.847  516.454  926.283      940        0        0        0        0        0        0        0        0        0 
30   126408  24495.9  19139.5  23638.8  6703.21  5257.58  6313.24   2152.6  4439.28  4648.01   1690.7  1973.82  882.274  1354.69  1406.55  739.744  808.847  556.454  966.283      980        0        0        0        0        0        0        0        0        0 
31   126518  24605.9  19249.5  23748.8  6813.21  5367.58  6423.24   2262.6  4549.28  4758.01   1800.7  2083.82  992.274  1464.69  1516.55  849.744  918.847  666.454  1076.28     1090        0        0        0        0        0        0        0        0        0 
32   126558  24645.9  19289.5  23788.8  6853.21  5407.58  6463.24   2302.6  4589.28  4798.01   1840.7  2123.82  1032.27  1504.69  1556.55  889.744  958.847  706.454  1116.28     1130        0        0        0        0        0        0        0        0        0 
33   126668  24755.9  19399.5  23898.8  6963.21  5517.58  6573.24   2412.6  4699.28  4908.01   1950.7  2233.82  1142.27  1614.69  1666.55  999.744  1068.85  816.454  1226.28     1240        0        0        0        0        0        0        0        0        0 
34   126708  24795.9  19439.5  23938.8  7003.21  5557.58  6613.24   2452.6  4739.28  4948.01   1990.7  2273.82  1182.27  1654.69  1706.55  1039.74  1108.85  856.454  1266.28     1280        0        0        0        0        0        0        0        0        0 
35   126838  24925.9  19569.5  24068.8  7133.21  5687.58  6743.24   2582.6  4869.28  5078.01   2120.7  2403.82  1312.27  1784.69  1836.55  1169.74  1238.85  986.454  1396.28     1410        0        0        0        0        0        0        0        0        0 
36   126918  25005.9  19649.5  24148.8  7213.21  5767.58  6823.24   2662.6  4949.28  5158.01   2200.7  2483.82  1392.27  1864.69  1916.55  1249.74  1318.85  1066.45  1476.28     1490        0        0        0        0        0        0        0        0        0 
37   126998  25085.9  19729.5  24228.8  7293.21  5847.58  6903.24   2742.6  5029.28  5238.01   2280.7  2563.82  1472.27  1944.69  1996.55  1329.74  1398.85  1146.45  1556.28     1570        0        0        0        0        0        0        0        0        0 
38   127092  25179.6  19823.2  24322.5  7386.93  5941.29  6996.96  2836.31     5123  5331.73  2374.41  2657.53  1565.99  2038.41  2090.27  1423.46  1492.56  1240.17     1650        0        0        0        0        0        0        0        0        0        0 
39   127582  25669.5  20313.1  24812.3  7876.76  6431.12  7486.79  3326.14  5612.83  5821.56  2864.24  3147.36  2055.82  2528.24   2580.1  1913.29  1982.39     1730        0        0        0        0        0        0        0        0        0        0        0 
40   127672  25759.5  20403.1  24902.3  7966.76  6521.12  7576.79  3416.14  5702.83  5911.56  2954.24  3237.36  2145.82  2618.24   2670.1  2003.29  2072.39     1820        0        0        0        0        0        0        0        0        0        0        0 
41   127500  25587.1  20230.7  24729.9  7794.36  6348.73  7404.39  3243.75  5530.44  5739.17  2781.85  3064.97  1973.43  2445.84   2497.7   1830.9     1900        0        0        0        0        0        0        0        0        0        0        0        0 
42   127580  25667.1  20310.7  24809.9  7874.36  6428.73  7484.39  3323.75  5610.44  5819.17  2861.85  3144.97  2053.43  2525.84   2577.7   1910.9     1980        0        0        0        0        0        0        0        0        0        0        0        0 
43   127670  25757.1  20400.7  24899.9  7964.36  6518.73  7574.39  3413.75  5700.44  5909.17  2951.85  3234.97  2143.43  2615.84   2667.7   2000.9     2070        0        0        0        0        0        0        0        0        0        0        0        0 
44   127760  25847.1  20490.7  24989.9  8054.36  6608.73  7664.39  3503.75  5790.44  5999.17  3041.85  3324.97  2233.43  2705.84   2757.7   2090.9     2160        0        0        0        0        0        0        0        0        0        0        0        0 
45   127840  25927.1  20570.7  25069.9  8134.36  6688.73  7744.39  3583.75  5870.44  6079.17  3121.85  3404.97  2313.43  2785.84   2837.7   2170.9     2240        0        0        0        0        0        0        0        0        0        0        0        0 
46   127989  26076.2  20719.8    25219  8283.46  6837.83   7893.5  3732.85  6019.54  6228.27  3270.95  3554.07  2462.53  2934.95  2986.81     2320        0        0        0        0        0        0        0        0        0        0        0        0        0 
47   127412  25499.4    20143  24642.2  7706.66  6261.03  7316.69  3156.05  5442.73  5651.46  2694.15  2977.26  1885.72  2358.14     2410        0        0        0        0        0        0        0        0        0        0        0        0        0        0 
48   127482  25569.4    20213  24712.2  7776.66  6331.03  7386.69  3226.05  5512.73  5721.46  2764.15  3047.26  1955.72  2428.14     2480        0        0        0        0        0        0        0        0        0        0        0        0        0        0 
49   127876  25963.4    20607  25106.2  8170.66  6725.03  7780.69  3620.05  5906.73  6115.46  3158.15  3441.26  2349.72  2822.14     2874        0        0        0        0        0        0        0        0        0        0        0        0        0        0 
50   127948  26035.4    20679  25178.2  8242.66  6797.03  7852.69  3692.05  5978.73  6187.46  3230.15  3513.26  2421.72  2894.14     2946        0        0        0        0        0        0        0        0        0        0        0        0        0        0 
51   128023  26110.4    20754  25253.2  8317.66  6872.03  7927.69  3767.05  6053.73  6262.46  3305.15  3588.26  2496.72  2969.14     3021        0        0        0        0        0        0        0        0        0        0        0        0        0        0 
52   128103  26190.4    20834  25333.2  8397.66  6952.03  8007.69  3847.05  6133.73  6342.46  3385.15  3668.26  2576.72  3049.14     3101        0        0        0        0        0        0        0        0        0        0        0        0        0        0 
53   128180  26267.4    20911  25410.2  8474.66  7029.03  8084.69  3924.05  6210.73  6419.46  3462.15  3745.26  2653.72  3126.14     3178        0        0        0        0        0        0        0        0        0        0        0        0        0        0 
54   128253  26340.4    20984  25483.2  8547.66  7102.03  8157.69  3997.05  6283.73  6492.46  3535.15  3818.26  2726.72  3199.14     3251        0        0        0        0        0        0        0        0        0        0        0        0        0        0 
55   128404  26491.4    21135  25634.2  8698.66  7253.03  8308.69  4148.05  6434.73  6643.46  3686.15  3969.26  2877.72  3350.14     3402        0        0        0        0        0        0        0        0        0        0        0        0        0        0 
56   128533  26620.2  21263.8  25763.1  8827.52  7381.89  8437.55  4276.91  6563.59  6772.32  3815.01  4098.13  3006.58     3479        0        0        0        0        0        0        0        0        0        0        0        0        0        0        0 
57   129089  27176.6  21820.2  26319.5  9383.93   7938.3  8993.97  4833.32  7120.01  7328.74  4371.42  4654.54     3563        0        0        0        0        0        0        0        0        0        0        0        0        0        0        0        0 
58   129167  27254.6  21898.2  26397.5  9461.93   8016.3  9071.97  4911.32  7198.01  7406.74  4449.42  4732.54     3641        0        0        0        0        0        0        0        0        0        0        0        0        0        0        0        0 
59   128391  26478.1  21121.7    25621  8685.39  7239.76  8295.42  4134.78  6421.47   6630.2  3672.88     3956        0        0        0        0        0        0        0        0        0        0        0        0        0        0        0        0        0 
60   128468  26555.1  21198.7    25698  8762.39  7316.76  8372.42  4211.78  6498.47   6707.2  3749.88     4033        0        0        0        0        0        0        0        0        0        0        0        0        0        0        0        0        0 
61   128550  26637.1  21280.7    25780  8844.39  7398.76  8454.42  4293.78  6580.47   6789.2  3831.88     4115        0        0        0        0        0        0        0        0        0        0        0        0        0        0        0        0        0 
62   128626  26713.1  21356.7    25856  8920.39  7474.76  8530.42  4369.78  6656.47   6865.2  3907.88     4191        0        0        0        0        0        0        0        0        0        0        0        0        0        0        0        0        0 
63   129077  27164.1  21807.7    26307  9371.39  7925.76  8981.42  4820.78  7107.47   7316.2  4358.88     4642        0        0        0        0        0        0        0        0        0        0        0        0        0        0        0        0        0 
64   129451  27538.2  22181.8  26681.1  9745.51  8299.88  9355.54   5194.9  7481.59  7690.32     4733        0        0        0        0        0        0        0        0        0        0        0        0        0        0        0        0        0        0 
65   126720  24807.9  19451.5  23950.8  7015.19  5569.56  6625.23  2464.58  4751.27     4960        0        0        0        0        0        0        0        0        0        0        0        0        0        0        0        0        0        0        0 
66   126810  24897.9  19541.5  24040.8  7105.19  5659.56  6715.23  2554.58  4841.27     5050        0        0        0        0        0        0        0        0        0        0        0        0        0        0        0        0        0        0        0 
67   129800  27887.9  22531.5  27030.8  10095.2  8649.56  9705.23  5544.58  7831.27     8040        0        0        0        0        0        0        0        0        0        0        0        0        0        0        0        0        0        0        0 
68   129970  28057.9  22701.5  27200.8  10265.2  8819.56  9875.23  5714.58  8001.27     8210        0        0        0        0        0        0        0        0        0        0        0        0        0        0        0        0        0        0        0 
69   130150  28237.9  22881.5  27380.8  10445.2  8999.56  10055.2  5894.58  8181.27     8390        0        0        0        0        0        0        0        0        0        0        0        0        0        0        0        0        0        0        0 
70   130350  28437.9  23081.5  27580.8  10645.2  9199.56  10255.2  6094.58  8381.27     8590        0        0        0        0        0        0        0        0        0        0        0        0        0        0        0        0        0        0        0 
71   130530  28617.9  23261.5  27760.8  10825.2  9379.56  10435.2  6274.58  8561.27     8770        0        0        0        0        0        0        0        0        0        0        0        0        0        0        0        0        0        0        0 
72   130710  28797.9  23441.5  27940.8  11005.2  9559.56  10615.2  6454.58  8741.27     8950        0        0        0        0        0        0        0        0        0        0        0        0        0        0        0        0        0        0        0 
73   131140  29227.9  23871.5  28370.8  11435.2  9989.56  11045.2  6884.58  9171.27     9380        0        0        0        0        0        0        0        0        0        0        0        0        0        0        0        0        0        0        0 
74   131529  29616.6  24260.2  28759.5  11823.9  10378.3    11434  7273.31     9560        0        0        0        0        0        0        0        0        0        0        0        0        0        0        0        0        0        0        0        0 
75   134026  32113.3  26756.9  31256.2  14320.6    12875  13930.6     9770        0        0        0        0        0        0        0        0        0        0        0        0        0        0        0        0        0        0        0        0        0 
76   134216  32303.3  26946.9  31446.2  14510.6    13065  14120.6     9960        0        0        0        0        0        0        0        0        0        0        0        0        0        0        0        0        0        0        0        0        0 
77   130585  28672.7  23316.3  27815.6    10880  9434.34    10490        0        0        0        0        0        0        0        0        0        0        0        0        0        0        0        0        0        0        0        0        0        0 
78   130745  28832.7  23476.3  27975.6    11040  9594.34    10650        0        0        0        0        0        0        0        0        0        0        0        0        0        0        0        0        0        0        0        0        0        0 
79   130925  29012.7  23656.3  28155.6    11220  9774.34    10830        0        0        0        0        0        0        0        0        0        0        0        0        0        0        0        0        0        0        0        0        0        0 
80   131095  29182.7  23826.3  28325.6    11390  9944.34    11000        0        0        0        0        0        0        0        0        0        0        0        0        0        0        0        0        0        0        0        0        0        0 
81   132495  30582.7  25226.3  29725.6    12790  11344.3    12400        0        0        0        0        0        0        0        0        0        0        0        0        0        0        0        0        0        0        0        0        0        0 
82   133751  31838.3  26481.9  30981.2  14045.6    12600        0        0        0        0        0        0        0        0        0        0        0        0        0        0        0        0        0        0        0        0        0        0        0 
83   132705  30792.7  25436.3  29935.6    13000        0        0        0        0        0        0        0        0        0        0        0        0        0        0        0        0        0        0        0        0        0        0        0        0 
84   132895  30982.7  25626.3  30125.6    13190        0        0        0        0        0        0        0        0        0        0        0        0        0        0        0        0        0        0        0        0        0        0        0        0 
85   129880  27967.1  22610.7    27110        0        0        0        0        0        0        0        0        0        0        0        0        0        0        0        0        0        0        0        0        0        0        0        0        0 
86   130320  28407.1  23050.7    27550        0        0        0        0        0        0        0        0        0        0        0        0        0        0        0        0        0        0        0        0        0        0        0        0        0 
87   130810  28897.1  23540.7    28040        0        0        0        0        0        0        0        0        0        0        0        0        0        0        0        0        0        0        0        0        0        0        0        0        0 
88   131270  29357.1  24000.7    28500        0        0        0        0        0        0        0        0        0        0        0        0        0        0        0        0        0        0        0        0        0        0        0        0        0 
89   136470  34557.1  29200.7    33700        0        0        0        0        0        0        0        0        0        0        0        0        0        0        0        0        0        0        0        0        0        0        0        0        0 
90   141569  39656.4    34300        0        0        0        0        0        0        0        0        0        0        0        0        0        0        0        0        0        0        0        0        0        0        0        0        0        0 
91   137013    35100        0        0        0        0        0        0        0        0        0        0        0        0        0        0        0        0        0        0        0        0        0        0        0        0        0        0        0 
92   137462  35549.4        0        0        0        0        0        0        0        0        0        0        0        0        0        0        0        0        0        0        0        0        0        0        0        0        0        0        0 
93   139770        0        0        0        0        0        0        0        0        0        0        0        0        0        0        0        0        0        0        0        0        0        0        0        0        0        0        0        0 
94   142161        0        0        0        0        0        0        0        0        0        0        0        0        0        0        0        0        0        0        0        0        0        0        0        0        0        0        0        0 
