Q      1s      2s       2p       2p*      3s      3p        3p*      4s       3d       3d*      4p       4p*      5s       4d       4d*      5p       5p*      6s       4f       4f*      5d       5d*      6p       6p*      7s       5f       5f*      6d       6d*
 0   132551  25465.5    19576  24577.3  6625.94  5041.51  6220.84  1786.95  4181.59  4411.68  1280.57  1599.98  420.923   926.74  984.713  263.549  343.202  65.4181  521.039  536.624  134.771  147.012   26.893  40.3225  5.34002  9.53214  11.0728        0        0 
 1   132552  25466.3  19576.8  24578.1  6626.77  5042.34  6221.67  1787.78  4182.42   4412.5   1281.4   1600.8  421.751  927.568   985.54  264.376  344.029  66.2453  521.866  537.451  135.598   147.84  27.7202  41.1497   6.1672  10.3593     11.9        0        0 
 2   132561    25476  19586.5  24587.8  6636.47  5052.04  6231.37  1797.48  4192.12   4422.2   1291.1   1610.5  431.451  937.268   995.24  274.076  353.729  75.9453  531.566  547.151  145.298   157.54  37.4202  50.8497  15.8672  20.0593     21.6        0        0 
 3   132576  25490.4  19600.9  24602.2  6650.87  5066.44  6245.77  1811.88  4206.52   4436.6   1305.5   1624.9  445.851  951.668  1009.64  288.476  368.129  90.3453  545.966  561.551  159.698   171.94  51.8202  65.2497  30.2672  34.4593       36        0        0 
 4   132596  25510.4  19620.9  24622.2  6670.87  5086.44  6265.77  1831.88  4226.52   4456.6   1325.5   1644.9  465.851  971.668  1029.64  308.476  388.129  110.345  565.966  581.551  179.698   191.94  71.8202  85.2497  50.2672  54.4593       56        0        0 
 5   132610  25524.5    19635  24636.3  6684.97  5100.54  6279.87  1845.98  4240.62   4470.7   1339.6     1659  479.951  985.768  1043.74  322.576  402.229  124.445  580.066  595.651  193.798   206.04  85.9202  99.3497  64.3672  68.5593     70.1        0        0 
 6   132630  25544.4  19654.9  24656.2  6704.87  5120.44  6299.77  1865.88  4260.52   4490.6   1359.5   1678.9  499.851  1005.67  1063.64  342.476  422.129  144.345  599.966  615.551  213.698   225.94   105.82   119.25  84.2672  88.4593       90        0        0 
 7   132654  25568.4  19678.9  24680.2  6728.87  5144.44  6323.77  1889.88  4284.52   4514.6   1383.5   1702.9  523.851  1029.67  1087.64  366.476  446.129  168.345  623.966  639.551  237.698   249.94   129.82   143.25  108.267  112.459      114        0        0 
 8   132671    25586  19696.5  24697.8  6746.41  5161.98  6341.31  1907.42  4302.06  4532.14  1401.04  1720.44  541.391  1047.21  1105.18  384.017   463.67  185.886  641.507  657.092  255.238   267.48  147.361   160.79  125.808      130        0        0        0 
 9   132693  25607.2  19717.7    24719   6767.6  5183.17   6362.5  1928.61  4323.25  4553.34  1422.23  1741.64  562.583   1068.4  1126.37  405.209  484.862  207.078  662.699  678.284  276.431  288.672  168.553  181.982      147        0        0        0        0 
10   132717  25631.2  19741.7    24743   6791.6  5207.17   6386.5  1952.61  4347.25  4577.34  1446.23  1765.64  586.583   1092.4  1150.37  429.209  508.862  231.078  686.699  702.284  300.431  312.672  192.553  205.982      171        0        0        0        0 
11   132706  25620.2  19730.7    24732  6780.62  5196.19  6375.52  1941.63  4336.27  4566.35  1435.25  1754.65  575.601  1081.42  1139.39  418.227   497.88  220.096  675.716  691.302  289.448   301.69  181.571      195        0        0        0        0        0 
12   132729  25643.2  19753.7    24755  6803.62  5219.19  6398.52  1964.63  4359.27  4589.35  1458.25  1777.65  598.601  1104.42  1162.39  441.227   520.88  243.096  698.716  714.302  312.448   324.69  204.571      218        0        0        0        0        0 
13   132751  25665.2  19775.7    24777  6825.62  5241.19  6420.52  1986.63  4381.27  4611.35  1480.25  1799.65  620.601  1126.42  1184.39  463.227   542.88  265.096  720.716  736.302  334.448   346.69  226.571      240        0        0        0        0        0 
14   132770  25684.2  19794.7    24796  6844.62  5260.19  6439.52  2005.63  4400.27  4630.35  1499.25  1818.65  639.601  1145.42  1203.39  482.227   561.88  284.096  739.716  755.302  353.448   365.69  245.571      259        0        0        0        0        0 
15   132790  25704.2  19814.7    24816  6864.62  5280.19  6459.52  2025.63  4420.27  4650.35  1519.25  1838.65  659.601  1165.42  1223.39  502.227   581.88  304.096  759.716  775.302  373.448   385.69  265.571      279        0        0        0        0        0 
16   132827  25741.6  19852.1  24853.4  6902.05  5317.61  6496.95  2063.06   4457.7  4687.78  1556.68  1876.08   697.03  1202.85  1260.82  539.656  619.309  341.525  797.146  812.731  410.878  423.119      303        0        0        0        0        0        0 
17   132743  25657.5    19768  24769.3  6817.93   5233.5  6412.83  1978.94  4373.58  4603.66  1472.56  1791.96  612.911  1118.73   1176.7  455.537   535.19  257.406  713.027  728.612  326.758      339        0        0        0        0        0        0        0 
18   132765  25679.5    19790  24791.3  6839.93   5255.5  6434.83  2000.94  4395.58  4625.66  1494.56  1813.96  634.911  1140.73   1198.7  477.537   557.19  279.406  735.027  750.612  348.758      361        0        0        0        0        0        0        0 
19   132901  25815.5    19926  24927.3  6975.93   5391.5  6570.83  2136.94  4531.58  4761.66  1630.56  1949.96  770.911  1276.73   1334.7  613.537   693.19  415.406  871.027  886.612  484.758      497        0        0        0        0        0        0        0 
20   132930  25844.5    19955  24956.3  7004.93   5420.5  6599.83  2165.94  4560.58  4790.66  1659.56  1978.96  799.911  1305.73   1363.7  642.537   722.19  444.406  900.027  915.612  513.758      526        0        0        0        0        0        0        0 
21   132961  25875.5    19986  24987.3  7035.93   5451.5  6630.83  2196.94  4591.58  4821.66  1690.56  2009.96  830.911  1336.73   1394.7  673.537   753.19  475.406  931.027  946.612  544.758      557        0        0        0        0        0        0        0 
22   132994  25908.5    20019  25020.3  7068.93   5484.5  6663.83  2229.94  4624.58  4854.66  1723.56  2042.96  863.911  1369.73   1427.7  706.537   786.19  508.406  964.027  979.612  577.758      590        0        0        0        0        0        0        0 
23   133025  25939.5    20050  25051.3  7099.93   5515.5  6694.83  2260.94  4655.58  4885.66  1754.56  2073.96  894.911  1400.73   1458.7  737.537   817.19  539.406  995.027  1010.61  608.758      621        0        0        0        0        0        0        0 
24   133056  25970.5    20081  25082.3  7130.93   5546.5  6725.83  2291.94  4686.58  4916.66  1785.56  2104.96  925.911  1431.73   1489.7  768.537   848.19  570.406  1026.03  1041.61  639.758      652        0        0        0        0        0        0        0 
25   133104  26018.5    20129  25130.3  7178.93   5594.5  6773.83  2339.94  4734.58  4964.66  1833.56  2152.96  973.911  1479.73   1537.7  816.537   896.19  618.406  1074.03  1089.61  687.758      700        0        0        0        0        0        0        0 
26   133149  26063.7  20174.2  25175.6  7224.17  5639.74  6819.07  2385.18  4779.82  5009.91   1878.8   2198.2  1019.15  1524.97  1582.94  861.779  941.432  663.648  1119.27  1134.85      733        0        0        0        0        0        0        0        0 
27   132782  25696.9  19807.4  24808.7  6857.32  5272.88  6452.22  2018.32  4412.97  4643.05  1511.95  1831.35  652.299  1158.12  1216.09  494.925  574.578  296.794  752.415      768        0        0        0        0        0        0        0        0        0 
28   132814  25728.9  19839.4  24840.7  6889.32  5304.88  6484.22  2050.32  4444.97  4675.05  1543.95  1863.35  684.299  1190.12  1248.09  526.925  606.578  328.794  784.415      800        0        0        0        0        0        0        0        0        0 
29   132974  25888.9  19999.4  25000.7  7049.32  5464.88  6644.22  2210.32  4604.97  4835.05  1703.95  2023.35  844.299  1350.12  1408.09  686.925  766.578  488.794  944.415      960        0        0        0        0        0        0        0        0        0 
30   133014  25928.9  20039.4  25040.7  7089.32  5504.88  6684.22  2250.32  4644.97  4875.05  1743.95  2063.35  884.299  1390.12  1448.09  726.925  806.578  528.794  984.415     1000        0        0        0        0        0        0        0        0        0 
31   133054  25968.9  20079.4  25080.7  7129.32  5544.88  6724.22  2290.32  4684.97  4915.05  1783.95  2103.35  924.299  1430.12  1488.09  766.925  846.578  568.794  1024.41     1040        0        0        0        0        0        0        0        0        0 
32   133094  26008.9  20119.4  25120.7  7169.32  5584.88  6764.22  2330.32  4724.97  4955.05  1823.95  2143.35  964.299  1470.12  1528.09  806.925  886.578  608.794  1064.41     1080        0        0        0        0        0        0        0        0        0 
33   133214  26128.9  20239.4  25240.7  7289.32  5704.88  6884.22  2450.32  4844.97  5075.05  1943.95  2263.35   1084.3  1590.12  1648.09  926.925  1006.58  728.794  1184.41     1200        0        0        0        0        0        0        0        0        0 
34   133254  26168.9  20279.4  25280.7  7329.32  5744.88  6924.22  2490.32  4884.97  5115.05  1983.95  2303.35   1124.3  1630.12  1688.09  966.925  1046.58  768.794  1224.41     1240        0        0        0        0        0        0        0        0        0 
35   133374  26288.9  20399.4  25400.7  7449.32  5864.88  7044.22  2610.32  5004.97  5235.05  2103.95  2423.35   1244.3  1750.12  1808.09  1086.92  1166.58  888.794  1344.41     1360        0        0        0        0        0        0        0        0        0 
36   133424  26338.9  20449.4  25450.7  7499.32  5914.88  7094.22  2660.32  5054.97  5285.05  2153.95  2473.35   1294.3  1800.12  1858.09  1136.92  1216.58  938.794  1394.41     1410        0        0        0        0        0        0        0        0        0 
37   133564  26478.9  20589.4  25590.7  7639.32  6054.88  7234.22  2800.32  5194.97  5425.05  2293.95  2613.35   1434.3  1940.12  1998.09  1276.92  1356.58  1078.79  1534.41     1550        0        0        0        0        0        0        0        0        0 
38   133644  26558.9  20669.4  25670.7  7719.32  6134.88  7314.22  2880.32  5274.97  5505.05  2373.95  2693.35   1514.3  2020.12  2078.09  1356.92  1436.58  1158.79  1614.41     1630        0        0        0        0        0        0        0        0        0 
39   133734  26648.9  20759.4  25760.7  7809.32  6224.88  7404.22  2970.32  5364.97  5595.05  2463.95  2783.35   1604.3  2110.12  2168.09  1446.92  1526.58  1248.79  1704.41     1720        0        0        0        0        0        0        0        0        0 
40   133830  26744.5    20855  25856.3   7904.9  6320.47   7499.8  3065.91  5460.55  5690.64  2559.53  2878.94  1699.88   2205.7  2263.67  1542.51  1622.16  1344.38     1800        0        0        0        0        0        0        0        0        0        0 
41   134376  27290.1  21400.6  26401.9  8450.52  6866.09  8045.42  3611.53  6006.17  6236.26  3105.15  3424.56  2245.51  2751.32  2809.29  2088.13  2167.78     1890        0        0        0        0        0        0        0        0        0        0        0 
42   134456  27370.1  21480.6  26481.9  8530.52  6946.09  8125.42  3691.53  6086.17  6316.26  3185.15  3504.56  2325.51  2831.32  2889.29  2168.13  2247.78     1970        0        0        0        0        0        0        0        0        0        0        0 
43   134258  27172.3  21282.8  26284.1  8332.74  6748.31  7927.64  3493.75  5888.39  6118.47  2987.37  3306.77  2127.72  2633.54  2691.51  1970.35     2050        0        0        0        0        0        0        0        0        0        0        0        0 
44   134348  27262.3  21372.8  26374.1  8422.74  6838.31  8017.64  3583.75  5978.39  6208.47  3077.37  3396.77  2217.72  2723.54  2781.51  2060.35     2140        0        0        0        0        0        0        0        0        0        0        0        0 
45   134448  27362.3  21472.8  26474.1  8522.74  6938.31  8117.64  3683.75  6078.39  6308.47  3177.37  3496.77  2317.72  2823.54  2881.51  2160.35     2240        0        0        0        0        0        0        0        0        0        0        0        0 
46   134528  27442.3  21552.8  26554.1  8602.74  7018.31  8197.64  3763.75  6158.39  6388.47  3257.37  3576.77  2397.72  2903.54  2961.51  2240.35     2320        0        0        0        0        0        0        0        0        0        0        0        0 
47   134618  27532.3  21642.8  26644.1  8692.74  7108.31  8287.64  3853.75  6248.39  6478.47  3347.37  3666.77  2487.72  2993.54  3051.51  2330.35     2410        0        0        0        0        0        0        0        0        0        0        0        0 
48   134777    27692  21802.5  26803.8  8852.39  7267.96  8447.29   4013.4  6408.04  6638.13  3507.02  3826.43  2647.37  3153.19  3211.16     2490        0        0        0        0        0        0        0        0        0        0        0        0        0 
49   134146  27060.8  21171.3  26172.6  8221.23   6636.8  7816.13  3382.24  5776.88  6006.96  2875.86  3195.26  2016.21  2522.03     2580        0        0        0        0        0        0        0        0        0        0        0        0        0        0 
50   134236  27150.8  21261.3  26262.6  8311.23   6726.8  7906.13  3472.24  5866.88  6096.96  2965.86  3285.26  2106.21  2612.03     2670        0        0        0        0        0        0        0        0        0        0        0        0        0        0 
51   134646  27560.8  21671.3  26672.6  8721.23   7136.8  8316.13  3882.24  6276.88  6506.96  3375.86  3695.26  2516.21  3022.03     3080        0        0        0        0        0        0        0        0        0        0        0        0        0        0 
52   134720  27634.8  21745.3  26746.6  8795.23   7210.8  8390.13  3956.24  6350.88  6580.96  3449.86  3769.26  2590.21  3096.03     3154        0        0        0        0        0        0        0        0        0        0        0        0        0        0 
53   134798  27712.8  21823.3  26824.6  8873.23   7288.8  8468.13  4034.24  6428.88  6658.96  3527.86  3847.26  2668.21  3174.03     3232        0        0        0        0        0        0        0        0        0        0        0        0        0        0 
54   134881  27795.8  21906.3  26907.6  8956.23   7371.8  8551.13  4117.24  6511.88  6741.96  3610.86  3930.26  2751.21  3257.03     3315        0        0        0        0        0        0        0        0        0        0        0        0        0        0 
55   134959  27873.8  21984.3  26985.6  9034.23   7449.8  8629.13  4195.24  6589.88  6819.96  3688.86  4008.26  2829.21  3335.03     3393        0        0        0        0        0        0        0        0        0        0        0        0        0        0 
56   135035  27949.8  22060.3  27061.6  9110.23   7525.8  8705.13  4271.24  6665.88  6895.96  3764.86  4084.26  2905.21  3411.03     3469        0        0        0        0        0        0        0        0        0        0        0        0        0        0 
57   135196  28110.8  22221.3  27222.6  9271.23   7686.8  8866.13  4432.24  6826.88  7056.96  3925.86  4245.26  3066.21  3572.03     3630        0        0        0        0        0        0        0        0        0        0        0        0        0        0 
58   135333  28247.8  22358.3  27359.6   9408.2  7823.77   9003.1  4569.21  6963.85  7193.94  4062.83  4382.23  3203.18     3709        0        0        0        0        0        0        0        0        0        0        0        0        0        0        0 
59   135927  28841.6  22952.1  27953.4    10002  8417.58  9596.92  5163.03  7557.67  7787.75  4656.65  4976.05     3797        0        0        0        0        0        0        0        0        0        0        0        0        0        0        0        0 
60   136007  28921.6  23032.1  28033.4    10082  8497.58  9676.92  5243.03  7637.67  7867.75  4736.65  5056.05     3877        0        0        0        0        0        0        0        0        0        0        0        0        0        0        0        0 
61   135153  28067.5    22178  27179.3  9227.96  7643.53  8822.87  4388.97  6783.61   7013.7   3882.6     4202        0        0        0        0        0        0        0        0        0        0        0        0        0        0        0        0        0 
62   135232  28146.5    22257  27258.3  9306.96  7722.53  8901.87  4467.97  6862.61   7092.7   3961.6     4281        0        0        0        0        0        0        0        0        0        0        0        0        0        0        0        0        0 
63   135316  28230.5    22341  27342.3  9390.96  7806.53  8985.87  4551.97  6946.61   7176.7   4045.6     4365        0        0        0        0        0        0        0        0        0        0        0        0        0        0        0        0        0 
64   135396  28310.5    22421  27422.3  9470.96  7886.53  9065.87  4631.97  7026.61   7256.7   4125.6     4445        0        0        0        0        0        0        0        0        0        0        0        0        0        0        0        0        0 
65   135891  28805.5    22916  27917.3  9965.96  8381.53  9560.87  5126.97  7521.61   7751.7   4620.6     4940        0        0        0        0        0        0        0        0        0        0        0        0        0        0        0        0        0 
66   136310  29224.9  23335.4  28336.7  10385.4  8800.94  9980.27  5546.38  7941.02   8171.1     5040        0        0        0        0        0        0        0        0        0        0        0        0        0        0        0        0        0        0 
67   133409  26323.8  20434.3  25435.6  7484.26  5899.83  7079.17  2645.27  5039.91     5270        0        0        0        0        0        0        0        0        0        0        0        0        0        0        0        0        0        0        0 
68   133499  26413.8  20524.3  25525.6  7574.26  5989.83  7169.17  2735.27  5129.91     5360        0        0        0        0        0        0        0        0        0        0        0        0        0        0        0        0        0        0        0 
69   136639  29553.8  23664.3  28665.6  10714.3  9129.83  10309.2  5875.27  8269.91     8500        0        0        0        0        0        0        0        0        0        0        0        0        0        0        0        0        0        0        0 
70   136809  29723.8  23834.3  28835.6  10884.3  9299.83  10479.2  6045.27  8439.91     8670        0        0        0        0        0        0        0        0        0        0        0        0        0        0        0        0        0        0        0 
71   136989  29903.8  24014.3  29015.6  11064.3  9479.83  10659.2  6225.27  8619.91     8850        0        0        0        0        0        0        0        0        0        0        0        0        0        0        0        0        0        0        0 
72   137189  30103.8  24214.3  29215.6  11264.3  9679.83  10859.2  6425.27  8819.91     9050        0        0        0        0        0        0        0        0        0        0        0        0        0        0        0        0        0        0        0 
73   137379  30293.8  24404.3  29405.6  11454.3  9869.83  11049.2  6615.27  9009.91     9240        0        0        0        0        0        0        0        0        0        0        0        0        0        0        0        0        0        0        0 
74   137559  30473.8  24584.3  29585.6  11634.3  10049.8  11229.2  6795.27  9189.91     9420        0        0        0        0        0        0        0        0        0        0        0        0        0        0        0        0        0        0        0 
75   138019  30933.8  25044.3  30045.6  12094.3  10509.8  11689.2  7255.27  9649.91     9880        0        0        0        0        0        0        0        0        0        0        0        0        0        0        0        0        0        0        0 
76   138439  31353.9  25464.4  30465.7  12514.3  10929.9  12109.3  7675.36    10070        0        0        0        0        0        0        0        0        0        0        0        0        0        0        0        0        0        0        0        0 
77   141044  33958.6  28069.1  33070.4    15119  13534.6  14713.9    10280        0        0        0        0        0        0        0        0        0        0        0        0        0        0        0        0        0        0        0        0        0 
78   141244  34158.6  28269.1  33270.4    15319  13734.6  14913.9    10480        0        0        0        0        0        0        0        0        0        0        0        0        0        0        0        0        0        0        0        0        0 
79   137350  30264.7  24375.2  29376.5  11425.1  9840.67    11020        0        0        0        0        0        0        0        0        0        0        0        0        0        0        0        0        0        0        0        0        0        0 
80   137520  30434.7  24545.2  29546.5  11595.1  10010.7    11190        0        0        0        0        0        0        0        0        0        0        0        0        0        0        0        0        0        0        0        0        0        0 
81   137710  30624.7  24735.2  29736.5  11785.1  10200.7    11380        0        0        0        0        0        0        0        0        0        0        0        0        0        0        0        0        0        0        0        0        0        0 
82   137880  30794.7  24905.2  29906.5  11955.1  10370.7    11550        0        0        0        0        0        0        0        0        0        0        0        0        0        0        0        0        0        0        0        0        0        0 
83   139420  32334.7  26445.2  31446.5  13495.1  11910.7    13090        0        0        0        0        0        0        0        0        0        0        0        0        0        0        0        0        0        0        0        0        0        0 
84   140809    33724  27834.5  32835.8  14884.4    13300        0        0        0        0        0        0        0        0        0        0        0        0        0        0        0        0        0        0        0        0        0        0        0 
85   139645  32559.6  26670.1  31671.4    13720        0        0        0        0        0        0        0        0        0        0        0        0        0        0        0        0        0        0        0        0        0        0        0        0 
86   139835  32749.6  26860.1  31861.4    13910        0        0        0        0        0        0        0        0        0        0        0        0        0        0        0        0        0        0        0        0        0        0        0        0 
87   136354  29268.2  23378.7    28380        0        0        0        0        0        0        0        0        0        0        0        0        0        0        0        0        0        0        0        0        0        0        0        0        0 
88   136774  29688.2  23798.7    28800        0        0        0        0        0        0        0        0        0        0        0        0        0        0        0        0        0        0        0        0        0        0        0        0        0 
89   137274  30188.2  24298.7    29300        0        0        0        0        0        0        0        0        0        0        0        0        0        0        0        0        0        0        0        0        0        0        0        0        0 
90   137774  30688.2  24798.7    29800        0        0        0        0        0        0        0        0        0        0        0        0        0        0        0        0        0        0        0        0        0        0        0        0        0 
91   143474  36388.2  30498.7    35500        0        0        0        0        0        0        0        0        0        0        0        0        0        0        0        0        0        0        0        0        0        0        0        0        0 
92   149175  42089.5    36200        0        0        0        0        0        0        0        0        0        0        0        0        0        0        0        0        0        0        0        0        0        0        0        0        0        0 
93   144085    37000        0        0        0        0        0        0        0        0        0        0        0        0        0        0        0        0        0        0        0        0        0        0        0        0        0        0        0 
94   144543  37457.6        0        0        0        0        0        0        0        0        0        0        0        0        0        0        0        0        0        0        0        0        0        0        0        0        0        0        0 
95   146905        0        0        0        0        0        0        0        0        0        0        0        0        0        0        0        0        0        0        0        0        0        0        0        0        0        0        0        0 
96   149398        0        0        0        0        0        0        0        0        0        0        0        0        0        0        0        0        0        0        0        0        0        0        0        0        0        0        0        0 
