Q      1s      2s       2p       2p*      3s      3p        3p*      4s       3d       3d*      4p       4p*      5s       4d       4d*      5p       5p*      6s       4f       4f*      5d       5d*      6p       6p*      7s       5f       5f*      6d       6d*
 0   122692  23294.7  18187.4  22453.2  6006.59  4625.82  5624.15  1594.91  3827.65  4026.29   1153.8  1420.17  370.675  826.459  875.454  235.128  299.374  59.2835  446.605  459.451  117.719  127.563  25.5671  36.4815  5.13902  7.09972  8.10331        0        0 
 1   122696  23298.1  18190.8  22456.6  6009.98  4629.22  5627.54  1598.31  3831.05  4029.69   1157.2  1423.57  374.072  829.856   878.85  238.525  302.771  62.6802  450.001  462.847  121.116  130.959  28.9638  39.8782  8.53571  10.4964     11.5        0        0 
 2   122705  23307.7  18200.4  22466.2  6019.58  4638.82  5637.14  1607.91  3840.65  4039.29   1166.8  1433.17  383.672  839.456   888.45  248.125  312.371  72.2802  459.601  472.447  130.716  140.559  38.5638  49.4782  18.1357  20.0964     21.1        0        0 
 3   122719  23321.6  18214.3  22480.1  6033.48  4652.72  5651.04  1621.81  3854.55  4053.19   1180.7  1447.07  397.572  853.356   902.35  262.025  326.271  86.1802  473.501  486.347  144.616  154.459  52.4638  63.3782  32.0357  33.9964       35        0        0 
 4   122733  23335.6  18228.3  22494.1  6047.48  4666.72  5665.04  1635.81  3868.55  4067.19   1194.7  1461.07  411.572  867.356   916.35  276.025  340.271   100.18  487.501  500.347  158.616  168.459  66.4638  77.3782  46.0357  47.9964       49        0        0 
 5   122765  23367.6  18260.3  22526.1  6079.49  4698.72  5697.05  1667.81  3900.55  4099.19   1226.7  1493.07  443.575  899.359  948.354  308.028  372.275  132.184  519.505  532.351   190.62  200.463  98.4673  109.382  78.0393       80        0        0        0 
 6   122782  23384.5  18277.2  22543.1  6096.45  4715.69  5714.01  1684.77  3917.51  4116.15  1243.66  1510.03  460.536   916.32  965.315  324.989  389.235  149.145  536.466  549.312   207.58  217.424  115.428  126.343       95        0        0        0        0 
 7   122796  23398.5  18291.2  22557.1  6110.45  4729.69  5728.01  1698.77  3931.51  4130.15  1257.66  1524.03  474.536   930.32  979.315  338.989  403.235  163.145  550.466  563.312   221.58  231.424  129.428  140.343      109        0        0        0        0 
 8   122780  23382.2  18274.9  22540.7  6094.11  4713.34  5711.67  1682.43  3915.17  4113.81  1241.32  1507.69  458.193  913.978  962.972  322.646  386.893  146.802  534.123  546.969  205.238  215.081  113.086      124        0        0        0        0        0 
 9   122795  23397.2  18289.9  22555.7  6109.11  4728.34  5726.67  1697.43  3930.17  4128.81  1256.32  1522.69  473.193  928.978  977.972  337.646  401.893  161.802  549.123  561.969  220.238  230.081  128.086      139        0        0        0        0        0 
10   122815  23417.2  18309.9  22575.7  6129.11  4748.34  5746.67  1717.43  3950.17  4148.81  1276.32  1542.69  493.193  948.978  997.972  357.646  421.893  181.802  569.123  581.969  240.238  250.081  148.086      159        0        0        0        0        0 
11   122835  23437.2  18329.9  22595.7  6149.11  4768.34  5766.67  1737.43  3970.17  4168.81  1296.32  1562.69  513.193  968.978  1017.97  377.646  441.893  201.802  589.123  601.969  260.238  270.081  168.086      179        0        0        0        0        0 
12   122856  23458.2  18350.9  22616.7  6170.11  4789.34  5787.67  1758.43  3991.17  4189.81  1317.32  1583.69  534.193  989.978  1038.97  398.646  462.893  222.802  610.123  622.969  281.238  291.081  189.086      200        0        0        0        0        0 
13   122886  23488.1  18380.8  22646.6  6200.02  4819.26  5817.58  1788.34  4021.08  4219.72  1347.24  1613.61  564.108  1019.89  1068.89  428.561  492.807  252.716  640.038  652.884  311.152  320.996      219        0        0        0        0        0        0 
14   122823  23425.1  18317.8  22583.6  6137.02  4756.26  5754.58  1725.35  3958.09  4156.73  1284.24  1550.61  501.112  956.896  1005.89  365.565  429.812  189.721  577.042  589.888  248.157      258        0        0        0        0        0        0        0 
15   122843  23445.1  18337.8  22603.6  6157.02  4776.26  5774.58  1745.35  3978.09  4176.73  1304.24  1570.61  521.112  976.896  1025.89  385.565  449.812  209.721  597.042  609.888  268.157      278        0        0        0        0        0        0        0 
16   122954  23556.1  18448.8  22714.6  6268.02  4887.26  5885.58  1856.35  4089.09  4287.73  1415.24  1681.61  632.112   1087.9  1136.89  496.565  560.812  320.721  708.042  720.888  379.157      389        0        0        0        0        0        0        0 
17   122981  23583.1  18475.8  22741.6  6295.02  4914.26  5912.58  1883.35  4116.09  4314.73  1442.24  1708.61  659.112   1114.9  1163.89  523.565  587.812  347.721  735.042  747.888  406.157      416        0        0        0        0        0        0        0 
18   123009  23611.1  18503.8  22769.6  6323.02  4942.26  5940.58  1911.35  4144.09  4342.73  1470.24  1736.61  687.112   1142.9  1191.89  551.565  615.812  375.721  763.042  775.888  434.157      444        0        0        0        0        0        0        0 
19   123039  23641.1  18533.8  22799.6  6353.02  4972.26  5970.58  1941.35  4174.09  4372.73  1500.24  1766.61  717.112   1172.9  1221.89  581.565  645.812  405.721  793.042  805.888  464.157      474        0        0        0        0        0        0        0 
20   123068  23670.1  18562.8  22828.6  6382.02  5001.26  5999.58  1970.35  4203.09  4401.73  1529.24  1795.61  746.112   1201.9  1250.89  610.565  674.812  434.721  822.042  834.888  493.157      503        0        0        0        0        0        0        0 
21   123097  23699.1  18591.8  22857.6  6411.02  5030.26  6028.58  1999.35  4232.09  4430.73  1558.24  1824.61  775.112   1230.9  1279.89  639.565  703.812  463.721  851.042  863.888  522.157      532        0        0        0        0        0        0        0 
22   123140  23742.1  18634.8  22900.6  6454.02  5073.26  6071.58  2042.35  4275.09  4473.73  1601.24  1867.61  818.112   1273.9  1322.89  682.565  746.812  506.721  894.042  906.888  565.157      575        0        0        0        0        0        0        0 
23   123179  23781.9  18674.6  22940.5  6493.87   5113.1  6111.43  2082.19  4314.93  4513.57  1641.08  1907.45  857.955  1313.74  1362.73  722.409  786.655  546.564  933.885  946.731      605        0        0        0        0        0        0        0        0 
24   122870  23472.2  18364.9  22630.8  6184.14  4803.37   5801.7  1772.46   4005.2  4203.84  1331.35  1597.72  548.224  1004.01     1053  412.677  476.924  236.833  624.154      637        0        0        0        0        0        0        0        0        0 
25   122901  23503.2  18395.9  22661.8  6215.14  4834.37   5832.7  1803.46   4036.2  4234.84  1362.35  1628.72  579.224  1035.01     1084  443.677  507.924  267.833  655.154      668        0        0        0        0        0        0        0        0        0 
26   123053  23655.2  18547.9  22813.8  6367.14  4986.37   5984.7  1955.46   4188.2  4386.84  1514.35  1780.72  731.224  1187.01     1236  595.677  659.924  419.833  807.154      820        0        0        0        0        0        0        0        0        0 
27   123083  23685.2  18577.9  22843.8  6397.14  5016.37   6014.7  1985.46   4218.2  4416.84  1544.35  1810.72  761.224  1217.01     1266  625.677  689.924  449.833  837.154      850        0        0        0        0        0        0        0        0        0 
28   123123  23725.2  18617.9  22883.8  6437.14  5056.37   6054.7  2025.46   4258.2  4456.84  1584.35  1850.72  801.224  1257.01     1306  665.677  729.924  489.833  877.154      890        0        0        0        0        0        0        0        0        0 
29   123163  23765.2  18657.9  22923.8  6477.14  5096.37   6094.7  2065.46   4298.2  4496.84  1624.35  1890.72  841.224  1297.01     1346  705.677  769.924  529.833  917.154      930        0        0        0        0        0        0        0        0        0 
30   123263  23865.2  18757.9  23023.8  6577.14  5196.37   6194.7  2165.46   4398.2  4596.84  1724.35  1990.72  941.224  1397.01     1446  805.677  869.924  629.833  1017.15     1030        0        0        0        0        0        0        0        0        0 
31   123303  23905.2  18797.9  23063.8  6617.14  5236.37   6234.7  2205.46   4438.2  4636.84  1764.35  2030.72  981.224  1437.01     1486  845.677  909.924  669.833  1057.15     1070        0        0        0        0        0        0        0        0        0 
32   123413  24015.2  18907.9  23173.8  6727.14  5346.37   6344.7  2315.46   4548.2  4746.84  1874.35  2140.72  1091.22  1547.01     1596  955.677  1019.92  779.833  1167.15     1180        0        0        0        0        0        0        0        0        0 
33   123453  24055.2  18947.9  23213.8  6767.14  5386.37   6384.7  2355.46   4588.2  4786.84  1914.35  2180.72  1131.22  1587.01     1636  995.677  1059.92  819.833  1207.15     1220        0        0        0        0        0        0        0        0        0 
34   123573  24175.2  19067.9  23333.8  6887.14  5506.37   6504.7  2475.46   4708.2  4906.84  2034.35  2300.72  1251.22  1707.01     1756  1115.68  1179.92  939.833  1327.15     1340        0        0        0        0        0        0        0        0        0 
35   123653  24255.2  19147.9  23413.8  6967.14  5586.37   6584.7  2555.46   4788.2  4986.84  2114.35  2380.72  1331.22  1787.01     1836  1195.68  1259.92  1019.83  1407.15     1420        0        0        0        0        0        0        0        0        0 
36   123733  24335.2  19227.9  23493.8  7047.14  5666.37   6664.7  2635.46   4868.2  5066.84  2194.35  2460.72  1411.22  1867.01     1916  1275.68  1339.92  1099.83  1487.15     1500        0        0        0        0        0        0        0        0        0 
37   123826  24428.1  19320.8  23586.6  7139.98  5759.22  6757.54  2728.31  4961.04  5159.69   2287.2  2553.57  1504.07  1959.85  2008.85  1368.52  1432.77  1192.68     1580        0        0        0        0        0        0        0        0        0        0 
38   124293  24895.4  19788.1  24053.9   7607.3  6226.54  7224.86  3195.63  5428.37  5627.01  2754.52  3020.89  1971.39  2427.18  2476.17  1835.84  1900.09     1660        0        0        0        0        0        0        0        0        0        0        0 
39   124373  24975.4  19868.1  24133.9   7687.3  6306.54  7304.86  3275.63  5508.37  5707.01  2834.52  3100.89  2051.39  2507.18  2556.17  1915.84  1980.09     1740        0        0        0        0        0        0        0        0        0        0        0 
40   124213  24815.3    19708  23973.8  7527.21  6146.45  7144.77  3115.54  5348.27  5546.92  2674.43   2940.8   1891.3  2347.08  2396.08  1755.75     1820        0        0        0        0        0        0        0        0        0        0        0        0 
41   124283  24885.3    19778  24043.8  7597.21  6216.45  7214.77  3185.54  5418.27  5616.92  2744.43   3010.8   1961.3  2417.08  2466.08  1825.75     1890        0        0        0        0        0        0        0        0        0        0        0        0 
42   124383  24985.3    19878  24143.8  7697.21  6316.45  7314.77  3285.54  5518.27  5716.92  2844.43   3110.8   2061.3  2517.08  2566.08  1925.75     1990        0        0        0        0        0        0        0        0        0        0        0        0 
43   124463  25065.3    19958  24223.8  7777.21  6396.45  7394.77  3365.54  5598.27  5796.92  2924.43   3190.8   2141.3  2597.08  2646.08  2005.75     2070        0        0        0        0        0        0        0        0        0        0        0        0 
44   124543  25145.3    20038  24303.8  7857.21  6476.45  7474.77  3445.54  5678.27  5876.92  3004.43   3270.8   2221.3  2677.08  2726.08  2085.75     2150        0        0        0        0        0        0        0        0        0        0        0        0 
45   124687  25289.5  20182.2  24448.1  8001.46   6620.7  7619.02  3589.78  5822.52  6021.16  3148.67  3415.05  2365.55  2821.33  2870.33     2230        0        0        0        0        0        0        0        0        0        0        0        0        0 
46   124127  24729.2  19621.9  23887.7  7441.13  6060.37  7058.69  3029.46   5262.2  5460.84  2588.35  2854.72  1805.22  2261.01     2310        0        0        0        0        0        0        0        0        0        0        0        0        0        0 
47   124207  24809.2  19701.9  23967.7  7521.13  6140.37  7138.69  3109.46   5342.2  5540.84  2668.35  2934.72  1885.22  2341.01     2390        0        0        0        0        0        0        0        0        0        0        0        0        0        0 
48   124591  25193.2  20085.9  24351.7  7905.13  6524.37  7522.69  3493.46   5726.2  5924.84  3052.35  3318.72  2269.22  2725.01     2774        0        0        0        0        0        0        0        0        0        0        0        0        0        0 
49   124661  25263.2  20155.9  24421.7  7975.13  6594.37  7592.69  3563.46   5796.2  5994.84  3122.35  3388.72  2339.22  2795.01     2844        0        0        0        0        0        0        0        0        0        0        0        0        0        0 
50   124735  25337.2  20229.9  24495.7  8049.13  6668.37  7666.69  3637.46   5870.2  6068.84  3196.35  3462.72  2413.22  2869.01     2918        0        0        0        0        0        0        0        0        0        0        0        0        0        0 
51   124814  25416.2  20308.9  24574.7  8128.13  6747.37  7745.69  3716.46   5949.2  6147.84  3275.35  3541.72  2492.22  2948.01     2997        0        0        0        0        0        0        0        0        0        0        0        0        0        0 
52   124889  25491.2  20383.9  24649.7  8203.13  6822.37  7820.69  3791.46   6024.2  6222.84  3350.35  3616.72  2567.22  3023.01     3072        0        0        0        0        0        0        0        0        0        0        0        0        0        0 
53   124963  25565.2  20457.9  24723.7  8277.13  6896.37  7894.69  3865.46   6098.2  6296.84  3424.35  3690.72  2641.22  3097.01     3146        0        0        0        0        0        0        0        0        0        0        0        0        0        0 
54   125107  25709.2  20601.9  24867.7  8421.13  7040.37  8038.69  4009.46   6242.2  6440.84  3568.35  3834.72  2785.22  3241.01     3290        0        0        0        0        0        0        0        0        0        0        0        0        0        0 
55   125232  25834.2  20726.9  24992.7  8546.13  7165.37  8163.69  4134.45  6367.19  6565.83  3693.34  3959.71  2910.22     3366        0        0        0        0        0        0        0        0        0        0        0        0        0        0        0 
56   125770    26373  21265.7  25531.5  9084.91  7704.15  8702.47  4673.24  6905.97  7104.62  4232.13   4498.5     3449        0        0        0        0        0        0        0        0        0        0        0        0        0        0        0        0 
57   125848    26451  21343.7  25609.5  9162.91  7782.15  8780.47  4751.24  6983.97  7182.62  4310.13   4576.5     3527        0        0        0        0        0        0        0        0        0        0        0        0        0        0        0        0 
58   125108  25710.5  20603.2    24869  8422.41  7041.65  8039.97  4010.74  6243.47  6442.12  3569.63     3836        0        0        0        0        0        0        0        0        0        0        0        0        0        0        0        0        0 
59   125183  25785.5  20678.2    24944  8497.41  7116.65  8114.97  4085.74  6318.47  6517.12  3644.63     3911        0        0        0        0        0        0        0        0        0        0        0        0        0        0        0        0        0 
60   125265  25867.5  20760.2    25026  8579.41  7198.65  8196.97  4167.74  6400.47  6599.12  3726.63     3993        0        0        0        0        0        0        0        0        0        0        0        0        0        0        0        0        0 
61   125340  25942.5  20835.2    25101  8654.41  7273.65  8271.97  4242.74  6475.47  6674.12  3801.63     4068        0        0        0        0        0        0        0        0        0        0        0        0        0        0        0        0        0 
62   125768  26370.5  21263.2    25529  9082.41  7701.65  8699.97  4670.74  6903.47  7102.12  4229.63     4496        0        0        0        0        0        0        0        0        0        0        0        0        0        0        0        0        0 
63   126123  26725.9  21618.6  25884.4  9437.78  8057.02  9055.34  5026.11  7258.85  7457.49     4585        0        0        0        0        0        0        0        0        0        0        0        0        0        0        0        0        0        0 
64   123473  24075.4  18968.1  23233.9   6787.3  5406.53  6404.86  2375.62  4608.36     4807        0        0        0        0        0        0        0        0        0        0        0        0        0        0        0        0        0        0        0 
65   123556  24158.4  19051.1  23316.9   6870.3  5489.53  6487.86  2458.62  4691.36     4890        0        0        0        0        0        0        0        0        0        0        0        0        0        0        0        0        0        0        0 
66   126496  27098.4  21991.1  26256.9   9810.3  8429.53  9427.86  5398.62  7631.36     7830        0        0        0        0        0        0        0        0        0        0        0        0        0        0        0        0        0        0        0 
67   126656  27258.4  22151.1  26416.9   9970.3  8589.53  9587.86  5558.62  7791.36     7990        0        0        0        0        0        0        0        0        0        0        0        0        0        0        0        0        0        0        0 
68   126836  27438.4  22331.1  26596.9  10150.3  8769.53  9767.86  5738.62  7971.36     8170        0        0        0        0        0        0        0        0        0        0        0        0        0        0        0        0        0        0        0 
69   127026  27628.4  22521.1  26786.9  10340.3  8959.53  9957.86  5928.62  8161.36     8360        0        0        0        0        0        0        0        0        0        0        0        0        0        0        0        0        0        0        0 
70   127206  27808.4  22701.1  26966.9  10520.3  9139.53  10137.9  6108.62  8341.36     8540        0        0        0        0        0        0        0        0        0        0        0        0        0        0        0        0        0        0        0 
71   127376  27978.4  22871.1  27136.9  10690.3  9309.53  10307.9  6278.62  8511.36     8710        0        0        0        0        0        0        0        0        0        0        0        0        0        0        0        0        0        0        0 
72   127796  28398.4  23291.1  27556.9  11110.3  9729.53  10727.9  6698.62  8931.36     9130        0        0        0        0        0        0        0        0        0        0        0        0        0        0        0        0        0        0        0 
73   128175    28777  23669.7  27935.6  11488.9  10108.2  11106.5  7077.26     9310        0        0        0        0        0        0        0        0        0        0        0        0        0        0        0        0        0        0        0        0 
74   130617  31219.7  26112.4  30378.3  13931.7  12550.9  13549.2     9520        0        0        0        0        0        0        0        0        0        0        0        0        0        0        0        0        0        0        0        0        0 
75   130797  31399.7  26292.4  30558.3  14111.7  12730.9  13729.2     9700        0        0        0        0        0        0        0        0        0        0        0        0        0        0        0        0        0        0        0        0        0 
76   127298  27900.5  22793.2  27059.1  10612.4  9231.68    10230        0        0        0        0        0        0        0        0        0        0        0        0        0        0        0        0        0        0        0        0        0        0 
77   127458  28060.5  22953.2  27219.1  10772.4  9391.68    10390        0        0        0        0        0        0        0        0        0        0        0        0        0        0        0        0        0        0        0        0        0        0 
78   127638  28240.5  23133.2  27399.1  10952.4  9571.68    10570        0        0        0        0        0        0        0        0        0        0        0        0        0        0        0        0        0        0        0        0        0        0 
79   127798  28400.5  23293.2  27559.1  11112.4  9731.68    10730        0        0        0        0        0        0        0        0        0        0        0        0        0        0        0        0        0        0        0        0        0        0 
80   129128  29730.5  24623.2  28889.1  12442.4  11061.7    12060        0        0        0        0        0        0        0        0        0        0        0        0        0        0        0        0        0        0        0        0        0        0 
81   130326  30928.8  25821.5  30087.4  13640.8    12260        0        0        0        0        0        0        0        0        0        0        0        0        0        0        0        0        0        0        0        0        0        0        0 
82   129346  29948.1  24840.8  29106.6    12660        0        0        0        0        0        0        0        0        0        0        0        0        0        0        0        0        0        0        0        0        0        0        0        0 
83   129526  30128.1  25020.8  29286.6    12840        0        0        0        0        0        0        0        0        0        0        0        0        0        0        0        0        0        0        0        0        0        0        0        0 
84   126719  27321.5  22214.2    26480        0        0        0        0        0        0        0        0        0        0        0        0        0        0        0        0        0        0        0        0        0        0        0        0        0 
85   127159  27761.5  22654.2    26920        0        0        0        0        0        0        0        0        0        0        0        0        0        0        0        0        0        0        0        0        0        0        0        0        0 
86   127639  28241.5  23134.2    27400        0        0        0        0        0        0        0        0        0        0        0        0        0        0        0        0        0        0        0        0        0        0        0        0        0 
87   128079  28681.5  23574.2    27840        0        0        0        0        0        0        0        0        0        0        0        0        0        0        0        0        0        0        0        0        0        0        0        0        0 
88   133039  33641.5  28534.2    32800        0        0        0        0        0        0        0        0        0        0        0        0        0        0        0        0        0        0        0        0        0        0        0        0        0 
89   137905  38507.3    33400        0        0        0        0        0        0        0        0        0        0        0        0        0        0        0        0        0        0        0        0        0        0        0        0        0        0 
90   133498    34100        0        0        0        0        0        0        0        0        0        0        0        0        0        0        0        0        0        0        0        0        0        0        0        0        0        0        0 
91   134023  34625.8        0        0        0        0        0        0        0        0        0        0        0        0        0        0        0        0        0        0        0        0        0        0        0        0        0        0        0 
92   136299        0        0        0        0        0        0        0        0        0        0        0        0        0        0        0        0        0        0        0        0        0        0        0        0        0        0        0        0 
93   138646        0        0        0        0        0        0        0        0        0        0        0        0        0        0        0        0        0        0        0        0        0        0        0        0        0        0        0        0 
