Q      1s      2s       2p       2p*      3s      3p        3p*      4s       3d       3d*      4p       4p*      5s       4d       4d*      5p       5p*      6s       4f       4f*      5d       5d*      6p       6p*      7s       5f       5f*      6d       6d*
 0  7780.62  965.348   818.37  833.427  126.092  81.9783  83.9611   7.4214  17.2595  17.4741        0        0        0        0        0        0        0        0        0        0        0        0        0        0        0        0        0        0        0 
 1  7780.23  964.958   817.98  833.037  125.703  81.5886  83.5714  7.03167  16.8698  17.0844        0        0        0        0        0        0        0        0        0        0        0        0        0        0        0        0        0        0        0 
 2  7796.64  981.374  834.396  849.453  142.118  98.0042   99.987  23.4473  33.2854     33.5        0        0        0        0        0        0        0        0        0        0        0        0        0        0        0        0        0        0        0 
 3  7814.41  999.144  852.166  867.223  159.888  115.774  117.757  41.2173  51.0554    51.27        0        0        0        0        0        0        0        0        0        0        0        0        0        0        0        0        0        0        0 
 4  7842.64  1027.37  880.396  895.453  188.118  144.004  145.987  69.4473  79.2854     79.5        0        0        0        0        0        0        0        0        0        0        0        0        0        0        0        0        0        0        0 
 5  7865.14  1049.87  902.896  917.953  210.618  166.504  168.487  91.9473  101.785      102        0        0        0        0        0        0        0        0        0        0        0        0        0        0        0        0        0        0        0 
 6  7892.26  1076.99  930.011  945.068  237.733  193.619  195.602  119.062    128.9        0        0        0        0        0        0        0        0        0        0        0        0        0        0        0        0        0        0        0        0 
 7     7931  1115.73  968.749  983.806  276.471  232.357   234.34    157.8        0        0        0        0        0        0        0        0        0        0        0        0        0        0        0        0        0        0        0        0        0 
 8  7959.34  1144.07  997.089  1012.15  304.811  260.697   262.68   186.14        0        0        0        0        0        0        0        0        0        0        0        0        0        0        0        0        0        0        0        0        0 
 9  7972.06  1156.79  1009.81  1024.87  317.531  273.417    275.4        0        0        0        0        0        0        0        0        0        0        0        0        0        0        0        0        0        0        0        0        0        0 
10  8001.98  1186.71  1039.73  1054.79  347.451  303.337   305.32        0        0        0        0        0        0        0        0        0        0        0        0        0        0        0        0        0        0        0        0        0        0 
11  8032.76  1217.49  1070.51  1085.57  378.231  334.117    336.1        0        0        0        0        0        0        0        0        0        0        0        0        0        0        0        0        0        0        0        0        0        0 
12  8075.16  1259.89  1112.91  1127.97  420.631  376.517    378.5        0        0        0        0        0        0        0        0        0        0        0        0        0        0        0        0        0        0        0        0        0        0 
13  8106.66  1291.39  1144.41  1159.47  452.131  408.017      410        0        0        0        0        0        0        0        0        0        0        0        0        0        0        0        0        0        0        0        0        0        0 
14  8139.74  1324.47  1177.49  1192.55  485.214    441.1        0        0        0        0        0        0        0        0        0        0        0        0        0        0        0        0        0        0        0        0        0        0        0 
15  8166.48  1351.22  1204.24  1219.29   511.96        0        0        0        0        0        0        0        0        0        0        0        0        0        0        0        0        0        0        0        0        0        0        0        0 
16  8201.11  1385.84  1238.87  1253.92  546.588        0        0        0        0        0        0        0        0        0        0        0        0        0        0        0        0        0        0        0        0        0        0        0        0 
17  8344.39  1529.12  1382.14   1397.2        0        0        0        0        0        0        0        0        0        0        0        0        0        0        0        0        0        0        0        0        0        0        0        0        0 
18  8451.69  1636.42  1489.44   1504.5        0        0        0        0        0        0        0        0        0        0        0        0        0        0        0        0        0        0        0        0        0        0        0        0        0 
19  8553.19  1737.92  1590.94     1606        0        0        0        0        0        0        0        0        0        0        0        0        0        0        0        0        0        0        0        0        0        0        0        0        0 
20  8671.19  1855.92  1708.94     1724        0        0        0        0        0        0        0        0        0        0        0        0        0        0        0        0        0        0        0        0        0        0        0        0        0 
21  8791.19  1975.92  1828.94     1844        0        0        0        0        0        0        0        0        0        0        0        0        0        0        0        0        0        0        0        0        0        0        0        0        0 
22  8923.05  2107.78   1960.8        0        0        0        0        0        0        0        0        0        0        0        0        0        0        0        0        0        0        0        0        0        0        0        0        0        0 
23  8934.67   2119.4        0        0        0        0        0        0        0        0        0        0        0        0        0        0        0        0        0        0        0        0        0        0        0        0        0        0        0 
24  9034.14  2218.88        0        0        0        0        0        0        0        0        0        0        0        0        0        0        0        0        0        0        0        0        0        0        0        0        0        0        0 
25  9544.18        0        0        0        0        0        0        0        0        0        0        0        0        0        0        0        0        0        0        0        0        0        0        0        0        0        0        0        0 
26  10012.1        0        0        0        0        0        0        0        0        0        0        0        0        0        0        0        0        0        0        0        0        0        0        0        0        0        0        0        0 
