Q      1s      2s       2p       2p*      3s      3p        3p*      4s       3d       3d*      4p       4p*      5s       4d       4d*      5p       5p*      6s       4f       4f*      5d       5d*      6p       6p*      7s       5f       5f*      6d       6d*
 0  8406.95   1051.6  894.791  912.534  136.326  89.2189  91.5821  7.66079  18.3847  18.6618        0        0        0        0        0        0        0        0        0        0        0        0        0        0        0        0        0        0        0 
 1  8406.45  1051.11  894.298  912.041  135.833   88.726  91.0891  7.16785  17.8917  18.1688        0        0        0        0        0        0        0        0        0        0        0        0        0        0        0        0        0        0        0 
 2  8423.47  1068.12  911.316  929.059  152.851  105.744  108.107   24.186  34.9099   35.187        0        0        0        0        0        0        0        0        0        0        0        0        0        0        0        0        0        0        0 
 3  8443.21  1087.86  931.049  948.792  172.584  125.477   127.84   43.919  54.6429    54.92        0        0        0        0        0        0        0        0        0        0        0        0        0        0        0        0        0        0        0 
 4  8464.35     1109  952.189  969.932  193.724  146.617   148.98   65.059  75.7829    76.06        0        0        0        0        0        0        0        0        0        0        0        0        0        0        0        0        0        0        0 
 5  8496.29  1140.94  984.129  1001.87  225.664  178.557   180.92   96.999  107.723      108        0        0        0        0        0        0        0        0        0        0        0        0        0        0        0        0        0        0        0 
 6  8520.29  1164.94  1008.13  1025.87  249.664  202.557   204.92  120.999  131.723      132        0        0        0        0        0        0        0        0        0        0        0        0        0        0        0        0        0        0        0 
 7  8550.56  1195.21  1038.41  1056.15  279.941  232.834  235.197  151.276      162        0        0        0        0        0        0        0        0        0        0        0        0        0        0        0        0        0        0        0        0 
 8  8592.49  1237.14  1080.33  1098.07  321.865  274.758  277.121    193.2        0        0        0        0        0        0        0        0        0        0        0        0        0        0        0        0        0        0        0        0        0 
 9  8623.99  1268.64  1111.83  1129.57  353.365  306.258  308.621    224.7        0        0        0        0        0        0        0        0        0        0        0        0        0        0        0        0        0        0        0        0        0 
10  8634.86  1279.52  1122.71  1140.45  364.243  317.137    319.5        0        0        0        0        0        0        0        0        0        0        0        0        0        0        0        0        0        0        0        0        0        0 
11  8666.96  1311.62  1154.81  1172.55  396.343  349.237    351.6        0        0        0        0        0        0        0        0        0        0        0        0        0        0        0        0        0        0        0        0        0        0 
12  8699.86  1344.52  1187.71  1205.45  429.243  382.137    384.5        0        0        0        0        0        0        0        0        0        0        0        0        0        0        0        0        0        0        0        0        0        0 
13  8744.66  1389.32  1232.51  1250.25  474.043  426.937    429.3        0        0        0        0        0        0        0        0        0        0        0        0        0        0        0        0        0        0        0        0        0        0 
14  8778.16  1422.82  1266.01  1283.75  507.543  460.437    462.8        0        0        0        0        0        0        0        0        0        0        0        0        0        0        0        0        0        0        0        0        0        0 
15  8813.13  1457.78  1300.97  1318.71  542.507    495.4        0        0        0        0        0        0        0        0        0        0        0        0        0        0        0        0        0        0        0        0        0        0        0 
16  8841.69  1486.34  1329.54  1347.28   571.07        0        0        0        0        0        0        0        0        0        0        0        0        0        0        0        0        0        0        0        0        0        0        0        0 
17  8877.64  1522.29  1365.49  1383.23   607.02        0        0        0        0        0        0        0        0        0        0        0        0        0        0        0        0        0        0        0        0        0        0        0        0 
18  9035.41  1680.07  1523.26     1541        0        0        0        0        0        0        0        0        0        0        0        0        0        0        0        0        0        0        0        0        0        0        0        0        0 
19  9140.41  1785.07  1628.26     1646        0        0        0        0        0        0        0        0        0        0        0        0        0        0        0        0        0        0        0        0        0        0        0        0        0 
20  9252.41  1897.07  1740.26     1758        0        0        0        0        0        0        0        0        0        0        0        0        0        0        0        0        0        0        0        0        0        0        0        0        0 
21  9374.41  2019.07  1862.26     1880        0        0        0        0        0        0        0        0        0        0        0        0        0        0        0        0        0        0        0        0        0        0        0        0        0 
22  9502.51  2147.17  1990.36   2008.1        0        0        0        0        0        0        0        0        0        0        0        0        0        0        0        0        0        0        0        0        0        0        0        0        0 
23  9642.66  2287.31   2130.5        0        0        0        0        0        0        0        0        0        0        0        0        0        0        0        0        0        0        0        0        0        0        0        0        0        0 
24  9650.95   2295.6        0        0        0        0        0        0        0        0        0        0        0        0        0        0        0        0        0        0        0        0        0        0        0        0        0        0        0 
25  9754.61  2399.26        0        0        0        0        0        0        0        0        0        0        0        0        0        0        0        0        0        0        0        0        0        0        0        0        0        0        0 
26  10288.9        0        0        0        0        0        0        0        0        0        0        0        0        0        0        0        0        0        0        0        0        0        0        0        0        0        0        0        0 
27  10775.4        0        0        0        0        0        0        0        0        0        0        0        0        0        0        0        0        0        0        0        0        0        0        0        0        0        0        0        0 
