Q      1s      2s       2p       2p*      3s      3p        3p*      4s       3d       3d*      4p       4p*      5s       4d       4d*      5p       5p*      6s       4f       4f*      5d       5d*      6p       6p*      7s       5f       5f*      6d       6d*
 0  11951.7  1573.22  1362.42  1399.37  225.661  160.148   165.48  19.3965  56.3401  57.1416  8.85824  9.14264        0        0        0        0        0        0        0        0        0        0        0        0        0        0        0        0        0 
 1  11961.2  1582.67  1371.87  1408.82  235.107  169.594  174.927  28.8431  65.7867  66.5882  18.3048  18.5892        0        0        0        0        0        0        0        0        0        0        0        0        0        0        0        0        0 
 2  11971.2  1592.71  1381.92  1418.86  245.151  179.638  184.971  38.8873  75.8309  76.6324   28.349        0        0        0        0        0        0        0        0        0        0        0        0        0        0        0        0        0        0 
 3  11944.8  1566.23  1355.43  1392.38  218.669  153.156  158.488  12.4049  49.3485    50.15        0        0        0        0        0        0        0        0        0        0        0        0        0        0        0        0        0        0        0 
 4  11957.4  1578.85  1368.05     1405  231.289  165.776  171.108  25.0249  61.9685    62.77        0        0        0        0        0        0        0        0        0        0        0        0        0        0        0        0        0        0        0 
 5  12015.8  1637.27  1426.47  1463.42  289.709  224.196  229.528  83.4449  120.389   121.19        0        0        0        0        0        0        0        0        0        0        0        0        0        0        0        0        0        0        0 
 6  12041.6  1663.08  1452.28  1489.23  315.519  250.006  255.338  109.255  146.199      147        0        0        0        0        0        0        0        0        0        0        0        0        0        0        0        0        0        0        0 
 7  12074.6  1696.08  1485.28  1522.23  348.519  283.006  288.338  142.255  179.199      180        0        0        0        0        0        0        0        0        0        0        0        0        0        0        0        0        0        0        0 
 8  12107.6  1729.08  1518.28  1555.23  381.519  316.006  321.338  175.255  212.199      213        0        0        0        0        0        0        0        0        0        0        0        0        0        0        0        0        0        0        0 
 9  12141.6  1763.08  1552.28  1589.23  415.519  350.006  355.338  209.255  246.199      247        0        0        0        0        0        0        0        0        0        0        0        0        0        0        0        0        0        0        0 
10  12190.6  1812.08  1601.28  1638.23  464.519  399.006  404.338  258.255  295.199      296        0        0        0        0        0        0        0        0        0        0        0        0        0        0        0        0        0        0        0 
11  12227.6  1849.08  1638.28  1675.23  501.519  436.006  441.338  295.255  332.199      333        0        0        0        0        0        0        0        0        0        0        0        0        0        0        0        0        0        0        0 
12  12270.4  1891.88  1681.08  1718.03   544.32  478.808   484.14  338.056      375        0        0        0        0        0        0        0        0        0        0        0        0        0        0        0        0        0        0        0        0 
13  12350.4  1971.83  1761.03  1797.98  624.264  558.751  564.084      418        0        0        0        0        0        0        0        0        0        0        0        0        0        0        0        0        0        0        0        0        0 
14  12392.4  2013.83  1803.03  1839.98  666.264  600.751  606.084      460        0        0        0        0        0        0        0        0        0        0        0        0        0        0        0        0        0        0        0        0        0 
15  12373.9  1995.34  1784.54  1821.49   647.78  582.268    587.6        0        0        0        0        0        0        0        0        0        0        0        0        0        0        0        0        0        0        0        0        0        0 
16  12415.1  2036.54  1825.74  1862.69   688.98  623.468    628.8        0        0        0        0        0        0        0        0        0        0        0        0        0        0        0        0        0        0        0        0        0        0 
17  12459.2  2080.64  1869.84  1906.79   733.08  667.568    672.9        0        0        0        0        0        0        0        0        0        0        0        0        0        0        0        0        0        0        0        0        0        0 
18  12515.2  2136.64  1925.84  1962.79   789.08  723.568    728.9        0        0        0        0        0        0        0        0        0        0        0        0        0        0        0        0        0        0        0        0        0        0 
19  12560.3  2181.74  1970.94  2007.89   834.18  768.668      774        0        0        0        0        0        0        0        0        0        0        0        0        0        0        0        0        0        0        0        0        0        0 
20  12605.6  2227.07  2016.28  2053.22  879.513      814        0        0        0        0        0        0        0        0        0        0        0        0        0        0        0        0        0        0        0        0        0        0        0 
21  12637.8  2259.26  2048.46  2085.41    911.7        0        0        0        0        0        0        0        0        0        0        0        0        0        0        0        0        0        0        0        0        0        0        0        0 
22  12682.9  2304.35  2093.55   2130.5   956.79        0        0        0        0        0        0        0        0        0        0        0        0        0        0        0        0        0        0        0        0        0        0        0        0 
23  12909.3  2530.75  2319.95   2356.9        0        0        0        0        0        0        0        0        0        0        0        0        0        0        0        0        0        0        0        0        0        0        0        0        0 
24  13038.4  2659.85  2449.05     2486        0        0        0        0        0        0        0        0        0        0        0        0        0        0        0        0        0        0        0        0        0        0        0        0        0 
25  13178.4  2799.85  2589.05     2626        0        0        0        0        0        0        0        0        0        0        0        0        0        0        0        0        0        0        0        0        0        0        0        0        0 
26  13318.4  2939.85  2729.05     2766        0        0        0        0        0        0        0        0        0        0        0        0        0        0        0        0        0        0        0        0        0        0        0        0        0 
27  13490.4  3111.85  2901.05     2938        0        0        0        0        0        0        0        0        0        0        0        0        0        0        0        0        0        0        0        0        0        0        0        0        0 
28  13677.4   3298.9   3088.1        0        0        0        0        0        0        0        0        0        0        0        0        0        0        0        0        0        0        0        0        0        0        0        0        0        0 
29  13665.5     3287        0        0        0        0        0        0        0        0        0        0        0        0        0        0        0        0        0        0        0        0        0        0        0        0        0        0        0 
30  13790.2  3411.64        0        0        0        0        0        0        0        0        0        0        0        0        0        0        0        0        0        0        0        0        0        0        0        0        0        0        0 
31  14447.7        0        0        0        0        0        0        0        0        0        0        0        0        0        0        0        0        0        0        0        0        0        0        0        0        0        0        0        0 
32  15028.9        0        0        0        0        0        0        0        0        0        0        0        0        0        0        0        0        0        0        0        0        0        0        0        0        0        0        0        0 
