Q      1s      2s       2p       2p*      3s      3p        3p*      4s       3d       3d*      4p       4p*      5s       4d       4d*      5p       5p*      6s       4f       4f*      5d       5d*      6p       6p*      7s       5f       5f*      6d       6d*
 0  14413.5  1961.39  1711.03  1765.45  305.433  226.203  234.559  32.3203  101.411  102.795  13.9962  14.7354        0        0        0        0        0        0        0        0        0        0        0        0        0        0        0        0        0 
 1  14423.1  1971.02  1720.65  1775.08  315.058  235.827  244.184  41.9447  111.035  112.419  23.6206  24.3598        0        0        0        0        0        0        0        0        0        0        0        0        0        0        0        0        0 
 2  14434.6  1982.49  1732.13  1786.55  326.536  247.305  255.662  53.4228  122.514  123.897  35.0987   35.838        0        0        0        0        0        0        0        0        0        0        0        0        0        0        0        0        0 
 3  14449.6  1997.51  1747.14  1801.57  341.548  262.317  270.674  68.4348  137.526  138.909  50.1107    50.85        0        0        0        0        0        0        0        0        0        0        0        0        0        0        0        0        0 
 4  14463.4  2011.35  1760.98  1815.41  355.388  276.157  284.514  82.2748  151.366  152.749  63.9507    64.69        0        0        0        0        0        0        0        0        0        0        0        0        0        0        0        0        0 
 5    14478  2025.89  1775.52  1829.95  369.927  290.696  299.053  96.8141  165.905  167.289    78.49        0        0        0        0        0        0        0        0        0        0        0        0        0        0        0        0        0        0 
 6  14419.8  1967.73  1717.36  1771.79  311.769  232.538  240.894  38.6554  107.746   109.13        0        0        0        0        0        0        0        0        0        0        0        0        0        0        0        0        0        0        0 
 7  14436.5   1984.4  1734.04  1788.46  328.441   249.21  257.566  55.3274  124.418  125.802        0        0        0        0        0        0        0        0        0        0        0        0        0        0        0        0        0        0        0 
 8  14543.7   2091.6  1841.23  1895.66  435.639  356.408  364.764  162.525  231.616      233        0        0        0        0        0        0        0        0        0        0        0        0        0        0        0        0        0        0        0 
 9  14578.7   2126.6  1876.23  1930.66  470.639  391.408  399.764  197.525  266.616      268        0        0        0        0        0        0        0        0        0        0        0        0        0        0        0        0        0        0        0 
10  14618.7   2166.6  1916.23  1970.66  510.639  431.408  439.764  237.525  306.616      308        0        0        0        0        0        0        0        0        0        0        0        0        0        0        0        0        0        0        0 
11  14660.7   2208.6  1958.23  2012.66  552.639  473.408  481.764  279.525  348.616      350        0        0        0        0        0        0        0        0        0        0        0        0        0        0        0        0        0        0        0 
12  14701.7   2249.6  1999.23  2053.66  593.639  514.408  522.764  320.525  389.616      391        0        0        0        0        0        0        0        0        0        0        0        0        0        0        0        0        0        0        0 
13  14756.7   2304.6  2054.23  2108.66  648.639  569.408  577.764  375.525  444.616      446        0        0        0        0        0        0        0        0        0        0        0        0        0        0        0        0        0        0        0 
14  14802.7   2350.6  2100.23  2154.66  694.639  615.408  623.764  421.525  490.616      492        0        0        0        0        0        0        0        0        0        0        0        0        0        0        0        0        0        0        0 
15  14852.1  2399.98  2149.62  2204.04  744.022  664.792  673.148  470.909      540        0        0        0        0        0        0        0        0        0        0        0        0        0        0        0        0        0        0        0        0 
16  14972.2  2520.07  2269.71  2324.13  864.113  784.882  793.239      591        0        0        0        0        0        0        0        0        0        0        0        0        0        0        0        0        0        0        0        0        0 
17  15021.2  2569.07  2318.71  2373.13  913.113  833.882  842.239      640        0        0        0        0        0        0        0        0        0        0        0        0        0        0        0        0        0        0        0        0        0 
18  14963.9  2511.83  2261.47  2315.89  855.874  776.643      785        0        0        0        0        0        0        0        0        0        0        0        0        0        0        0        0        0        0        0        0        0        0 
19  15010.5  2558.43  2308.07  2362.49  902.474  823.243    831.6        0        0        0        0        0        0        0        0        0        0        0        0        0        0        0        0        0        0        0        0        0        0 
20  15061.7  2609.63  2359.27  2413.69  953.674  874.443    882.8        0        0        0        0        0        0        0        0        0        0        0        0        0        0        0        0        0        0        0        0        0        0 
21  15123.9  2671.83  2421.47  2475.89  1015.87  936.643      945        0        0        0        0        0        0        0        0        0        0        0        0        0        0        0        0        0        0        0        0        0        0 
22  15177.9  2725.83  2475.47  2529.89  1069.87  990.643      999        0        0        0        0        0        0        0        0        0        0        0        0        0        0        0        0        0        0        0        0        0        0 
23  15229.3  2777.19  2526.83  2581.25  1121.23     1042        0        0        0        0        0        0        0        0        0        0        0        0        0        0        0        0        0        0        0        0        0        0        0 
24    15263  2810.96   2560.6  2615.02     1155        0        0        0        0        0        0        0        0        0        0        0        0        0        0        0        0        0        0        0        0        0        0        0        0 
25  15313.3  2861.19  2610.83  2665.25  1205.23        0        0        0        0        0        0        0        0        0        0        0        0        0        0        0        0        0        0        0        0        0        0        0        0 
26  15576.9  3124.84  2874.48   2928.9        0        0        0        0        0        0        0        0        0        0        0        0        0        0        0        0        0        0        0        0        0        0        0        0        0 
27    15720  3267.94  3017.58     3072        0        0        0        0        0        0        0        0        0        0        0        0        0        0        0        0        0        0        0        0        0        0        0        0        0 
28    15876  3423.94  3173.58     3228        0        0        0        0        0        0        0        0        0        0        0        0        0        0        0        0        0        0        0        0        0        0        0        0        0 
29    16028  3575.94  3325.58     3380        0        0        0        0        0        0        0        0        0        0        0        0        0        0        0        0        0        0        0        0        0        0        0        0        0 
30    16232  3779.94  3529.58     3584        0        0        0        0        0        0        0        0        0        0        0        0        0        0        0        0        0        0        0        0        0        0        0        0        0 
31  16454.4  4002.36     3752        0        0        0        0        0        0        0        0        0        0        0        0        0        0        0        0        0        0        0        0        0        0        0        0        0        0 
32  16423.1     3971        0        0        0        0        0        0        0        0        0        0        0        0        0        0        0        0        0        0        0        0        0        0        0        0        0        0        0 
33  16561.2  4109.08        0        0        0        0        0        0        0        0        0        0        0        0        0        0        0        0        0        0        0        0        0        0        0        0        0        0        0 
34  17296.4        0        0        0        0        0        0        0        0        0        0        0        0        0        0        0        0        0        0        0        0        0        0        0        0        0        0        0        0 
35  17936.2        0        0        0        0        0        0        0        0        0        0        0        0        0        0        0        0        0        0        0        0        0        0        0        0        0        0        0        0 
