Q      1s      2s       2p       2p*      3s      3p        3p*      4s       3d       3d*      4p       4p*      5s       4d       4d*      5p       5p*      6s       4f       4f*      5d       5d*      6p       6p*      7s       5f       5f*      6d       6d*
 0  23359.2  3467.67  3054.54  3199.96  654.895  522.872  548.748  101.258   331.49  336.532  62.5289  66.6483   6.2079  11.3764  11.8225        0        0        0        0        0        0        0        0        0        0        0        0        0        0 
 1  23365.5  3473.93   3060.8  3206.22  661.152   529.13  555.006  107.516  337.748   342.79  68.7864  72.9058  12.4654  17.6339    18.08        0        0        0        0        0        0        0        0        0        0        0        0        0        0 
 2  23378.4  3486.91  3073.78   3219.2  674.132   542.11  567.986  120.496  350.728   355.77  81.7664  85.8858  25.4454  30.6139    31.06        0        0        0        0        0        0        0        0        0        0        0        0        0        0 
 3  23389.4  3497.85  3084.72  3230.14  685.072   553.05  578.926  131.436  361.668   366.71  92.7064  96.8258  36.3854  41.5539       42        0        0        0        0        0        0        0        0        0        0        0        0        0        0 
 4  23410.4  3518.85  3105.72  3251.14  706.072   574.05  599.926  152.436  382.668   387.71  113.706  117.826  57.3854  62.5539       63        0        0        0        0        0        0        0        0        0        0        0        0        0        0 
 5  23427.4  3535.85  3122.72  3268.14  723.072   591.05  616.926  169.436  399.668   404.71  130.706  134.826  74.3854  79.5539       80        0        0        0        0        0        0        0        0        0        0        0        0        0        0 
 6  23444.8   3553.3  3140.17  3285.58  740.518  608.496  634.372  186.882  417.114  422.156  148.152  152.272  91.8315       97        0        0        0        0        0        0        0        0        0        0        0        0        0        0        0 
 7  23468.1  3576.57  3163.44  3308.85  763.787  631.764   657.64   210.15  440.382  445.424  171.421   175.54    115.1        0        0        0        0        0        0        0        0        0        0        0        0        0        0        0        0 
 8    23488  3596.47  3183.34  3328.75  783.687  651.664   677.54   230.05  460.282  465.324  191.321   195.44      135        0        0        0        0        0        0        0        0        0        0        0        0        0        0        0        0 
 9  23500.1  3608.54  3195.41  3340.82  795.756  663.734   689.61   242.12  472.352  477.394  203.391   207.51        0        0        0        0        0        0        0        0        0        0        0        0        0        0        0        0        0 
10  23520.6  3629.03   3215.9  3361.31  816.246  684.224    710.1   262.61  492.842  497.884  223.881      228        0        0        0        0        0        0        0        0        0        0        0        0        0        0        0        0        0 
11  23544.7  3653.13     3240  3385.41  840.346  708.324    734.2   286.71  516.942  521.984  247.981    252.1        0        0        0        0        0        0        0        0        0        0        0        0        0        0        0        0        0 
12  23569.6  3678.03   3264.9  3410.31  865.246  733.224    759.1   311.61  541.842  546.884  272.881      277        0        0        0        0        0        0        0        0        0        0        0        0        0        0        0        0        0 
13  23598.6  3707.03   3293.9  3439.31  894.246  762.224    788.1   340.61  570.842  575.884  301.881      306        0        0        0        0        0        0        0        0        0        0        0        0        0        0        0        0        0 
14  23628.3  3736.73  3323.59  3469.01  923.946  791.923  817.799  370.309  600.541  605.583   331.58        0        0        0        0        0        0        0        0        0        0        0        0        0        0        0        0        0        0 
15    23412  3520.44  3107.31  3252.73  707.663   575.64  601.516  154.026  384.258    389.3        0        0        0        0        0        0        0        0        0        0        0        0        0        0        0        0        0        0        0 
16  23438.6  3547.11  3133.98   3279.4  734.333   602.31  628.186  180.696  410.928   415.97        0        0        0        0        0        0        0        0        0        0        0        0        0        0        0        0        0        0        0 
17  23761.7  3870.14  3457.01  3602.43  1057.36   925.34  951.216  503.726  733.958      739        0        0        0        0        0        0        0        0        0        0        0        0        0        0        0        0        0        0        0 
18  23816.7  3925.14  3512.01  3657.43  1112.36   980.34  1006.22  558.726  788.958      794        0        0        0        0        0        0        0        0        0        0        0        0        0        0        0        0        0        0        0 
19  23879.7  3988.14  3575.01  3720.43  1175.36  1043.34  1069.22  621.726  851.958      857        0        0        0        0        0        0        0        0        0        0        0        0        0        0        0        0        0        0        0 
20  23943.7  4052.14  3639.01  3784.43  1239.36  1107.34  1133.22  685.726  915.958      921        0        0        0        0        0        0        0        0        0        0        0        0        0        0        0        0        0        0        0 
21  24006.7  4115.14  3702.01  3847.43  1302.36  1170.34  1196.22  748.726  978.958      984        0        0        0        0        0        0        0        0        0        0        0        0        0        0        0        0        0        0        0 
22  24083.7  4192.14  3779.01  3924.43  1379.36  1247.34  1273.22  825.726  1055.96     1061        0        0        0        0        0        0        0        0        0        0        0        0        0        0        0        0        0        0        0 
23  24153.7  4262.14  3849.01  3994.43  1449.36  1317.34  1343.22  895.726  1125.96     1131        0        0        0        0        0        0        0        0        0        0        0        0        0        0        0        0        0        0        0 
24  24229.7  4338.18  3925.05  4070.47   1525.4  1393.38  1419.26  971.768     1202        0        0        0        0        0        0        0        0        0        0        0        0        0        0        0        0        0        0        0        0 
25  24531.9  4640.42  4227.29   4372.7  1827.64  1695.61  1721.49     1274        0        0        0        0        0        0        0        0        0        0        0        0        0        0        0        0        0        0        0        0        0 
26  24601.9  4710.42  4297.29   4442.7  1897.64  1765.61  1791.49     1344        0        0        0        0        0        0        0        0        0        0        0        0        0        0        0        0        0        0        0        0        0 
27  24354.5  4462.93   4049.8  4195.21  1650.15  1518.12     1544        0        0        0        0        0        0        0        0        0        0        0        0        0        0        0        0        0        0        0        0        0        0 
28  24415.4  4523.83   4110.7  4256.11  1711.05  1579.02   1604.9        0        0        0        0        0        0        0        0        0        0        0        0        0        0        0        0        0        0        0        0        0        0 
29  24488.1  4596.53   4183.4  4328.81  1783.75  1651.72   1677.6        0        0        0        0        0        0        0        0        0        0        0        0        0        0        0        0        0        0        0        0        0        0 
30  24573.5  4681.93   4268.8  4414.21  1869.15  1737.12     1763        0        0        0        0        0        0        0        0        0        0        0        0        0        0        0        0        0        0        0        0        0        0 
31  24661.5  4769.93   4356.8  4502.21  1957.15  1825.12     1851        0        0        0        0        0        0        0        0        0        0        0        0        0        0        0        0        0        0        0        0        0        0 
32  24739.3   4847.8  4434.67  4580.09  2035.02     1903        0        0        0        0        0        0        0        0        0        0        0        0        0        0        0        0        0        0        0        0        0        0        0 
33  24767.3  4875.78  4462.65  4608.07     2063        0        0        0        0        0        0        0        0        0        0        0        0        0        0        0        0        0        0        0        0        0        0        0        0 
34  24833.5     4942  4528.87  4674.29  2129.22        0        0        0        0        0        0        0        0        0        0        0        0        0        0        0        0        0        0        0        0        0        0        0        0 
35  25177.2  5285.71  4872.58     5018        0        0        0        0        0        0        0        0        0        0        0        0        0        0        0        0        0        0        0        0        0        0        0        0        0 
36  25362.2  5470.71  5057.58     5203        0        0        0        0        0        0        0        0        0        0        0        0        0        0        0        0        0        0        0        0        0        0        0        0        0 
37  25565.2  5673.71  5260.58     5406        0        0        0        0        0        0        0        0        0        0        0        0        0        0        0        0        0        0        0        0        0        0        0        0        0 
38  25759.2  5867.71  5454.58     5600        0        0        0        0        0        0        0        0        0        0        0        0        0        0        0        0        0        0        0        0        0        0        0        0        0 
39  26099.2  6207.71  5794.58     5940        0        0        0        0        0        0        0        0        0        0        0        0        0        0        0        0        0        0        0        0        0        0        0        0        0 
40  26465.7  6574.13     6161        0        0        0        0        0        0        0        0        0        0        0        0        0        0        0        0        0        0        0        0        0        0        0        0        0        0 
41  26335.5     6444        0        0        0        0        0        0        0        0        0        0        0        0        0        0        0        0        0        0        0        0        0        0        0        0        0        0        0 
42  26514.8  6623.26        0        0        0        0        0        0        0        0        0        0        0        0        0        0        0        0        0        0        0        0        0        0        0        0        0        0        0 
43    27487        0        0        0        0        0        0        0        0        0        0        0        0        0        0        0        0        0        0        0        0        0        0        0        0        0        0        0        0 
44    28312        0        0        0        0        0        0        0        0        0        0        0        0        0        0        0        0        0        0        0        0        0        0        0        0        0        0        0        0 
