Q      1s      2s       2p       2p*      3s      3p        3p*      4s       3d       3d*      4p       4p*      5s       4d       4d*      5p       5p*      6s       4f       4f*      5d       5d*      6p       6p*      7s       5f       5f*      6d       6d*
 0  28103.2  4297.64   3783.6  3995.45  854.589  691.982  731.412  144.461  468.609  476.581  95.1679  102.126  10.7902  27.1321  28.0902   5.2136  5.47748        0        0        0        0        0        0        0        0        0        0        0        0 
 1  28093.9  4288.42  3774.38  3986.23  845.369  682.762  722.192  135.242  459.389  467.361  85.9481  92.9066  1.57043  17.9123  18.8704        0        0        0        0        0        0        0        0        0        0        0        0        0        0 
 2  28103.1  4297.59  3783.56  3995.41  854.543  691.936  731.366  144.415  468.563  476.535  95.1218   102.08  10.7442   27.086  28.0441        0        0        0        0        0        0        0        0        0        0        0        0        0        0 
 3  28130.5     4325  3810.96  4022.81  881.948  719.342  758.772  171.821  495.969  503.941  122.528  129.486    38.15  54.4919    55.45        0        0        0        0        0        0        0        0        0        0        0        0        0        0 
 4  28144.4  4338.85  3824.81  4036.66  895.798  733.192  772.622  185.671  509.819  517.791  136.378  143.336       52  68.3419     69.3        0        0        0        0        0        0        0        0        0        0        0        0        0        0 
 5  28165.1  4359.55  3845.51  4057.36  916.498  753.892  793.322  206.371  530.519  538.491  157.078  164.036     72.7  89.0419       90        0        0        0        0        0        0        0        0        0        0        0        0        0        0 
 6  28184.1  4378.55  3864.51  4076.36  935.498  772.892  812.322  225.371  549.519  557.491  176.078  183.036     91.7  108.042      109        0        0        0        0        0        0        0        0        0        0        0        0        0        0 
 7  28205.2  4399.65  3885.61  4097.46  956.598  793.992  833.422  246.471  570.619  578.591  197.178  204.136    112.8  129.142    130.1        0        0        0        0        0        0        0        0        0        0        0        0        0        0 
 8  28231.1  4425.55  3911.51  4123.36  982.498  819.892  859.322  272.371  596.519  604.491  223.078  230.036    138.7  155.042      156        0        0        0        0        0        0        0        0        0        0        0        0        0        0 
 9  28253.1  4447.55  3933.51  4145.36   1004.5  841.892  881.322  294.371  618.519  626.491  245.078  252.036    160.7  177.042      178        0        0        0        0        0        0        0        0        0        0        0        0        0        0 
10    28277   4471.5  3957.47  4169.32  1028.46   865.85   905.28  318.329  642.477  650.449  269.036  275.994  184.658      201        0        0        0        0        0        0        0        0        0        0        0        0        0        0        0 
11  28318.4  4512.85  3998.81  4210.66   1069.8  907.192  946.622  359.671  683.819  691.791  310.378  317.336      226        0        0        0        0        0        0        0        0        0        0        0        0        0        0        0        0 
12  28341.4  4535.85  4021.81  4233.66   1092.8  930.192  969.622  382.671  706.819  714.791  333.378  340.336      249        0        0        0        0        0        0        0        0        0        0        0        0        0        0        0        0 
13    28342  4536.51  4022.48  4234.33  1093.46  930.856  970.286  383.335  707.483  715.454  334.041      341        0        0        0        0        0        0        0        0        0        0        0        0        0        0        0        0        0 
14    28369  4563.51  4049.48  4261.33  1120.46  957.856  997.286  410.335  734.483  742.454  361.041      368        0        0        0        0        0        0        0        0        0        0        0        0        0        0        0        0        0 
15    28397  4591.51  4077.48  4289.33  1148.46  985.856  1025.29  438.335  762.483  770.454  389.041      396        0        0        0        0        0        0        0        0        0        0        0        0        0        0        0        0        0 
16    28426  4620.51  4106.48  4318.33  1177.46  1014.86  1054.29  467.335  791.483  799.454  418.041      425        0        0        0        0        0        0        0        0        0        0        0        0        0        0        0        0        0 
17    28463  4657.51  4143.48  4355.33  1214.46  1051.86  1091.29  504.335  828.483  836.454  455.041      462        0        0        0        0        0        0        0        0        0        0        0        0        0        0        0        0        0 
18  28505.1  4699.57  4185.53  4397.39  1256.52  1093.91  1133.34  546.394  870.541  878.513    497.1        0        0        0        0        0        0        0        0        0        0        0        0        0        0        0        0        0        0 
19  28186.6  4381.05  3867.02  4078.87  938.008  775.401  814.831  227.881  552.028      560        0        0        0        0        0        0        0        0        0        0        0        0        0        0        0        0        0        0        0 
20    28220  4414.43   3900.4  4112.25  971.388  808.781  848.211  261.261  585.408   593.38        0        0        0        0        0        0        0        0        0        0        0        0        0        0        0        0        0        0        0 
21  28669.6  4864.05  4350.02  4561.87  1421.01   1258.4  1297.83  710.881  1035.03     1043        0        0        0        0        0        0        0        0        0        0        0        0        0        0        0        0        0        0        0 
22  28735.6  4930.05  4416.02  4627.87  1487.01   1324.4  1363.83  776.881  1101.03     1109        0        0        0        0        0        0        0        0        0        0        0        0        0        0        0        0        0        0        0 
23  28807.6  5002.05  4488.02  4699.87  1559.01   1396.4  1435.83  848.881  1173.03     1181        0        0        0        0        0        0        0        0        0        0        0        0        0        0        0        0        0        0        0 
24  28881.6  5076.05  4562.02  4773.87  1633.01   1470.4  1509.83  922.881  1247.03     1255        0        0        0        0        0        0        0        0        0        0        0        0        0        0        0        0        0        0        0 
25  28954.6  5149.05  4635.02  4846.87  1706.01   1543.4  1582.83  995.881  1320.03     1328        0        0        0        0        0        0        0        0        0        0        0        0        0        0        0        0        0        0        0 
26  29039.6  5234.05  4720.02  4931.87  1791.01   1628.4  1667.83  1080.88  1405.03     1413        0        0        0        0        0        0        0        0        0        0        0        0        0        0        0        0        0        0        0 
27  29122.6  5317.05  4803.02  5014.87  1874.01   1711.4  1750.83  1163.88  1488.03     1496        0        0        0        0        0        0        0        0        0        0        0        0        0        0        0        0        0        0        0 
28  29209.5  5404.03  4889.99  5101.84  1960.98  1798.37   1837.8  1250.85     1575        0        0        0        0        0        0        0        0        0        0        0        0        0        0        0        0        0        0        0        0 
29  29617.7  5812.17  5298.14  5509.99  2369.13  2206.52  2245.95     1659        0        0        0        0        0        0        0        0        0        0        0        0        0        0        0        0        0        0        0        0        0 
30  29696.7  5891.17  5377.14  5588.99  2448.13  2285.52  2324.95     1738        0        0        0        0        0        0        0        0        0        0        0        0        0        0        0        0        0        0        0        0        0 
31  29332.7  5527.22  5013.19  5225.04  2084.18  1921.57     1961        0        0        0        0        0        0        0        0        0        0        0        0        0        0        0        0        0        0        0        0        0        0 
32  29400.2  5594.72  5080.69  5292.54  2151.68  1989.07   2028.5        0        0        0        0        0        0        0        0        0        0        0        0        0        0        0        0        0        0        0        0        0        0 
33  29482.7  5677.22  5163.19  5375.04  2234.18  2071.57     2111        0        0        0        0        0        0        0        0        0        0        0        0        0        0        0        0        0        0        0        0        0        0 
34  29578.7  5773.22  5259.19  5471.04  2330.18  2167.57     2207        0        0        0        0        0        0        0        0        0        0        0        0        0        0        0        0        0        0        0        0        0        0 
35  29688.7  5883.22  5369.19  5581.04  2440.18  2277.57     2317        0        0        0        0        0        0        0        0        0        0        0        0        0        0        0        0        0        0        0        0        0        0 
36  29784.2  5978.65  5464.62  5676.47  2535.61     2373        0        0        0        0        0        0        0        0        0        0        0        0        0        0        0        0        0        0        0        0        0        0        0 
37  29803.6  5998.05  5484.01  5695.86     2555        0        0        0        0        0        0        0        0        0        0        0        0        0        0        0        0        0        0        0        0        0        0        0        0 
38  29877.3  6071.82  5557.78  5769.63  2628.77        0        0        0        0        0        0        0        0        0        0        0        0        0        0        0        0        0        0        0        0        0        0        0        0 
39  30233.7  6428.18  5914.15     6126        0        0        0        0        0        0        0        0        0        0        0        0        0        0        0        0        0        0        0        0        0        0        0        0        0 
40  30438.7  6633.18  6119.15     6331        0        0        0        0        0        0        0        0        0        0        0        0        0        0        0        0        0        0        0        0        0        0        0        0        0 
41  30661.7  6856.18  6342.15     6554        0        0        0        0        0        0        0        0        0        0        0        0        0        0        0        0        0        0        0        0        0        0        0        0        0 
42  30877.7  7072.18  6558.15     6770        0        0        0        0        0        0        0        0        0        0        0        0        0        0        0        0        0        0        0        0        0        0        0        0        0 
43  31303.7  7498.18  6984.15     7196        0        0        0        0        0        0        0        0        0        0        0        0        0        0        0        0        0        0        0        0        0        0        0        0        0 
44  31761.6  7956.03     7442        0        0        0        0        0        0        0        0        0        0        0        0        0        0        0        0        0        0        0        0        0        0        0        0        0        0 
45  31559.5     7754        0        0        0        0        0        0        0        0        0        0        0        0        0        0        0        0        0        0        0        0        0        0        0        0        0        0        0 
46  31758.7  7953.14        0        0        0        0        0        0        0        0        0        0        0        0        0        0        0        0        0        0        0        0        0        0        0        0        0        0        0 
47  32837.6        0        0        0        0        0        0        0        0        0        0        0        0        0        0        0        0        0        0        0        0        0        0        0        0        0        0        0        0 
48  33750.3        0        0        0        0        0        0        0        0        0        0        0        0        0        0        0        0        0        0        0        0        0        0        0        0        0        0        0        0 
