Q      1s      2s       2p       2p*      3s      3p        3p*      4s       3d       3d*      4p       4p*      5s       4d       4d*      5p       5p*      6s       4f       4f*      5d       5d*      6p       6p*      7s       5f       5f*      6d       6d*
 0  40678.9  6621.62  5787.02  6235.07  1472.61     1218  1308.14  318.233   914.98   934.06  235.264  254.766  51.3137  125.649  129.102  28.6131  31.5824  4.96784  14.4494  14.7318  6.36426  6.50079        0        0        0        0        0        0        0 
 1  40675.4  6618.13  5783.52  6231.57  1469.12  1214.51  1304.64  314.739  911.486  930.567   231.77  251.273  47.8202  122.155  125.609  25.1197  28.0889  1.47441   10.956        0        0        0        0        0        0        0        0        0        0 
 2  40694.1  6636.85  5802.25   6250.3  1487.84  1233.23  1323.37  333.462  930.209   949.29  250.493  269.996  66.5432  140.878  144.332  43.8427  46.8119  20.1974        0        0        0        0        0        0        0        0        0        0        0 
 3  40710.8  6653.56  5818.95  6267.01  1504.55  1249.94  1340.08  350.171  946.918  965.998  267.202  286.704  83.2518  157.587  161.041  60.5513  63.5205   36.906        0        0        0        0        0        0        0        0        0        0        0 
 4  40712.9  6655.59  5820.98  6269.03  1506.58  1251.97  1342.11    352.2  948.947  968.028  269.231  288.734  85.2813  159.617   163.07  62.5808    65.55        0        0        0        0        0        0        0        0        0        0        0        0 
 5  40724.9  6667.64  5833.03  6281.08  1518.63  1264.02  1354.16   364.25  960.997  980.078  281.281  300.784  97.3313  171.667   175.12  74.6308     77.6        0        0        0        0        0        0        0        0        0        0        0        0 
 6  40738.3  6681.04  5846.43  6294.48  1532.03  1277.42  1367.56   377.65  974.397  993.478  294.681  314.184  110.731  185.067   188.52  88.0308       91        0        0        0        0        0        0        0        0        0        0        0        0 
 7  40753.3  6696.04  5861.43  6309.48  1547.03  1292.42  1382.56   392.65  989.397  1008.48  309.681  329.184  125.731  200.067   203.52  103.031      106        0        0        0        0        0        0        0        0        0        0        0        0 
 8  40772.3  6715.04  5880.43  6328.48  1566.03  1311.42  1401.56   411.65   1008.4  1027.48  328.681  348.184  144.731  219.067   222.52  122.031      125        0        0        0        0        0        0        0        0        0        0        0        0 
 9  40790.3  6733.01   5898.4  6346.45     1584  1329.39  1419.53   429.62  1026.37  1045.45  346.651  366.153  162.701  237.036  240.489      140        0        0        0        0        0        0        0        0        0        0        0        0        0 
10  40721.8  6664.52  5829.91  6277.96  1515.51   1260.9  1351.04   361.13  957.877  976.958  278.161  297.664  94.2112  168.546      172        0        0        0        0        0        0        0        0        0        0        0        0        0        0 
11    40742  6684.76  5850.15   6298.2  1535.75  1281.14  1371.28   381.37  978.117  997.198  298.401  317.904  114.451  188.786   192.24        0        0        0        0        0        0        0        0        0        0        0        0        0        0 
12  40861.8  6804.52  5969.91  6417.96  1655.51   1400.9  1491.04   501.13  1097.88  1116.96  418.161  437.664  234.211  308.546      312        0        0        0        0        0        0        0        0        0        0        0        0        0        0 
13  40889.8  6832.52  5997.91  6445.96  1683.51   1428.9  1519.04   529.13  1125.88  1144.96  446.161  465.664  262.211  336.546      340        0        0        0        0        0        0        0        0        0        0        0        0        0        0 
14  40920.8  6863.52  6028.91  6476.96  1714.51   1459.9  1550.04   560.13  1156.88  1175.96  477.161  496.664  293.211  367.546      371        0        0        0        0        0        0        0        0        0        0        0        0        0        0 
15  40952.8  6895.52  6060.91  6508.96  1746.51   1491.9  1582.04   592.13  1188.88  1207.96  509.161  528.664  325.211  399.546      403        0        0        0        0        0        0        0        0        0        0        0        0        0        0 
16  40984.8  6927.52  6092.91  6540.96  1778.51   1523.9  1614.04   624.13  1220.88  1239.96  541.161  560.664  357.211  431.546      435        0        0        0        0        0        0        0        0        0        0        0        0        0        0 
17  41021.8  6964.52  6129.91  6577.96  1815.51   1560.9  1651.04   661.13  1257.88  1276.96  578.161  597.664  394.211  468.546      472        0        0        0        0        0        0        0        0        0        0        0        0        0        0 
18  41058.8  7001.52  6166.91  6614.96  1852.51   1597.9  1688.04   698.13  1294.88  1313.96  615.161  634.664  431.211  505.546      509        0        0        0        0        0        0        0        0        0        0        0        0        0        0 
19  41096.3  7038.97  6204.37  6652.42  1889.96  1635.35  1725.49  735.584  1332.33  1351.41  652.615  672.117  468.665      543        0        0        0        0        0        0        0        0        0        0        0        0        0        0        0 
20  41206.6  7149.31   6314.7  6762.75   2000.3  1745.69  1835.82  845.919  1442.67  1461.75   762.95  782.452      579        0        0        0        0        0        0        0        0        0        0        0        0        0        0        0        0 
21  41240.6  7183.31   6348.7  6796.75   2034.3  1779.69  1869.82  879.919  1476.67  1495.75   796.95  816.452      613        0        0        0        0        0        0        0        0        0        0        0        0        0        0        0        0 
22  41173.1  7115.86  6281.25   6729.3  1966.85  1712.23  1802.37  812.467  1409.21  1428.29  729.498      749        0        0        0        0        0        0        0        0        0        0        0        0        0        0        0        0        0 
23  41209.1  7151.86  6317.25   6765.3  2002.85  1748.23  1838.37  848.467  1445.21  1464.29  765.498      785        0        0        0        0        0        0        0        0        0        0        0        0        0        0        0        0        0 
24  41248.1  7190.86  6356.25   6804.3  2041.85  1787.23  1877.37  887.467  1484.21  1503.29  804.498      824        0        0        0        0        0        0        0        0        0        0        0        0        0        0        0        0        0 
25  41286.1  7228.86  6394.25   6842.3  2079.85  1825.23  1915.37  925.467  1522.21  1541.29  842.498      862        0        0        0        0        0        0        0        0        0        0        0        0        0        0        0        0        0 
26  41348.1  7290.86  6456.25   6904.3  2141.85  1887.23  1977.37  987.467  1584.21  1603.29  904.498      924        0        0        0        0        0        0        0        0        0        0        0        0        0        0        0        0        0 
27  41408.6  7351.36  6516.75   6964.8  2202.35  1947.74  2037.87  1047.97  1644.72   1663.8      965        0        0        0        0        0        0        0        0        0        0        0        0        0        0        0        0        0        0 
28  40804.8  6747.56  5912.96  6361.01  1598.55  1343.94  1434.08  444.173  1040.92     1060        0        0        0        0        0        0        0        0        0        0        0        0        0        0        0        0        0        0        0 
29  40848.3  6791.06  5956.46  6404.51  1642.05  1387.44  1477.58  487.673  1084.42   1103.5        0        0        0        0        0        0        0        0        0        0        0        0        0        0        0        0        0        0        0 
30  41652.8  7595.56  6760.96  7209.01  2446.55  2191.94  2282.08  1292.17  1888.92     1908        0        0        0        0        0        0        0        0        0        0        0        0        0        0        0        0        0        0        0 
31  41738.8  7681.56  6846.96  7295.01  2532.55  2277.94  2368.08  1378.17  1974.92     1994        0        0        0        0        0        0        0        0        0        0        0        0        0        0        0        0        0        0        0 
32  41831.8  7774.56  6939.96  7388.01  2625.55  2370.94  2461.08  1471.17  2067.92     2087        0        0        0        0        0        0        0        0        0        0        0        0        0        0        0        0        0        0        0 
33  41929.8  7872.56  7037.96  7486.01  2723.55  2468.94  2559.08  1569.17  2165.92     2185        0        0        0        0        0        0        0        0        0        0        0        0        0        0        0        0        0        0        0 
34  42024.8  7967.56  7132.96  7581.01  2818.55  2563.94  2654.08  1664.17  2260.92     2280        0        0        0        0        0        0        0        0        0        0        0        0        0        0        0        0        0        0        0 
35  42122.8  8065.56  7230.96  7679.01  2916.55  2661.94  2752.08  1762.17  2358.92     2378        0        0        0        0        0        0        0        0        0        0        0        0        0        0        0        0        0        0        0 
36  42244.8  8187.56  7352.96  7801.01  3038.55  2783.94  2874.08  1884.17  2480.92     2500        0        0        0        0        0        0        0        0        0        0        0        0        0        0        0        0        0        0        0 
37  42363.9  8306.64  7472.04  7920.09  3157.63  2903.02  2993.16  2003.25     2600        0        0        0        0        0        0        0        0        0        0        0        0        0        0        0        0        0        0        0        0 
38  43066.7  9009.39  8174.78  8622.83  3860.38  3605.77  3695.91     2706        0        0        0        0        0        0        0        0        0        0        0        0        0        0        0        0        0        0        0        0        0 
39  43166.7  9109.39  8274.78  8722.83  3960.38  3705.77  3795.91     2806        0        0        0        0        0        0        0        0        0        0        0        0        0        0        0        0        0        0        0        0        0 
40  42457.8  8400.48  7565.88  8013.93  3251.47  2996.86     3087        0        0        0        0        0        0        0        0        0        0        0        0        0        0        0        0        0        0        0        0        0        0 
41  42546.8  8489.48  7654.88  8102.93  3340.47  3085.86     3176        0        0        0        0        0        0        0        0        0        0        0        0        0        0        0        0        0        0        0        0        0        0 
42  42644.8  8587.48  7752.88  8200.93  3438.47  3183.86     3274        0        0        0        0        0        0        0        0        0        0        0        0        0        0        0        0        0        0        0        0        0        0 
43  42736.8  8679.48  7844.88  8292.93  3530.47  3275.86     3366        0        0        0        0        0        0        0        0        0        0        0        0        0        0        0        0        0        0        0        0        0        0 
44  42940.8  8883.48  8048.88  8496.93  3734.47  3479.86     3570        0        0        0        0        0        0        0        0        0        0        0        0        0        0        0        0        0        0        0        0        0        0 
45  43132.9  9075.62  8241.02  8689.07  3926.61     3672        0        0        0        0        0        0        0        0        0        0        0        0        0        0        0        0        0        0        0        0        0        0        0 
46  43071.3  9014.01   8179.4  8627.46     3865        0        0        0        0        0        0        0        0        0        0        0        0        0        0        0        0        0        0        0        0        0        0        0        0 
47  43169.3  9112.01   8277.4  8725.46     3963        0        0        0        0        0        0        0        0        0        0        0        0        0        0        0        0        0        0        0        0        0        0        0        0 
48  43463.8  9406.55  8571.95     9020        0        0        0        0        0        0        0        0        0        0        0        0        0        0        0        0        0        0        0        0        0        0        0        0        0 
49  43712.8  9655.55  8820.95     9269        0        0        0        0        0        0        0        0        0        0        0        0        0        0        0        0        0        0        0        0        0        0        0        0        0 
50  43988.8  9931.55  9096.95     9545        0        0        0        0        0        0        0        0        0        0        0        0        0        0        0        0        0        0        0        0        0        0        0        0        0 
51  44246.8  10189.6  9354.95     9803        0        0        0        0        0        0        0        0        0        0        0        0        0        0        0        0        0        0        0        0        0        0        0        0        0 
52  44985.8  10928.6  10093.9    10542        0        0        0        0        0        0        0        0        0        0        0        0        0        0        0        0        0        0        0        0        0        0        0        0        0 
53  45731.9  11674.6    10840        0        0        0        0        0        0        0        0        0        0        0        0        0        0        0        0        0        0        0        0        0        0        0        0        0        0 
54  45267.3    11210        0        0        0        0        0        0        0        0        0        0        0        0        0        0        0        0        0        0        0        0        0        0        0        0        0        0        0 
55  45517.1  11459.9        0        0        0        0        0        0        0        0        0        0        0        0        0        0        0        0        0        0        0        0        0        0        0        0        0        0        0 
56  46840.3        0        0        0        0        0        0        0        0        0        0        0        0        0        0        0        0        0        0        0        0        0        0        0        0        0        0        0        0 
57  47965.7        0        0        0        0        0        0        0        0        0        0        0        0        0        0        0        0        0        0        0        0        0        0        0        0        0        0        0        0 
