Q      1s      2s       2p       2p*      3s      3p        3p*      4s       3d       3d*      4p       4p*      5s       4d       4d*      5p       5p*      6s       4f       4f*      5d       5d*      6p       6p*      7s       5f       5f*      6d       6d*
 0  48804.9  8130.75   7044.2  7694.05  1839.19  1515.13  1650.35  388.007  1163.75   1192.8  283.075  313.128  55.2781  153.046  158.535  28.6322  32.6785  4.92623  11.5178  12.1535        0        0        0        0        0        0        0        0        0 
 1    48804  8129.83  7043.28  7693.14  1838.28  1514.22  1649.44  387.093  1162.83  1191.88  282.161  312.214  54.3646  152.132  157.621  27.7187  31.7649  4.01269  10.6042    11.24        0        0        0        0        0        0        0        0        0 
 2  48817.6  8143.43  7056.88  7706.74  1851.88  1527.82  1663.04  400.693  1176.43  1205.48  295.761  325.814  67.9646  165.732  171.221  41.3187  45.3649  17.6127  24.2042    24.84        0        0        0        0        0        0        0        0        0 
 3  48835.7  8161.53  7074.98  7724.84  1869.98  1545.92  1681.14  418.793  1194.53  1223.58  313.861  343.914  86.0646  183.832  189.321  59.4187  63.4649  35.7127  42.3042    42.94        0        0        0        0        0        0        0        0        0 
 4    48856  8181.79  7095.24   7745.1  1890.24  1566.18   1701.4  439.053  1214.79  1243.84  334.121  364.174  106.325  204.092  209.581  79.6787  83.7249  55.9727  62.5642     63.2        0        0        0        0        0        0        0        0        0 
 5  48881.8  8207.59  7121.04   7770.9  1916.04  1591.98   1727.2  464.853  1240.59  1269.64  359.921  389.974  132.125  229.892  235.381  105.479  109.525  81.7727  88.3642       89        0        0        0        0        0        0        0        0        0 
 6  48898.4  8224.23  7137.68  7787.54  1932.68  1608.61  1743.84  481.489  1257.23  1286.28  376.557   406.61   148.76  246.528  252.017  122.114  126.161  98.4084      105        0        0        0        0        0        0        0        0        0        0 
 7    48920  8245.82  7159.27  7809.13  1954.27  1630.21  1765.43  503.081  1278.82  1307.87  398.149  428.202  170.352  268.119  273.608  143.706  147.752      120        0        0        0        0        0        0        0        0        0        0        0 
 8    48944  8269.82  7183.27  7833.13  1978.27  1654.21  1789.43  527.081  1302.82  1331.87  422.149  452.202  194.352  292.119  297.608  167.706  171.752      144        0        0        0        0        0        0        0        0        0        0        0 
 9  48933.2  8259.07  7172.52  7822.38  1967.51  1643.45  1778.67  516.328  1292.07  1321.12  411.396  441.449    183.6  281.367  286.856  156.954      161        0        0        0        0        0        0        0        0        0        0        0        0 
10  48955.2  8281.07  7194.52  7844.38  1989.51  1665.45  1800.67  538.328  1314.07  1343.12  433.396  463.449    205.6  303.367  308.856  178.954      183        0        0        0        0        0        0        0        0        0        0        0        0 
11  48985.2  8311.07  7224.52  7874.38  2019.51  1695.45  1830.67  568.328  1344.07  1373.12  463.396  493.449    235.6  333.367  338.856  208.954      213        0        0        0        0        0        0        0        0        0        0        0        0 
12  49015.2  8341.07  7254.52  7904.38  2049.51  1725.45  1860.67  598.328  1374.07  1403.12  493.396  523.449    265.6  363.367  368.856  238.954      243        0        0        0        0        0        0        0        0        0        0        0        0 
13  49035.2  8361.07  7274.52  7924.38  2069.51  1745.45  1880.67  618.328  1394.07  1423.12  513.396  543.449    285.6  383.367  388.856  258.954      263        0        0        0        0        0        0        0        0        0        0        0        0 
14  49057.3  8383.12  7296.57  7946.42  2091.56   1767.5  1902.72  640.375  1416.11  1445.16  535.443  565.496  307.646  405.413  410.902      281        0        0        0        0        0        0        0        0        0        0        0        0        0 
15  48957.4  8283.21  7196.66  7846.52  1991.66   1667.6  1802.82  540.472  1316.21  1345.26   435.54  465.593  207.744  305.511      311        0        0        0        0        0        0        0        0        0        0        0        0        0        0 
16  48990.8  8316.61  7230.06  7879.92  2025.06     1701  1836.22  573.872  1349.61  1378.66   468.94  498.993  241.144  338.911    344.4        0        0        0        0        0        0        0        0        0        0        0        0        0        0 
17  49164.4  8490.21  7403.66  8053.52  2198.66   1874.6  2009.82  747.472  1523.21  1552.26   642.54  672.593  414.744  512.511      518        0        0        0        0        0        0        0        0        0        0        0        0        0        0 
18  49199.4  8525.21  7438.66  8088.52  2233.66   1909.6  2044.82  782.472  1558.21  1587.26   677.54  707.593  449.744  547.511      553        0        0        0        0        0        0        0        0        0        0        0        0        0        0 
19  49236.4  8562.21  7475.66  8125.52  2270.66   1946.6  2081.82  819.472  1595.21  1624.26   714.54  744.593  486.744  584.511      590        0        0        0        0        0        0        0        0        0        0        0        0        0        0 
20  49276.4  8602.21  7515.66  8165.52  2310.66   1986.6  2121.82  859.472  1635.21  1664.26   754.54  784.593  526.744  624.511      630        0        0        0        0        0        0        0        0        0        0        0        0        0        0 
21  49313.4  8639.21  7552.66  8202.52  2347.66   2023.6  2158.82  896.472  1672.21  1701.26   791.54  821.593  563.744  661.511      667        0        0        0        0        0        0        0        0        0        0        0        0        0        0 
22  49355.4  8681.21  7594.66  8244.52  2389.66   2065.6  2200.82  938.472  1714.21  1743.26   833.54  863.593  605.744  703.511      709        0        0        0        0        0        0        0        0        0        0        0        0        0        0 
23  49401.4  8727.21  7640.66  8290.52  2435.66   2111.6  2246.82  984.472  1760.21  1789.26   879.54  909.593  651.744  749.511      755        0        0        0        0        0        0        0        0        0        0        0        0        0        0 
24  49446.9   8772.7  7686.15  8336.01  2481.15  2157.09  2292.31  1029.96   1805.7  1834.75  925.029  955.082  697.233      795        0        0        0        0        0        0        0        0        0        0        0        0        0        0        0 
25  49587.6  8913.47  7826.92  8476.78  2621.91  2297.85  2433.07  1170.73  1946.47  1975.52   1065.8  1095.85      838        0        0        0        0        0        0        0        0        0        0        0        0        0        0        0        0 
26  49628.6  8954.47  7867.92  8517.78  2662.91  2338.85  2474.07  1211.73  1987.47  2016.52   1106.8  1136.85      879        0        0        0        0        0        0        0        0        0        0        0        0        0        0        0        0 
27  49528.8  8854.62  7768.07  8417.93  2563.06     2239  2374.22  1111.88  1887.62  1916.67  1006.95     1037        0        0        0        0        0        0        0        0        0        0        0        0        0        0        0        0        0 
28  49569.8  8895.62  7809.07  8458.93  2604.06     2280  2415.22  1152.88  1928.62  1957.67  1047.95     1078        0        0        0        0        0        0        0        0        0        0        0        0        0        0        0        0        0 
29  49615.8  8941.62  7855.07  8504.93  2650.06     2326  2461.22  1198.88  1974.62  2003.67  1093.95     1124        0        0        0        0        0        0        0        0        0        0        0        0        0        0        0        0        0 
30  49658.8  8984.62  7898.07  8547.93  2693.06     2369  2504.22  1241.88  2017.62  2046.67  1136.95     1167        0        0        0        0        0        0        0        0        0        0        0        0        0        0        0        0        0 
31  49740.8  9066.62  7980.07  8629.93  2775.06     2451  2586.22  1323.88  2099.62  2128.67  1218.95     1249        0        0        0        0        0        0        0        0        0        0        0        0        0        0        0        0        0 
32  49817.9  9143.67  8057.12  8706.98  2852.12  2528.06  2663.28  1400.93  2176.67  2205.72     1296        0        0        0        0        0        0        0        0        0        0        0        0        0        0        0        0        0        0 
33  49018.1  8343.95   7257.4  7907.26   2052.4  1728.34  1863.56  601.211  1376.95     1406        0        0        0        0        0        0        0        0        0        0        0        0        0        0        0        0        0        0        0 
34  49068.2  8394.01  7307.46  7957.32  2102.46   1778.4  1913.62  651.271  1427.01  1456.06        0        0        0        0        0        0        0        0        0        0        0        0        0        0        0        0        0        0        0 
35  50107.1  9432.95   8346.4  8996.26   3141.4  2817.34  2952.56  1690.21  2465.95     2495        0        0        0        0        0        0        0        0        0        0        0        0        0        0        0        0        0        0        0 
36  50203.1  9528.95   8442.4  9092.26   3237.4  2913.34  3048.56  1786.21  2561.95     2591        0        0        0        0        0        0        0        0        0        0        0        0        0        0        0        0        0        0        0 
37  50309.1  9634.95   8548.4  9198.26   3343.4  3019.34  3154.56  1892.21  2667.95     2697        0        0        0        0        0        0        0        0        0        0        0        0        0        0        0        0        0        0        0 
38  50419.1  9744.95   8658.4  9308.26   3453.4  3129.34  3264.56  2002.21  2777.95     2807        0        0        0        0        0        0        0        0        0        0        0        0        0        0        0        0        0        0        0 
39  50526.1  9851.95   8765.4  9415.26   3560.4  3236.34  3371.56  2109.21  2884.95     2914        0        0        0        0        0        0        0        0        0        0        0        0        0        0        0        0        0        0        0 
40  50634.1  9959.95   8873.4  9523.26   3668.4  3344.34  3479.56  2217.21  2992.95     3022        0        0        0        0        0        0        0        0        0        0        0        0        0        0        0        0        0        0        0 
41  50780.1    10106   9019.4  9669.26   3814.4  3490.34  3625.56  2363.21  3138.95     3168        0        0        0        0        0        0        0        0        0        0        0        0        0        0        0        0        0        0        0 
42  50920.2    10246  9159.45  9809.31  3954.45  3630.39  3765.61  2503.26     3279        0        0        0        0        0        0        0        0        0        0        0        0        0        0        0        0        0        0        0        0 
43  51814.9  11140.7  10054.2    10704  4849.19  4525.12  4660.35     3398        0        0        0        0        0        0        0        0        0        0        0        0        0        0        0        0        0        0        0        0        0 
44  51926.9  11252.7  10166.2    10816  4961.19  4637.12  4772.35     3510        0        0        0        0        0        0        0        0        0        0        0        0        0        0        0        0        0        0        0        0        0 
45  50977.6  10303.4  9216.85   9866.7  4011.84  3687.78     3823        0        0        0        0        0        0        0        0        0        0        0        0        0        0        0        0        0        0        0        0        0        0 
46  51075.6  10401.4  9314.85   9964.7  4109.84  3785.78     3921        0        0        0        0        0        0        0        0        0        0        0        0        0        0        0        0        0        0        0        0        0        0 
47  51185.6  10511.4  9424.85  10074.7  4219.84  3895.78     4031        0        0        0        0        0        0        0        0        0        0        0        0        0        0        0        0        0        0        0        0        0        0 
48  51285.6  10611.4  9524.85  10174.7  4319.84  3995.78     4131        0        0        0        0        0        0        0        0        0        0        0        0        0        0        0        0        0        0        0        0        0        0 
49  51554.6  10880.4  9793.85  10443.7  4588.84  4264.78     4400        0        0        0        0        0        0        0        0        0        0        0        0        0        0        0        0        0        0        0        0        0        0 
50  51802.8  11128.6  10042.1  10691.9  4837.06     4513        0        0        0        0        0        0        0        0        0        0        0        0        0        0        0        0        0        0        0        0        0        0        0 
51  51694.7  11020.6  9934.01  10583.9     4729        0        0        0        0        0        0        0        0        0        0        0        0        0        0        0        0        0        0        0        0        0        0        0        0 
52  51803.7  11129.6    10043  10692.9     4838        0        0        0        0        0        0        0        0        0        0        0        0        0        0        0        0        0        0        0        0        0        0        0        0 
53  51990.9  11316.7  10230.1    10880        0        0        0        0        0        0        0        0        0        0        0        0        0        0        0        0        0        0        0        0        0        0        0        0        0 
54  52263.9  11589.7  10503.1    11153        0        0        0        0        0        0        0        0        0        0        0        0        0        0        0        0        0        0        0        0        0        0        0        0        0 
55  52567.9  11893.7  10807.1    11457        0        0        0        0        0        0        0        0        0        0        0        0        0        0        0        0        0        0        0        0        0        0        0        0        0 
56  52849.9  12175.7  11089.1    11739        0        0        0        0        0        0        0        0        0        0        0        0        0        0        0        0        0        0        0        0        0        0        0        0        0 
57  53828.9  13154.7  12068.1    12718        0        0        0        0        0        0        0        0        0        0        0        0        0        0        0        0        0        0        0        0        0        0        0        0        0 
58  54810.7  14136.6    13050        0        0        0        0        0        0        0        0        0        0        0        0        0        0        0        0        0        0        0        0        0        0        0        0        0        0 
59  54136.2    13462        0        0        0        0        0        0        0        0        0        0        0        0        0        0        0        0        0        0        0        0        0        0        0        0        0        0        0 
60  54412.8  13738.6        0        0        0        0        0        0        0        0        0        0        0        0        0        0        0        0        0        0        0        0        0        0        0        0        0        0        0 
61  55865.9        0        0        0        0        0        0        0        0        0        0        0        0        0        0        0        0        0        0        0        0        0        0        0        0        0        0        0        0 
62  57120.6        0        0        0        0        0        0        0        0        0        0        0        0        0        0        0        0        0        0        0        0        0        0        0        0        0        0        0        0 
