Q      1s      2s       2p       2p*      3s      3p        3p*      4s       3d       3d*      4p       4p*      5s       4d       4d*      5p       5p*      6s       4f       4f*      5d       5d*      6p       6p*      7s       5f       5f*      6d       6d*
 0  50543.7   8464.2  7319.22  8016.96  1927.89  1587.92  1733.93  412.409  1226.16  1257.57  302.207   334.96  61.2885  167.316  173.331  32.6996    37.34  5.43743  19.3492  20.1105  5.97314  6.14421        0        0        0        0        0        0        0 
 1  50535.7  8456.17  7311.18  8008.92  1919.86  1579.88   1725.9  404.375  1218.12  1249.54  294.173  326.926   53.254  159.282  165.296  24.6651  29.3055 -2.59708  11.3147   12.076        0        0        0        0        0        0        0        0        0 
 2  50544.2  8464.63  7319.64  8017.39  1928.32  1588.35  1734.36  412.839  1226.59     1258  302.637   335.39   61.718  167.746   173.76  33.1291  37.7695  5.86692  19.7787    20.54        0        0        0        0        0        0        0        0        0 
 3  50568.1  8488.53  7343.54  8041.29  1952.22  1612.25  1758.26  436.739  1250.49   1281.9  326.537   359.29   85.618  191.646   197.66  57.0291  61.6695  29.7669  43.6787    44.44        0        0        0        0        0        0        0        0        0 
 4  50588.4  8508.89   7363.9  8061.65  1972.58  1632.61  1778.62  457.099  1270.85  1302.26  346.897   379.65  105.978  212.006   218.02  77.3891  82.0295  50.1269  64.0387     64.8        0        0        0        0        0        0        0        0        0 
 5  50612.6  8533.09   7388.1  8085.85  1996.78  1656.81  1802.82  481.299  1295.05  1326.46  371.097   403.85  130.178  236.206   242.22  101.589  106.229  74.3269  88.2387       89        0        0        0        0        0        0        0        0        0 
 6  50629.6  8550.09   7405.1  8102.85  2013.78  1673.81  1819.82  498.299  1312.05  1343.46  388.097   420.85  147.178  253.206   259.22  118.589  123.229  91.3269  105.239      106        0        0        0        0        0        0        0        0        0 
 7  50647.4  8567.85  7422.87  8120.61  2031.55  1691.57  1837.58   516.06  1329.81  1361.22  405.858  438.611  164.939  270.967  276.982   136.35  140.991  109.088      123        0        0        0        0        0        0        0        0        0        0 
 8  50682.3  8602.76  7457.78  8155.52  2066.46  1726.48   1872.5  550.972  1364.72  1396.13   440.77  473.523  199.851  305.879  311.893  171.262  175.903      144        0        0        0        0        0        0        0        0        0        0        0 
 9  50703.3  8623.76  7478.78  8176.52  2087.46  1747.48   1893.5  571.972  1385.72  1417.13   461.77  494.523  220.851  326.879  332.893  192.262  196.903      165        0        0        0        0        0        0        0        0        0        0        0 
10  50689.4  8609.86  7464.88  8162.62  2073.55  1733.58  1879.59  558.069  1371.82  1403.23  447.867   480.62  206.949  312.976  318.991   178.36      183        0        0        0        0        0        0        0        0        0        0        0        0 
11  50719.4  8639.86  7494.88  8192.62  2103.55  1763.58  1909.59  588.069  1401.82  1433.23  477.867   510.62  236.949  342.976  348.991   208.36      213        0        0        0        0        0        0        0        0        0        0        0        0 
12  50752.4  8672.86  7527.88  8225.62  2136.55  1796.58  1942.59  621.069  1434.82  1466.23  510.867   543.62  269.949  375.976  381.991   241.36      246        0        0        0        0        0        0        0        0        0        0        0        0 
13  50774.4  8694.86  7549.88  8247.62  2158.55  1818.58  1964.59  643.069  1456.82  1488.23  532.867   565.62  291.949  397.976  403.991   263.36      268        0        0        0        0        0        0        0        0        0        0        0        0 
14  50794.4  8714.86  7569.88  8267.62  2178.55  1838.58  1984.59  663.069  1476.82  1508.23  552.867   585.62  311.949  417.976  423.991   283.36      288        0        0        0        0        0        0        0        0        0        0        0        0 
15    50830   8750.5  7605.52  8303.26  2214.19  1874.22  2020.23   698.71  1512.46  1543.87  588.508  621.261  347.589  453.616  459.631      319        0        0        0        0        0        0        0        0        0        0        0        0        0 
16  50722.4  8642.87  7497.88  8195.63  2106.56  1766.59   1912.6  591.078  1404.83  1436.24  480.877   513.63  239.958  345.985      352        0        0        0        0        0        0        0        0        0        0        0        0        0        0 
17  50754.8  8675.27  7530.28  8228.03  2138.96  1798.99     1945  623.478  1437.23  1468.64  513.277   546.03  272.358  378.385    384.4        0        0        0        0        0        0        0        0        0        0        0        0        0        0 
18  50935.4  8855.87  7710.88  8408.63  2319.56  1979.59   2125.6  804.078  1617.83  1649.24  693.877   726.63  452.958  558.985      565        0        0        0        0        0        0        0        0        0        0        0        0        0        0 
19  50971.4  8891.87  7746.88  8444.63  2355.56  2015.59   2161.6  840.078  1653.83  1685.24  729.877   762.63  488.958  594.985      601        0        0        0        0        0        0        0        0        0        0        0        0        0        0 
20  51009.4  8929.87  7784.88  8482.63  2393.56  2053.59   2199.6  878.078  1691.83  1723.24  767.877   800.63  526.958  632.985      639        0        0        0        0        0        0        0        0        0        0        0        0        0        0 
21  51050.4  8970.87  7825.88  8523.63  2434.56  2094.59   2240.6  919.078  1732.83  1764.24  808.877   841.63  567.958  673.985      680        0        0        0        0        0        0        0        0        0        0        0        0        0        0 
22  51089.4  9009.87  7864.88  8562.63  2473.56  2133.59   2279.6  958.078  1771.83  1803.24  847.877   880.63  606.958  712.985      719        0        0        0        0        0        0        0        0        0        0        0        0        0        0 
23  51131.4  9051.87  7906.88  8604.63  2515.56  2175.59   2321.6  1000.08  1813.83  1845.24  889.877   922.63  648.958  754.985      761        0        0        0        0        0        0        0        0        0        0        0        0        0        0 
24  51180.4  9100.87  7955.88  8653.63  2564.56  2224.59   2370.6  1049.08  1862.83  1894.24  938.877   971.63  697.958  803.985      810        0        0        0        0        0        0        0        0        0        0        0        0        0        0 
25  51227.4  9147.88   8002.9  8700.64  2611.58   2271.6  2417.62  1096.09  1909.84  1941.25  985.891  1018.64  744.972      851        0        0        0        0        0        0        0        0        0        0        0        0        0        0        0 
26  51377.4  9297.91  8152.93  8850.67  2761.61  2421.63  2567.65  1246.12  2059.87  2091.28  1135.92  1168.67      895        0        0        0        0        0        0        0        0        0        0        0        0        0        0        0        0 
27  51419.4  9339.91  8194.93  8892.67  2803.61  2463.63  2609.65  1288.12  2101.87  2133.28  1177.92  1210.67      937        0        0        0        0        0        0        0        0        0        0        0        0        0        0        0        0 
28  51308.8  9229.24  8084.25     8782  2692.93  2352.96  2498.97  1177.45   1991.2  2022.61  1067.25     1100        0        0        0        0        0        0        0        0        0        0        0        0        0        0        0        0        0 
29  51350.8  9271.24  8126.25     8824  2734.93  2394.96  2540.97  1219.45   2033.2  2064.61  1109.25     1142        0        0        0        0        0        0        0        0        0        0        0        0        0        0        0        0        0 
30  51397.8  9318.24  8173.25     8871  2781.93  2441.96  2587.97  1266.45   2080.2  2111.61  1156.25     1189        0        0        0        0        0        0        0        0        0        0        0        0        0        0        0        0        0 
31  51441.8  9362.24  8217.25     8915  2825.93  2485.96  2631.97  1310.45   2124.2  2155.61  1200.25     1233        0        0        0        0        0        0        0        0        0        0        0        0        0        0        0        0        0 
32  51529.8  9450.24  8305.25     9003  2913.93  2573.96  2719.97  1398.45   2212.2  2243.61  1288.25     1321        0        0        0        0        0        0        0        0        0        0        0        0        0        0        0        0        0 
33  51609.5  9529.99  8385.01  9082.75  2993.69  2653.71  2799.73   1478.2  2291.95  2323.36     1368        0        0        0        0        0        0        0        0        0        0        0        0        0        0        0        0        0        0 
34  50767.2  8687.63  7542.65  8240.39  2151.32  1811.35  1957.36  635.839  1449.59     1481        0        0        0        0        0        0        0        0        0        0        0        0        0        0        0        0        0        0        0 
35  50818.5  8738.93  7593.95  8291.69  2202.62  1862.65  2008.66  687.139  1500.89   1532.3        0        0        0        0        0        0        0        0        0        0        0        0        0        0        0        0        0        0        0 
36  51907.2  9827.63  8682.65  9380.39  3291.32  2951.35  3097.36  1775.84  2589.59     2621        0        0        0        0        0        0        0        0        0        0        0        0        0        0        0        0        0        0        0 
37  52006.2  9926.63  8781.65  9479.39  3390.32  3050.35  3196.36  1874.84  2688.59     2720        0        0        0        0        0        0        0        0        0        0        0        0        0        0        0        0        0        0        0 
38  52113.2  10033.6  8888.65  9586.39  3497.32  3157.35  3303.36  1981.84  2795.59     2827        0        0        0        0        0        0        0        0        0        0        0        0        0        0        0        0        0        0        0 
39  52227.2  10147.6  9002.65  9700.39  3611.32  3271.35  3417.36  2095.84  2909.59     2941        0        0        0        0        0        0        0        0        0        0        0        0        0        0        0        0        0        0        0 
40  52336.2  10256.6  9111.65  9809.39  3720.32  3380.35  3526.36  2204.84  3018.59     3050        0        0        0        0        0        0        0        0        0        0        0        0        0        0        0        0        0        0        0 
41  52446.2  10366.6  9221.65  9919.39  3830.32  3490.35  3636.36  2314.84  3128.59     3160        0        0        0        0        0        0        0        0        0        0        0        0        0        0        0        0        0        0        0 
42  52598.2  10518.6  9373.65  10071.4  3982.32  3642.35  3788.36  2466.84  3280.59     3312        0        0        0        0        0        0        0        0        0        0        0        0        0        0        0        0        0        0        0 
43  52741.6    10662  9517.06  10214.8  4125.73  3785.76  3931.77  2610.25     3424        0        0        0        0        0        0        0        0        0        0        0        0        0        0        0        0        0        0        0        0 
44  53677.3  11597.8  10452.8  11150.5  5061.49  4721.51  4867.52     3546        0        0        0        0        0        0        0        0        0        0        0        0        0        0        0        0        0        0        0        0        0 
45  53791.3  11711.8  10566.8  11264.5  5175.49  4835.51  4981.52     3660        0        0        0        0        0        0        0        0        0        0        0        0        0        0        0        0        0        0        0        0        0 
46  52789.8  10710.3  9565.28    10263  4173.96  3833.98     3980        0        0        0        0        0        0        0        0        0        0        0        0        0        0        0        0        0        0        0        0        0        0 
47  52889.8  10810.3  9665.28    10363  4273.96  3933.98     4080        0        0        0        0        0        0        0        0        0        0        0        0        0        0        0        0        0        0        0        0        0        0 
48  53000.8  10921.3  9776.28    10474  4384.96  4044.98     4191        0        0        0        0        0        0        0        0        0        0        0        0        0        0        0        0        0        0        0        0        0        0 
49  53103.8  11024.3  9879.28    10577  4487.96  4147.98     4294        0        0        0        0        0        0        0        0        0        0        0        0        0        0        0        0        0        0        0        0        0        0 
50  53387.8  11308.3  10163.3    10861  4771.96  4431.98     4578        0        0        0        0        0        0        0        0        0        0        0        0        0        0        0        0        0        0        0        0        0        0 
51  53648.8  11569.3  10424.3    11122  5032.98     4693        0        0        0        0        0        0        0        0        0        0        0        0        0        0        0        0        0        0        0        0        0        0        0 
52  53529.8  11450.3  10305.3  11003.1     4914        0        0        0        0        0        0        0        0        0        0        0        0        0        0        0        0        0        0        0        0        0        0        0        0 
53  53640.8  11561.3  10416.3  11114.1     5025        0        0        0        0        0        0        0        0        0        0        0        0        0        0        0        0        0        0        0        0        0        0        0        0 
54  53799.8  11720.2  10575.3    11273        0        0        0        0        0        0        0        0        0        0        0        0        0        0        0        0        0        0        0        0        0        0        0        0        0 
55  54078.8  11999.2  10854.3    11552        0        0        0        0        0        0        0        0        0        0        0        0        0        0        0        0        0        0        0        0        0        0        0        0        0 
56  54387.8  12308.2  11163.3    11861        0        0        0        0        0        0        0        0        0        0        0        0        0        0        0        0        0        0        0        0        0        0        0        0        0 
57  54673.8  12594.2  11449.3    12147        0        0        0        0        0        0        0        0        0        0        0        0        0        0        0        0        0        0        0        0        0        0        0        0        0 
58  55709.8  13630.2  12485.3    13183        0        0        0        0        0        0        0        0        0        0        0        0        0        0        0        0        0        0        0        0        0        0        0        0        0 
59  56745.5    14666    13521        0        0        0        0        0        0        0        0        0        0        0        0        0        0        0        0        0        0        0        0        0        0        0        0        0        0 
60  56022.5    13943        0        0        0        0        0        0        0        0        0        0        0        0        0        0        0        0        0        0        0        0        0        0        0        0        0        0        0 
61  56304.1  14224.6        0        0        0        0        0        0        0        0        0        0        0        0        0        0        0        0        0        0        0        0        0        0        0        0        0        0        0 
62  57783.9        0        0        0        0        0        0        0        0        0        0        0        0        0        0        0        0        0        0        0        0        0        0        0        0        0        0        0        0 
63  59065.5        0        0        0        0        0        0        0        0        0        0        0        0        0        0        0        0        0        0        0        0        0        0        0        0        0        0        0        0 
