Q      1s      2s       2p       2p*      3s      3p        3p*      4s       3d       3d*      4p       4p*      5s       4d       4d*      5p       5p*      6s       4f       4f*      5d       5d*      6p       6p*      7s       5f       5f*      6d       6d*
 0  74352.4  13089.2  10970.3  12504.4  3110.36  2510.67  2850.16  690.799   2008.1  2080.91  499.936  580.582  108.388  303.853   319.04  58.8846  71.7068  7.86705  70.0127  73.0008  11.0976  12.1489        0        0        0        0        0        0        0 
 1  74357.3  13094.1  10975.1  12509.3  3115.22  2515.52  2855.01   695.65  2012.95  2085.77  504.787  585.433  113.239  308.704  323.891  63.7357  76.5578  12.7181  74.8637  77.8518  15.9487       17        0        0        0        0        0        0        0 
 2  74365.3  13102.1  10983.1  12517.3  3123.22  2523.52  2863.01   703.65  2020.95  2093.77  512.787  593.433  121.239  316.704  331.891  71.7357  84.5578  20.7181  82.8637  85.8518  23.9487       25        0        0        0        0        0        0        0 
 3  74381.3  13118.1  10999.1  12533.3  3139.22  2539.52  2879.01   719.65  2036.95  2109.77  528.787  609.433  137.239  332.704  347.891  87.7357  100.558  36.7181  98.8637  101.852  39.9487       41        0        0        0        0        0        0        0 
 4  74395.3  13132.1  11013.1  12547.3  3153.22  2553.52  2893.01   733.65  2050.95  2123.77  542.787  623.433  151.239  346.704  361.891  101.736  114.558  50.7181  112.864  115.852  53.9487       55        0        0        0        0        0        0        0 
 5  74411.4  13148.2  11029.3  12563.4  3169.37  2569.67  2909.16  749.802   2067.1  2139.92  558.938  639.584   167.39  362.855  378.042  117.887  130.709  66.8694  129.015  132.003     70.1        0        0        0        0        0        0        0        0 
 6  74364.5  13101.3  10982.4  12516.5  3122.46  2522.77  2862.26  702.899   2020.2  2093.01  512.035  592.681  120.487  315.952  331.139  70.9838   83.806  19.9663  82.1119     85.1        0        0        0        0        0        0        0        0        0 
 7  74381.4  13118.2  10999.3  12533.4  3139.38  2539.69  2879.18  719.819  2037.12  2109.93  528.955  609.601  137.407  332.872  348.059  87.9038  100.726  36.8863  99.0319   102.02        0        0        0        0        0        0        0        0        0 
 8  74448.1  13184.9    11066  12600.1  3206.06  2606.37  2945.86  786.499   2103.8  2176.61  595.635  676.281  204.087  399.552  414.739  154.584  167.406  103.566  165.712    168.7        0        0        0        0        0        0        0        0        0 
 9  74469.4  13206.2  11087.3  12621.4  3227.36  2627.67  2967.16  807.799   2125.1  2197.91  616.935  697.581  225.387  420.852  436.039  175.884  188.706  124.866  187.012      190        0        0        0        0        0        0        0        0        0 
10  74492.4  13229.2  11110.3  12644.4  3250.36  2650.67  2990.16  830.799   2148.1  2220.91  639.935  720.581  248.387  443.852  459.039  198.884  211.706  147.866  210.012      213        0        0        0        0        0        0        0        0        0 
11  74514.4  13251.2  11132.3  12666.4  3272.36  2672.67  3012.16  852.799   2170.1  2242.91  661.935  742.581  270.387  465.852  481.039  220.884  233.706  169.866  232.012      235        0        0        0        0        0        0        0        0        0 
12  74548.4  13285.2  11166.3  12700.4  3306.36  2706.67  3046.16  886.799   2204.1  2276.91  695.935  776.581  304.387  499.852  515.039  254.884  267.706  203.866  266.012      269        0        0        0        0        0        0        0        0        0 
13  74577.4  13314.2  11195.3  12729.4  3335.36  2735.67  3075.16  915.799   2233.1  2305.91  724.935  805.581  333.387  528.852  544.039  283.884  296.706  232.866  295.012      298        0        0        0        0        0        0        0        0        0 
14  74601.4  13338.2  11219.3  12753.4  3359.36  2759.67  3099.16  939.799   2257.1  2329.91  748.935  829.581  357.387  552.852  568.039  307.884  320.706  256.866  319.012      322        0        0        0        0        0        0        0        0        0 
15  74646.4  13383.2  11264.3  12798.4  3404.36  2804.67  3144.16  984.799   2302.1  2374.91  793.935  874.581  402.387  597.852  613.039  352.884  365.706  301.866  364.012      367        0        0        0        0        0        0        0        0        0 
16  74689.4  13426.2  11307.3  12841.4  3447.36  2847.67  3187.16   1027.8   2345.1  2417.91  836.935  917.581  445.387  640.852  656.039  395.884  408.706  344.866  407.012      410        0        0        0        0        0        0        0        0        0 
17  74715.4  13452.2  11333.3  12867.4  3473.36  2873.67  3213.16   1053.8   2371.1  2443.91  862.935  943.581  471.387  666.852  682.039  421.884  434.706  370.866  433.012      436        0        0        0        0        0        0        0        0        0 
18  74749.4  13486.2  11367.3  12901.4  3507.36  2907.67  3247.16   1087.8   2405.1  2477.91  896.935  977.581  505.387  700.852  716.039  455.884  468.706  404.866  467.012      470        0        0        0        0        0        0        0        0        0 
19  74802.4  13539.2  11420.3  12954.4  3560.35  2960.66  3300.14  1140.79  2458.09   2530.9  949.923  1030.57  558.375   753.84  769.027  508.872  521.694  457.854      520        0        0        0        0        0        0        0        0        0        0 
20  74914.6  13651.3  11532.4  13066.6   3672.5   3072.8  3412.29  1252.93  2570.23  2643.05  1062.07  1142.72  670.521  865.986  881.173  621.018   633.84      570        0        0        0        0        0        0        0        0        0        0        0 
21  74964.6  13701.3  11582.4  13116.6   3722.5   3122.8  3462.29  1302.93  2620.23  2693.05  1112.07  1192.72  720.521  915.986  931.173  671.018   683.84      620        0        0        0        0        0        0        0        0        0        0        0 
22  74950.7  13687.5  11568.6  13102.7  3708.66  3108.96  3448.45  1289.09  2606.39  2679.21  1098.23  1178.88  706.681  902.146  917.333  657.178      670        0        0        0        0        0        0        0        0        0        0        0        0 
23  75000.7  13737.5  11618.6  13152.7  3758.66  3158.96  3498.45  1339.09  2656.39  2729.21  1148.23  1228.88  756.681  952.146  967.333  707.178      720        0        0        0        0        0        0        0        0        0        0        0        0 
24  75050.7  13787.5  11668.6  13202.7  3808.66  3208.96  3548.45  1389.09  2706.39  2779.21  1198.23  1278.88  806.681  1002.15  1017.33  757.178      770        0        0        0        0        0        0        0        0        0        0        0        0 
25  75100.7  13837.5  11718.6  13252.7  3858.66  3258.96  3598.45  1439.09  2756.39  2829.21  1248.23  1328.88  856.681  1052.15  1067.33  807.178      820        0        0        0        0        0        0        0        0        0        0        0        0 
26  75150.7  13887.5  11768.6  13302.7  3908.66  3308.96  3648.45  1489.09  2806.39  2879.21  1298.23  1378.88  906.681  1102.15  1117.33  857.178      870        0        0        0        0        0        0        0        0        0        0        0        0 
27  75213.5  13950.3  11831.4  13365.5  3971.48  3371.79  3711.27  1551.91  2869.22  2942.03  1361.05   1441.7  969.503  1164.97  1180.16      920        0        0        0        0        0        0        0        0        0        0        0        0        0 
28  75003.4  13740.2  11621.2  13155.4  3761.32  3161.63  3501.12  1341.76  2659.06  2731.87   1150.9  1231.54  759.348  954.813      970        0        0        0        0        0        0        0        0        0        0        0        0        0        0 
29  75048.4  13785.2  11666.2  13200.4  3806.32  3206.63  3546.12  1386.76  2704.06  2776.87   1195.9  1276.54  804.348  999.813     1015        0        0        0        0        0        0        0        0        0        0        0        0        0        0 
30  75295.4  14032.2  11913.2  13447.4  4053.32  3453.63  3793.12  1633.76  2951.06  3023.87   1442.9  1523.54  1051.35  1246.81     1262        0        0        0        0        0        0        0        0        0        0        0        0        0        0 
31  75344.4  14081.2  11962.2  13496.4  4102.32  3502.63  3842.12  1682.76  3000.06  3072.87   1491.9  1572.54  1100.35  1295.81     1311        0        0        0        0        0        0        0        0        0        0        0        0        0        0 
32  75397.4  14134.2  12015.2  13549.4  4155.32  3555.63  3895.12  1735.76  3053.06  3125.87   1544.9  1625.54  1153.35  1348.81     1364        0        0        0        0        0        0        0        0        0        0        0        0        0        0 
33  75453.4  14190.2  12071.2  13605.4  4211.32  3611.63  3951.12  1791.76  3109.06  3181.87   1600.9  1681.54  1209.35  1404.81     1420        0        0        0        0        0        0        0        0        0        0        0        0        0        0 
34  75507.4  14244.2  12125.2  13659.4  4265.32  3665.63  4005.12  1845.76  3163.06  3235.87   1654.9  1735.54  1263.35  1458.81     1474        0        0        0        0        0        0        0        0        0        0        0        0        0        0 
35  75561.4  14298.2  12179.2  13713.4  4319.32  3719.63  4059.12  1899.76  3217.06  3289.87   1708.9  1789.54  1317.35  1512.81     1528        0        0        0        0        0        0        0        0        0        0        0        0        0        0 
36  75639.4  14376.2  12257.2  13791.4  4397.32  3797.63  4137.12  1977.76  3295.06  3367.87   1786.9  1867.54  1395.35  1590.81     1606        0        0        0        0        0        0        0        0        0        0        0        0        0        0 
37  75708.6  14445.3  12326.4  13860.6  4466.51  3866.82   4206.3  2046.95  3364.25  3437.06  1856.08  1936.73  1464.54     1660        0        0        0        0        0        0        0        0        0        0        0        0        0        0        0 
38    75964  14700.8  12581.9    14116  4721.98  4122.28  4461.77  2302.41  3619.71  3692.53  2111.55  2192.19     1720        0        0        0        0        0        0        0        0        0        0        0        0        0        0        0        0 
39    76020  14756.8  12637.9    14172  4777.98  4178.28  4517.77  2358.41  3675.71  3748.53  2167.55  2248.19     1776        0        0        0        0        0        0        0        0        0        0        0        0        0        0        0        0 
40  75767.8  14504.6  12385.7  13919.8  4525.78  3926.09  4265.57  2106.22  3423.52  3496.33  1915.35     1996        0        0        0        0        0        0        0        0        0        0        0        0        0        0        0        0        0 
41  75823.8  14560.6  12441.7  13975.8  4581.78  3982.09  4321.57  2162.22  3479.52  3552.33  1971.35     2052        0        0        0        0        0        0        0        0        0        0        0        0        0        0        0        0        0 
42  75883.8  14620.6  12501.7  14035.8  4641.78  4042.09  4381.57  2222.22  3539.52  3612.33  2031.35     2112        0        0        0        0        0        0        0        0        0        0        0        0        0        0        0        0        0 
43  75939.8  14676.6  12557.7  14091.8  4697.78  4098.09  4437.57  2278.22  3595.52  3668.33  2087.35     2168        0        0        0        0        0        0        0        0        0        0        0        0        0        0        0        0        0 
44  76107.8  14844.6  12725.7  14259.8  4865.78  4266.09  4605.57  2446.22  3763.52  3836.33  2255.35     2336        0        0        0        0        0        0        0        0        0        0        0        0        0        0        0        0        0 
45  76252.5  14989.3  12870.4  14404.5  5010.43  4410.73  4750.22  2590.86  3908.16  3980.98     2400        0        0        0        0        0        0        0        0        0        0        0        0        0        0        0        0        0        0 
46  74823.5  13560.3  11441.4  12975.5  3581.45  2981.76  3321.24  1161.89  2479.19     2552        0        0        0        0        0        0        0        0        0        0        0        0        0        0        0        0        0        0        0 
47    74887  13623.8  11504.9    13039  3644.95  3045.26  3384.74  1225.39  2542.69   2615.5        0        0        0        0        0        0        0        0        0        0        0        0        0        0        0        0        0        0        0 
48  76645.5  15382.3  13263.4  14797.5  5403.45  4803.76  5143.24  2983.89  4301.19     4374        0        0        0        0        0        0        0        0        0        0        0        0        0        0        0        0        0        0        0 
49  76772.5  15509.3  13390.4  14924.5  5530.45  4930.76  5270.24  3110.89  4428.19     4501        0        0        0        0        0        0        0        0        0        0        0        0        0        0        0        0        0        0        0 
50  76906.5  15643.3  13524.4  15058.5  5664.45  5064.76  5404.24  3244.89  4562.19     4635        0        0        0        0        0        0        0        0        0        0        0        0        0        0        0        0        0        0        0 
51  77050.5  15787.3  13668.4  15202.5  5808.45  5208.76  5548.24  3388.89  4706.19     4779        0        0        0        0        0        0        0        0        0        0        0        0        0        0        0        0        0        0        0 
52  77188.5  15925.3  13806.4  15340.5  5946.45  5346.76  5686.24  3526.89  4844.19     4917        0        0        0        0        0        0        0        0        0        0        0        0        0        0        0        0        0        0        0 
53  77323.5  16060.3  13941.4  15475.5  6081.45  5481.76  5821.24  3661.89  4979.19     5052        0        0        0        0        0        0        0        0        0        0        0        0        0        0        0        0        0        0        0 
54  77551.5  16288.3  14169.4  15703.5  6309.45  5709.76  6049.24  3889.89  5207.19     5280        0        0        0        0        0        0        0        0        0        0        0        0        0        0        0        0        0        0        0 
55  77765.3  16502.1  14383.2  15917.3  6523.26  5923.57  6263.06   4103.7     5421        0        0        0        0        0        0        0        0        0        0        0        0        0        0        0        0        0        0        0        0 
56  79236.6  17973.4  15854.5  17388.6  7994.57  7394.87  7734.36     5575        0        0        0        0        0        0        0        0        0        0        0        0        0        0        0        0        0        0        0        0        0 
57  79378.6  18115.4  15996.5  17530.6  8136.57  7536.87  7876.36     5717        0        0        0        0        0        0        0        0        0        0        0        0        0        0        0        0        0        0        0        0        0 
58  77617.3    16354  14235.1  15769.3  6375.21  5775.51     6115        0        0        0        0        0        0        0        0        0        0        0        0        0        0        0        0        0        0        0        0        0        0 
59  77742.3    16479  14360.1  15894.3  6500.21  5900.51     6240        0        0        0        0        0        0        0        0        0        0        0        0        0        0        0        0        0        0        0        0        0        0 
60  77878.3    16615  14496.1  16030.3  6636.21  6036.51     6376        0        0        0        0        0        0        0        0        0        0        0        0        0        0        0        0        0        0        0        0        0        0 
61  78005.3    16742  14623.1  16157.3  6763.21  6163.51     6503        0        0        0        0        0        0        0        0        0        0        0        0        0        0        0        0        0        0        0        0        0        0 
62  78541.3    17278  15159.1  16693.3  7299.21  6699.51     7039        0        0        0        0        0        0        0        0        0        0        0        0        0        0        0        0        0        0        0        0        0        0 
63  79026.7  17763.5  15644.6  17178.8   7784.7     7185        0        0        0        0        0        0        0        0        0        0        0        0        0        0        0        0        0        0        0        0        0        0        0 
64  78710.1  17446.8  15327.9  16862.1     7468        0        0        0        0        0        0        0        0        0        0        0        0        0        0        0        0        0        0        0        0        0        0        0        0 
65  78852.1  17588.8  15469.9  17004.1     7610        0        0        0        0        0        0        0        0        0        0        0        0        0        0        0        0        0        0        0        0        0        0        0        0 
66    78408  17144.8  15025.9    16560        0        0        0        0        0        0        0        0        0        0        0        0        0        0        0        0        0        0        0        0        0        0        0        0        0 
67    78748  17484.8  15365.9    16900        0        0        0        0        0        0        0        0        0        0        0        0        0        0        0        0        0        0        0        0        0        0        0        0        0 
68    79118  17854.8  15735.9    17270        0        0        0        0        0        0        0        0        0        0        0        0        0        0        0        0        0        0        0        0        0        0        0        0        0 
69    79468  18204.8  16085.9    17620        0        0        0        0        0        0        0        0        0        0        0        0        0        0        0        0        0        0        0        0        0        0        0        0        0 
70    81448  20184.8  18065.9    19600        0        0        0        0        0        0        0        0        0        0        0        0        0        0        0        0        0        0        0        0        0        0        0        0        0 
71  83412.1  22148.9    20030        0        0        0        0        0        0        0        0        0        0        0        0        0        0        0        0        0        0        0        0        0        0        0        0        0        0 
72  81833.2    20570        0        0        0        0        0        0        0        0        0        0        0        0        0        0        0        0        0        0        0        0        0        0        0        0        0        0        0 
73  82183.8  20920.6        0        0        0        0        0        0        0        0        0        0        0        0        0        0        0        0        0        0        0        0        0        0        0        0        0        0        0 
74  83976.2        0        0        0        0        0        0        0        0        0        0        0        0        0        0        0        0        0        0        0        0        0        0        0        0        0        0        0        0 
75  85614.4        0        0        0        0        0        0        0        0        0        0        0        0        0        0        0        0        0        0        0        0        0        0        0        0        0        0        0        0 
