Q      1s      2s       2p       2p*      3s      3p        3p*      4s       3d       3d*      4p       4p*      5s       4d       4d*      5p       5p*      6s       4f       4f*      5d       5d*      6p       6p*      7s       5f       5f*      6d       6d*
 0  99080.8  18199.1  14724.1  17478.6  4539.71  3584.58  4214.89  1124.19  2932.27   3063.1  819.628  980.142  228.821  556.169  586.358  140.845  174.399  29.1561  242.951  250.181  54.8754  59.5864    10.45  14.7047        0        0        0        0        0 
 1  99087.5  18205.8  14730.8  17485.3   4546.4  3591.28  4221.58  1130.89  2938.97   3069.8  826.323  986.837  235.516  562.865  593.053   147.54  181.094  35.8514  249.646  256.876  61.5707  66.2817  17.1453     21.4        0        0        0        0        0 
 2  99095.5  18213.8  14738.8  17493.3   4554.4  3599.28  4229.58  1138.89  2946.97   3077.8  834.323  994.837  243.516  570.865  601.053   155.54  189.094  43.8514  257.646  264.876  69.5707  74.2817  25.1453     29.4        0        0        0        0        0 
 3    99103  18221.3  14746.3  17500.8   4561.9  3606.78  4237.08  1146.39  2954.47   3085.3  841.823  1002.34  251.016  578.365  608.553   163.04  196.594  51.3514  265.146  272.376  77.0707  81.7817  32.6453     36.9        0        0        0        0        0 
 4    99119  18237.3  14762.3  17516.8   4577.9  3622.78  4253.08  1162.39  2970.47   3101.3  857.823  1018.34  267.016  594.365  624.553   179.04  212.594  67.3514  281.146  288.376  93.0707  97.7817  48.6453     52.9        0        0        0        0        0 
 5  99134.3  18252.6  14777.7  17532.2  4593.26  3638.13  4268.44  1177.74  2985.82  3116.65  873.178  1033.69  282.371  609.719  639.908  194.395  227.949   82.706    296.5  303.731  108.425  113.136       64        0        0        0        0        0        0 
 6  99109.2  18227.5  14752.6    17507  4568.12  3612.99   4243.3  1152.61  2960.69  3091.52  848.042  1008.56  257.235  584.583  614.771  169.258  202.812  57.5697  271.364  278.594   83.289       88        0        0        0        0        0        0        0 
 7  99123.2  18241.5  14766.6    17521  4582.12  3626.99   4257.3  1166.61  2974.69  3105.52  862.042  1022.56  271.235  598.583  628.771  183.258  216.812  71.5697  285.364  292.594   97.289      102        0        0        0        0        0        0        0 
 8  99175.2  18293.5  14818.6    17573  4634.12  3678.99   4309.3  1218.61  3026.69  3157.52  914.042  1074.56  323.235  650.583  680.771  235.258  268.812   123.57  337.364  344.594  149.289      154        0        0        0        0        0        0        0 
 9  99195.1  18313.4  14838.5  17592.9  4654.02  3698.89   4329.2  1238.51  3046.59  3177.42  933.942  1094.46  343.135  670.483  700.671  255.158  288.712   143.47  357.264  364.494  169.189    173.9        0        0        0        0        0        0        0 
10  99216.2  18334.5  14859.6    17614  4675.12  3719.99   4350.3  1259.61  3067.69  3198.52  955.042  1115.56  364.235  691.583  721.771  276.258  309.812   164.57  378.364  385.594  190.289      195        0        0        0        0        0        0        0 
11  99239.2  18357.5  14882.6    17637  4698.12  3742.99   4373.3  1282.61  3090.69  3221.52  978.042  1138.56  387.235  714.583  744.771  299.258  332.812   187.57  401.364  408.594  213.289      218        0        0        0        0        0        0        0 
12  99261.2  18379.5  14904.6    17659  4720.12  3764.99   4395.3  1304.61  3112.69  3243.52  1000.04  1160.56  409.235  736.583  766.771  321.258  354.812   209.57  423.364  430.594  235.289      240        0        0        0        0        0        0        0 
13  99285.2  18403.5  14928.6    17683  4744.12  3788.99   4419.3  1328.61  3136.69  3267.52  1024.04  1184.56  433.235  760.583  790.771  345.258  378.812   233.57  447.364  454.594  259.289      264        0        0        0        0        0        0        0 
14  99314.2  18432.5  14957.6    17712  4773.12  3817.99   4448.3  1357.61  3165.69  3296.52  1053.04  1213.56  462.235  789.583  819.771  374.258  407.812   262.57  476.364  483.594  288.289      293        0        0        0        0        0        0        0 
15  99342.9  18461.2  14986.3  17740.7  4801.83   3846.7  4477.01  1386.32   3194.4  3325.23  1081.75  1242.27  490.946  818.294  848.482  402.969  436.523  291.281  505.075  512.305      317        0        0        0        0        0        0        0        0 
16  99172.6  18290.9    14816  17570.4  4631.53   3676.4  4306.71  1216.01  3024.09  3154.92  911.447  1071.96   320.64  647.989  678.177  232.664  266.218  120.975   334.77      342        0        0        0        0        0        0        0        0        0 
17  99197.6  18315.9    14841  17595.4  4656.53   3701.4  4331.71  1241.01  3049.09  3179.92  936.447  1096.96   345.64  672.989  703.177  257.664  291.218  145.975   359.77      367        0        0        0        0        0        0        0        0        0 
18  99318.6  18436.9    14962  17716.4  4777.53   3822.4  4452.71  1362.01  3170.09  3300.92  1057.45  1217.96   466.64  793.989  824.177  378.664  412.218  266.975   480.77      488        0        0        0        0        0        0        0        0        0 
19  99350.6  18468.9    14994  17748.4  4809.53   3854.4  4484.71  1394.01  3202.09  3332.92  1089.45  1249.96   498.64  825.989  856.177  410.664  444.218  298.975   512.77      520        0        0        0        0        0        0        0        0        0 
20  99380.6  18498.9    15024  17778.4  4839.53   3884.4  4514.71  1424.01  3232.09  3362.92  1119.45  1279.96   528.64  855.989  886.177  440.664  474.218  328.975   542.77      550        0        0        0        0        0        0        0        0        0 
21  99410.6  18528.9    15054  17808.4  4869.53   3914.4  4544.71  1454.01  3262.09  3392.92  1149.45  1309.96   558.64  885.989  916.177  470.664  504.218  358.975   572.77      580        0        0        0        0        0        0        0        0        0 
22  99470.6  18588.9    15114  17868.4  4929.53   3974.4  4604.71  1514.01  3322.09  3452.92  1209.45  1369.96   618.64  945.989  976.177  530.664  564.218  418.975   632.77      640        0        0        0        0        0        0        0        0        0 
23  99510.6  18628.9    15154  17908.4  4969.53   4014.4  4644.71  1554.01  3362.09  3492.92  1249.45  1409.96   658.64  985.989  1016.18  570.664  604.218  458.975   672.77      680        0        0        0        0        0        0        0        0        0 
24  99590.6  18708.9    15234  17988.4  5049.53   4094.4  4724.71  1634.01  3442.09  3572.92  1329.45  1489.96   738.64  1065.99  1096.18  650.664  684.218  538.975   752.77      760        0        0        0        0        0        0        0        0        0 
25  99630.6  18748.9    15274  18028.4  5089.53   4134.4  4764.71  1674.01  3482.09  3612.92  1369.45  1529.96   778.64  1105.99  1136.18  690.664  724.218  578.975   792.77      800        0        0        0        0        0        0        0        0        0 
26  99680.6  18798.9    15324  18078.4  5139.53   4184.4  4814.71  1724.01  3532.09  3662.92  1419.45  1579.96   828.64  1155.99  1186.18  740.664  774.218  628.975   842.77      850        0        0        0        0        0        0        0        0        0 
27  99750.6  18868.9    15394  18148.4  5209.53   4254.4  4884.71  1794.01  3602.09  3732.92  1489.45  1649.96   898.64  1225.99  1256.18  810.664  844.218  698.975   912.77      920        0        0        0        0        0        0        0        0        0 
28  99810.6  18928.9    15454  18208.4  5269.53   4314.4  4944.71  1854.01  3662.09  3792.92  1549.45  1709.96   958.64  1285.99  1316.18  870.664  904.218  758.975   972.77      980        0        0        0        0        0        0        0        0        0 
29  99887.8  19006.1  15531.2  18285.7  5346.76  4391.63  5021.94  1931.24  3739.32  3870.15  1626.68  1787.19  1035.87  1363.22  1393.41  947.894  981.448  836.206     1050        0        0        0        0        0        0        0        0        0        0 
30   100162  19279.9    15805  18559.5  5620.55  4665.42  5295.73  2205.04  4013.12  4143.95  1900.47  2060.99  1309.67  1637.01   1667.2  1221.69  1255.24     1110        0        0        0        0        0        0        0        0        0        0        0 
31   100232  19349.9    15875  18629.5  5690.55  4735.42  5365.73  2275.04  4083.12  4213.95  1970.47  2130.99  1379.67  1707.01   1737.2  1291.69  1325.24     1180        0        0        0        0        0        0        0        0        0        0        0 
32   100156  19274.7  15799.8  18554.2  5615.31  4660.18  5290.49  2199.79  4007.88  4138.71  1895.23  2055.74  1304.42  1631.77  1661.96  1216.45     1250        0        0        0        0        0        0        0        0        0        0        0        0 
33   100216  19334.7  15859.8  18614.2  5675.31  4720.18  5350.49  2259.79  4067.88  4198.71  1955.23  2115.74  1364.42  1691.77  1721.96  1276.45     1310        0        0        0        0        0        0        0        0        0        0        0        0 
34   100296  19414.7  15939.8  18694.2  5755.31  4800.18  5430.49  2339.79  4147.88  4278.71  2035.23  2195.74  1444.42  1771.77  1801.96  1356.45     1390        0        0        0        0        0        0        0        0        0        0        0        0 
35   100366  19484.7  16009.8  18764.2  5825.31  4870.18  5500.49  2409.79  4217.88  4348.71  2105.23  2265.74  1514.42  1841.77  1871.96  1426.45     1460        0        0        0        0        0        0        0        0        0        0        0        0 
36   100426  19544.7  16069.8  18824.2  5885.31  4930.18  5560.49  2469.79  4277.88  4408.71  2165.23  2325.74  1574.42  1901.77  1931.96  1486.45     1520        0        0        0        0        0        0        0        0        0        0        0        0 
37   100530  19648.2  16173.3  18927.8  5988.86  5033.74  5664.04  2573.35  4381.43  4512.26  2268.78   2429.3  1677.98  2005.32  2035.51     1590        0        0        0        0        0        0        0        0        0        0        0        0        0 
38   100154  19272.7  15797.8  18552.3  5613.35  4658.22  5288.53  2197.83  4005.92  4136.75  1893.27  2053.78  1302.46  1629.81     1660        0        0        0        0        0        0        0        0        0        0        0        0        0        0 
39   100214  19332.7  15857.8  18612.3  5673.35  4718.22  5348.53  2257.83  4065.92  4196.75  1953.27  2113.78  1362.46  1689.81     1720        0        0        0        0        0        0        0        0        0        0        0        0        0        0 
40   100527  19645.7  16170.8  18925.3  5986.35  5031.22  5661.53  2570.83  4378.92  4509.75  2266.27  2426.78  1675.46  2002.81     2033        0        0        0        0        0        0        0        0        0        0        0        0        0        0 
41   100588  19706.7  16231.8  18986.3  6047.35  5092.22  5722.53  2631.83  4439.92  4570.75  2327.27  2487.78  1736.46  2063.81     2094        0        0        0        0        0        0        0        0        0        0        0        0        0        0 
42   100652  19770.7  16295.8  19050.3  6111.35  5156.22  5786.53  2695.83  4503.92  4634.75  2391.27  2551.78  1800.46  2127.81     2158        0        0        0        0        0        0        0        0        0        0        0        0        0        0 
43   100721  19839.7  16364.8  19119.3  6180.35  5225.22  5855.53  2764.83  4572.92  4703.75  2460.27  2620.78  1869.46  2196.81     2227        0        0        0        0        0        0        0        0        0        0        0        0        0        0 
44   100787  19905.7  16430.8  19185.3  6246.35  5291.22  5921.53  2830.83  4638.92  4769.75  2526.27  2686.78  1935.46  2262.81     2293        0        0        0        0        0        0        0        0        0        0        0        0        0        0 
45   100851  19969.7  16494.8  19249.3  6310.35  5355.22  5985.53  2894.83  4702.92  4833.75  2590.27  2750.78  1999.46  2326.81     2357        0        0        0        0        0        0        0        0        0        0        0        0        0        0 
46   100961  20079.7  16604.8  19359.3  6420.35  5465.22  6095.53  3004.83  4812.92  4943.75  2700.27  2860.78  2109.46  2436.81     2467        0        0        0        0        0        0        0        0        0        0        0        0        0        0 
47   101060  20177.9    16703  19457.4  6518.54  5563.41  6193.72  3103.02  4911.11  5041.93  2798.46  2958.97  2207.65     2535        0        0        0        0        0        0        0        0        0        0        0        0        0        0        0 
48   101458  20576.2  17101.3  19855.8  6916.89  5961.76  6592.06  3501.37  5309.45  5440.28  3196.81  3357.32     2606        0        0        0        0        0        0        0        0        0        0        0        0        0        0        0        0 
49   101526  20644.2  17169.3  19923.8  6984.89  6029.76  6660.06  3569.37  5377.45  5508.28  3264.81  3425.32     2674        0        0        0        0        0        0        0        0        0        0        0        0        0        0        0        0 
50   101045  20162.9    16688  19442.5  6503.57  5548.44  6178.74  3088.05  4896.13  5026.96  2783.49     2944        0        0        0        0        0        0        0        0        0        0        0        0        0        0        0        0        0 
51   101111  20228.9    16754  19508.5  6569.57  5614.44  6244.74  3154.05  4962.13  5092.96  2849.49     3010        0        0        0        0        0        0        0        0        0        0        0        0        0        0        0        0        0 
52   101183  20300.9    16826  19580.5  6641.57  5686.44  6316.74  3226.05  5034.13  5164.96  2921.49     3082        0        0        0        0        0        0        0        0        0        0        0        0        0        0        0        0        0 
53   101250  20367.9    16893  19647.5  6708.57  5753.44  6383.74  3293.05  5101.13  5231.96  2988.49     3149        0        0        0        0        0        0        0        0        0        0        0        0        0        0        0        0        0 
54   101534  20651.9    17177  19931.5  6992.57  6037.44  6667.74  3577.05  5385.13  5515.96  3272.49     3433        0        0        0        0        0        0        0        0        0        0        0        0        0        0        0        0        0 
55   101771  20889.4  17414.5    20169  7230.08  6274.95  6905.26  3814.56  5622.65  5753.48     3510        0        0        0        0        0        0        0        0        0        0        0        0        0        0        0        0        0        0 
56  99716.7    18835    15360  18114.5   5175.6  4220.48  4850.78  1760.09  3568.17     3699        0        0        0        0        0        0        0        0        0        0        0        0        0        0        0        0        0        0        0 
57  99794.7    18913    15438  18192.5   5253.6  4298.48  4928.78  1838.09  3646.17     3777        0        0        0        0        0        0        0        0        0        0        0        0        0        0        0        0        0        0        0 
58   102187    21305    17830  20584.5   7645.6  6690.48  7320.78  4230.09  6038.17     6169        0        0        0        0        0        0        0        0        0        0        0        0        0        0        0        0        0        0        0 
59   102336    21454    17979  20733.5   7794.6  6839.48  7469.78  4379.09  6187.17     6318        0        0        0        0        0        0        0        0        0        0        0        0        0        0        0        0        0        0        0 
60   102494    21612    18137  20891.5   7952.6  6997.48  7627.78  4537.09  6345.17     6476        0        0        0        0        0        0        0        0        0        0        0        0        0        0        0        0        0        0        0 
61   102664    21782    18307  21061.5   8122.6  7167.48  7797.78  4707.09  6515.17     6646        0        0        0        0        0        0        0        0        0        0        0        0        0        0        0        0        0        0        0 
62   102825    21943    18468  21222.5   8283.6  7328.48  7958.78  4868.09  6676.17     6807        0        0        0        0        0        0        0        0        0        0        0        0        0        0        0        0        0        0        0 
63   102982    22100    18625  21379.5   8440.6  7485.48  8115.78  5025.09  6833.17     6964        0        0        0        0        0        0        0        0        0        0        0        0        0        0        0        0        0        0        0 
64   103301    22419    18944  21698.5   8759.6  7804.48  8434.78  5344.09  7152.17     7283        0        0        0        0        0        0        0        0        0        0        0        0        0        0        0        0        0        0        0 
65   103598  22716.8  19241.9  21996.3  9057.43  8102.31  8732.61  5641.92     7450        0        0        0        0        0        0        0        0        0        0        0        0        0        0        0        0        0        0        0        0 
66   105587  24704.9    21230  23984.4  11045.5  10090.4  10720.7     7630        0        0        0        0        0        0        0        0        0        0        0        0        0        0        0        0        0        0        0        0        0 
67   105757  24874.9    21400  24154.4  11215.5  10260.4  10890.7     7800        0        0        0        0        0        0        0        0        0        0        0        0        0        0        0        0        0        0        0        0        0 
68   103126  22244.2  18769.3  21523.7  8584.82  7629.69     8260        0        0        0        0        0        0        0        0        0        0        0        0        0        0        0        0        0        0        0        0        0        0 
69   103276  22394.2  18919.3  21673.7  8734.82  7779.69     8410        0        0        0        0        0        0        0        0        0        0        0        0        0        0        0        0        0        0        0        0        0        0 
70   103436  22554.2  19079.3  21833.7  8894.82  7939.69     8570        0        0        0        0        0        0        0        0        0        0        0        0        0        0        0        0        0        0        0        0        0        0 
71   103576  22694.2  19219.3  21973.7  9034.82  8079.69     8710        0        0        0        0        0        0        0        0        0        0        0        0        0        0        0        0        0        0        0        0        0        0 
72   104476  23594.2  20119.3  22873.7  9934.82  8979.69     9610        0        0        0        0        0        0        0        0        0        0        0        0        0        0        0        0        0        0        0        0        0        0 
73   105276  24394.5  20919.6    23674  10735.1     9780        0        0        0        0        0        0        0        0        0        0        0        0        0        0        0        0        0        0        0        0        0        0        0 
74   104661  23779.3  20304.4  23058.9    10120        0        0        0        0        0        0        0        0        0        0        0        0        0        0        0        0        0        0        0        0        0        0        0        0 
75   104831  23949.3  20474.4  23228.9    10290        0        0        0        0        0        0        0        0        0        0        0        0        0        0        0        0        0        0        0        0        0        0        0        0 
76   103372  22490.4  19015.5    21770        0        0        0        0        0        0        0        0        0        0        0        0        0        0        0        0        0        0        0        0        0        0        0        0        0 
77   103762  22880.4  19405.5    22160        0        0        0        0        0        0        0        0        0        0        0        0        0        0        0        0        0        0        0        0        0        0        0        0        0 
78   104202  23320.4  19845.5    22600        0        0        0        0        0        0        0        0        0        0        0        0        0        0        0        0        0        0        0        0        0        0        0        0        0 
79   104592  23710.4  20235.5    22990        0        0        0        0        0        0        0        0        0        0        0        0        0        0        0        0        0        0        0        0        0        0        0        0        0 
80   107912  27030.4  23555.5    26310        0        0        0        0        0        0        0        0        0        0        0        0        0        0        0        0        0        0        0        0        0        0        0        0        0 
81   111187  30304.9    26830        0        0        0        0        0        0        0        0        0        0        0        0        0        0        0        0        0        0        0        0        0        0        0        0        0        0 
82   108372    27490        0        0        0        0        0        0        0        0        0        0        0        0        0        0        0        0        0        0        0        0        0        0        0        0        0        0        0 
83   108785  27903.1        0        0        0        0        0        0        0        0        0        0        0        0        0        0        0        0        0        0        0        0        0        0        0        0        0        0        0 
84   110842        0        0        0        0        0        0        0        0        0        0        0        0        0        0        0        0        0        0        0        0        0        0        0        0        0        0        0        0 
85   112844        0        0        0        0        0        0        0        0        0        0        0        0        0        0        0        0        0        0        0        0        0        0        0        0        0        0        0        0 
