Q      1s      2s       2p       2p*      3s      3p        3p*      4s       3d       3d*      4p       4p*      5s       4d       4d*      5p       5p*      6s       4f       4f*      5d       5d*      6p       6p*      7s       5f       5f*      6d       6d*
 0   107516  20009.7  15990.9  19244.7  5070.06  3972.96  4724.11  1303.84  3268.87  3422.57  953.682  1148.59  293.412  667.324  703.749  188.917  232.523  50.3777  329.394  338.458  90.1763  96.6568  23.8513   31.298  5.18574        0        0  4.69439  4.88149 
 1   107522  20016.3  15997.4  19251.2  5076.63  3979.52  4730.67   1310.4  3275.44  3429.14  960.246  1155.15  299.976  673.888  710.313  195.482  239.088  56.9419  335.959  345.023  96.7405  103.221  30.4156  37.8622    11.75        0        0        0        0 
 2   107528    20022  16003.1  19256.9  5082.31   3985.2  4736.35  1316.08  3281.12  3434.82  965.927  1160.83  305.657  679.569  715.994  201.163  244.769  62.6229   341.64  350.704  102.422  108.902  36.0966  43.5432   17.431        0        0        0        0 
 3   107529  20023.2  16004.4  19258.2  5083.56  3986.46  4737.61  1317.34  3282.37  3436.07  967.184  1162.09  306.914  680.826  717.251  202.419  246.025  63.8797  342.896  351.961  103.678  110.159  37.3533     44.8        0        0        0        0        0 
 4   107540  20033.4  16014.6  19268.4  5093.76  3996.66  4747.81  1327.54  3292.57  3446.27  977.384  1172.29  317.114  691.026  727.451  212.619  256.225  74.0797  353.096  362.161  113.878  120.359  47.5533       55        0        0        0        0        0 
 5   107552  20045.4  16026.6  19280.4  5105.76  4008.66  4759.81  1339.54  3304.57  3458.27  989.384  1184.29  329.114  703.026  739.451  224.619  268.225  86.0797  365.096  374.161  125.878  132.359  59.5533       67        0        0        0        0        0 
 6   107564  20057.4  16038.6  19292.4  5117.76  4020.66  4771.81  1351.54  3316.57  3470.27  1001.38  1196.29  341.114  715.026  751.451  236.619  280.225  98.0797  377.096  386.161  137.878  144.359  71.5533       79        0        0        0        0        0 
 7   107583  20077.3  16058.5  19312.3  5137.66  4040.56  4791.71  1371.44  3336.47  3490.17  1021.28  1216.19  361.014  734.926  771.351  256.519  300.125   117.98  396.996  406.061  157.778  164.259  91.4533     98.9        0        0        0        0        0 
 8   107606  20099.8  16080.9  19334.7  5160.11  4063.01  4814.16  1393.88  3358.92  3512.62  1043.73  1238.64  383.461  757.373  793.798  278.966  322.572  140.426  419.443  428.507  180.225  186.705    113.9        0        0        0        0        0        0 
 9   107563    20057  16038.1  19291.9   5117.3   4020.2  4771.35  1351.08  3316.11  3469.82  1000.92  1195.83  340.655  714.567  750.992  236.161  279.767  97.6209  376.638  385.702  137.419    143.9        0        0        0        0        0        0        0 
10   107580  20074.2  16055.3  19309.1   5134.5   4037.4  4788.55  1368.28  3333.31  3487.02  1018.12  1213.03  357.855  731.767  768.192  253.361  296.967  114.821  393.838  402.902  154.619    161.1        0        0        0        0        0        0        0 
11   107652  20146.1  16127.2    19381   5206.4   4109.3  4860.45  1440.18  3405.21  3558.92  1090.02  1284.93  429.755  803.667  840.092  325.261  368.867  186.721  465.738  474.802  226.519      233        0        0        0        0        0        0        0 
12   107674  20168.1  16149.2    19403   5228.4   4131.3  4882.45  1462.18  3427.21  3580.92  1112.02  1306.93  451.755  825.667  862.092  347.261  390.867  208.721  487.738  496.802  248.519      255        0        0        0        0        0        0        0 
13   107698  20192.1  16173.2    19427   5252.4   4155.3  4906.45  1486.18  3451.21  3604.92  1136.02  1330.93  475.755  849.667  886.092  371.261  414.867  232.721  511.738  520.802  272.519      279        0        0        0        0        0        0        0 
14   107724  20218.1  16199.2    19453   5278.4   4181.3  4932.45  1512.18  3477.21  3630.92  1162.02  1356.93  501.755  875.667  912.092  397.261  440.867  258.721  537.738  546.802  298.519      305        0        0        0        0        0        0        0 
15   107749  20243.1  16224.2    19478   5303.4   4206.3  4957.45  1537.18  3502.21  3655.92  1187.02  1381.93  526.755  900.667  937.092  422.261  465.867  283.721  562.738  571.802  323.519      330        0        0        0        0        0        0        0 
16   107774  20268.1  16249.2    19503   5328.4   4231.3  4982.45  1562.18  3527.21  3680.92  1212.02  1406.93  551.755  925.667  962.092  447.261  490.867  308.721  587.738  596.802  348.519      355        0        0        0        0        0        0        0 
17   107809  20303.1  16284.2    19538   5363.4   4266.3  5017.45  1597.18  3562.21  3715.92  1247.02  1441.93  586.755  960.667  997.092  482.261  525.867  343.721  622.738  631.802  383.519      390        0        0        0        0        0        0        0 
18   107842  20335.5  16316.7  19570.5  5395.88  4298.78  5049.93  1629.66  3594.69   3748.4  1279.51  1474.41  619.236  993.148  1029.57  514.741  558.347  376.201  655.218  664.282      416        0        0        0        0        0        0        0        0 
19   107621  20115.3  16096.4  19350.2   5175.6   4078.5  4829.65  1409.38  3374.41  3528.11  1059.22  1254.13  398.953  772.866  809.291  294.459  338.065  155.919  434.936      444        0        0        0        0        0        0        0        0        0 
20   107647  20141.3  16122.4  19376.2   5201.6   4104.5  4855.65  1435.38  3400.41  3554.11  1085.22  1280.13  424.953  798.866  835.291  320.459  364.065  181.919  460.936      470        0        0        0        0        0        0        0        0        0 
21   107787  20281.3  16262.4  19516.2   5341.6   4244.5  4995.65  1575.38  3540.41  3694.11  1225.22  1420.13  564.953  938.866  975.291  460.459  504.065  321.919  600.936      610        0        0        0        0        0        0        0        0        0 
22   107817  20311.3  16292.4  19546.2   5371.6   4274.5  5025.65  1605.38  3570.41  3724.11  1255.22  1450.13  594.953  968.866  1005.29  490.459  534.065  351.919  630.936      640        0        0        0        0        0        0        0        0        0 
23   107847  20341.3  16322.4  19576.2   5401.6   4304.5  5055.65  1635.38  3600.41  3754.11  1285.22  1480.13  624.953  998.866  1035.29  520.459  564.065  381.919  660.936      670        0        0        0        0        0        0        0        0        0 
24   107887  20381.3  16362.4  19616.2   5441.6   4344.5  5095.65  1675.38  3640.41  3794.11  1325.22  1520.13  664.953  1038.87  1075.29  560.459  604.065  421.919  700.936      710        0        0        0        0        0        0        0        0        0 
25   107957  20451.3  16432.4  19686.2   5511.6   4414.5  5165.65  1745.38  3710.41  3864.11  1395.22  1590.13  734.953  1108.87  1145.29  630.459  674.065  491.919  770.936      780        0        0        0        0        0        0        0        0        0 
26   107997  20491.3  16472.4  19726.2   5551.6   4454.5  5205.65  1785.38  3750.41  3904.11  1435.22  1630.13  774.953  1148.87  1185.29  670.459  714.065  531.919  810.936      820        0        0        0        0        0        0        0        0        0 
27   108097  20591.3  16572.4  19826.2   5651.6   4554.5  5305.65  1885.38  3850.41  4004.11  1535.22  1730.13  874.953  1248.87  1285.29  770.459  814.065  631.919  910.936      920        0        0        0        0        0        0        0        0        0 
28   108127  20621.3  16602.4  19856.2   5681.6   4584.5  5335.65  1915.38  3880.41  4034.11  1565.22  1760.13  904.953  1278.87  1315.29  800.459  844.065  661.919  940.936      950        0        0        0        0        0        0        0        0        0 
29   108207  20701.3  16682.4  19936.2   5761.6   4664.5  5415.65  1995.38  3960.41  4114.11  1645.22  1840.13  984.953  1358.87  1395.29  880.459  924.065  741.919  1020.94     1030        0        0        0        0        0        0        0        0        0 
30   108277  20771.3  16752.4  20006.2   5831.6   4734.5  5485.65  2065.38  4030.41  4184.11  1715.22  1910.13  1054.95  1428.87  1465.29  950.459  994.065  811.919  1090.94     1100        0        0        0        0        0        0        0        0        0 
31   108347  20841.3  16822.4  20076.2   5901.6   4804.5  5555.65  2135.38  4100.41  4254.11  1785.22  1980.13  1124.95  1498.87  1535.29  1020.46  1064.06  881.919  1160.94     1170        0        0        0        0        0        0        0        0        0 
32   108426  20920.3  16901.5  20155.3  5980.67  4883.56  5634.71  2214.44  4179.48  4333.18  1864.29  2059.19  1204.02  1577.93  1614.35  1099.52  1143.13  960.983     1240        0        0        0        0        0        0        0        0        0        0 
33   108775  21269.3  17250.5  20504.3  6329.68  5232.58  5983.73  2563.46  4528.49  4682.19   2213.3  2408.21  1553.03  1926.95  1963.37  1448.54  1492.15     1310        0        0        0        0        0        0        0        0        0        0        0 
34   108845  21339.3  17320.5  20574.3  6399.68  5302.58  6053.73  2633.46  4598.49  4752.19   2283.3  2478.21  1623.03  1996.95  2033.37  1518.54  1562.15     1380        0        0        0        0        0        0        0        0        0        0        0 
35   108743  21237.2  17218.3  20472.2  6297.54  5200.43  5951.59  2531.31  4496.35  4650.05  2181.16  2376.06  1520.89   1894.8  1931.23  1416.39     1460        0        0        0        0        0        0        0        0        0        0        0        0 
36   108813  21307.2  17288.3  20542.2  6367.54  5270.43  6021.59  2601.31  4566.35  4720.05  2251.16  2446.06  1590.89   1964.8  2001.23  1486.39     1530        0        0        0        0        0        0        0        0        0        0        0        0 
37   108893  21387.2  17368.3  20622.2  6447.54  5350.43  6101.59  2681.31  4646.35  4800.05  2331.16  2526.06  1670.89   2044.8  2081.23  1566.39     1610        0        0        0        0        0        0        0        0        0        0        0        0 
38   108963  21457.2  17438.3  20692.2  6517.54  5420.43  6171.59  2751.31  4716.35  4870.05  2401.16  2596.06  1740.89   2114.8  2151.23  1636.39     1680        0        0        0        0        0        0        0        0        0        0        0        0 
39   109033  21527.2  17508.3  20762.2  6587.54  5490.43  6241.59  2821.31  4786.35  4940.05  2471.16  2666.06  1810.89   2184.8  2221.23  1706.39     1750        0        0        0        0        0        0        0        0        0        0        0        0 
40   109147  21640.8    17622  20875.8  6701.14  5604.04  6355.19  2934.92  4899.95  5053.65  2584.76  2779.67  1924.49  2298.41  2334.83     1820        0        0        0        0        0        0        0        0        0        0        0        0        0 
41   108712    21206  17187.1  20440.9  6266.31  5169.21  5920.36  2500.09  4465.12  4618.82  2149.93  2344.84  1489.66  1863.58     1900        0        0        0        0        0        0        0        0        0        0        0        0        0        0 
42   108782    21276  17257.1  20510.9  6336.31  5239.21  5990.36  2570.09  4535.12  4688.82  2219.93  2414.84  1559.66  1933.58     1970        0        0        0        0        0        0        0        0        0        0        0        0        0        0 
43   109110    21604  17585.1  20838.9  6664.31  5567.21  6318.36  2898.09  4863.12  5016.82  2547.93  2742.84  1887.66  2261.58     2298        0        0        0        0        0        0        0        0        0        0        0        0        0        0 
44   109174    21668  17649.1  20902.9  6728.31  5631.21  6382.36  2962.09  4927.12  5080.82  2611.93  2806.84  1951.66  2325.58     2362        0        0        0        0        0        0        0        0        0        0        0        0        0        0 
45   109242    21736  17717.1  20970.9  6796.31  5699.21  6450.36  3030.09  4995.12  5148.82  2679.93  2874.84  2019.66  2393.58     2430        0        0        0        0        0        0        0        0        0        0        0        0        0        0 
46   109315    21809  17790.1  21043.9  6869.31  5772.21  6523.36  3103.09  5068.12  5221.82  2752.93  2947.84  2092.66  2466.58     2503        0        0        0        0        0        0        0        0        0        0        0        0        0        0 
47   109384    21878  17859.1  21112.9  6938.31  5841.21  6592.36  3172.09  5137.12  5290.82  2821.93  3016.84  2161.66  2535.58     2572        0        0        0        0        0        0        0        0        0        0        0        0        0        0 
48   109451    21945  17926.1  21179.9  7005.31  5908.21  6659.36  3239.09  5204.12  5357.82  2888.93  3083.84  2228.66  2602.58     2639        0        0        0        0        0        0        0        0        0        0        0        0        0        0 
49   109574    22068  18049.1  21302.9  7128.31  6031.21  6782.36  3362.09  5327.12  5480.82  3011.93  3206.84  2351.66  2725.58     2762        0        0        0        0        0        0        0        0        0        0        0        0        0        0 
50   109682  22175.4  18156.5  21410.4  7235.74  6138.63  6889.78  3469.51  5434.55  5588.25  3119.36  3314.26  2459.09     2833        0        0        0        0        0        0        0        0        0        0        0        0        0        0        0 
51   110130  22624.3  18605.5  21859.3  7684.65  6587.55   7338.7  3918.42  5883.46  6037.16  3568.27  3763.17     2908        0        0        0        0        0        0        0        0        0        0        0        0        0        0        0        0 
52   110202  22696.3  18677.5  21931.3  7756.65  6659.55   7410.7  3990.42  5955.46  6109.16  3640.27  3835.17     2980        0        0        0        0        0        0        0        0        0        0        0        0        0        0        0        0 
53   109631  22125.1  18106.3  21360.1  7185.47  6088.37  6839.52  3419.25  5384.28  5537.99  3069.09     3264        0        0        0        0        0        0        0        0        0        0        0        0        0        0        0        0        0 
54   109701  22195.1  18176.3  21430.1  7255.47  6158.37  6909.52  3489.25  5454.28  5607.99  3139.09     3334        0        0        0        0        0        0        0        0        0        0        0        0        0        0        0        0        0 
55   109776  22270.1  18251.3  21505.1  7330.47  6233.37  6984.52  3564.25  5529.28  5682.99  3214.09     3409        0        0        0        0        0        0        0        0        0        0        0        0        0        0        0        0        0 
56   109846  22340.1  18321.3  21575.1  7400.47  6303.37  7054.52  3634.25  5599.28  5752.99  3284.09     3479        0        0        0        0        0        0        0        0        0        0        0        0        0        0        0        0        0 
57   110178  22672.1  18653.3  21907.1  7732.47  6635.37  7386.52  3966.25  5931.28  6084.99  3616.09     3811        0        0        0        0        0        0        0        0        0        0        0        0        0        0        0        0        0 
58   110455    22949  18930.2    22184  8009.38  6912.28  7663.43  4243.15  6208.19  6361.89     3893        0        0        0        0        0        0        0        0        0        0        0        0        0        0        0        0        0        0 
59   108186  20680.2  16661.3  19915.1  5740.49  4643.39  5394.54  1974.26   3939.3     4093        0        0        0        0        0        0        0        0        0        0        0        0        0        0        0        0        0        0        0 
60   108268  20762.2  16743.3  19997.1  5822.49  4725.39  5476.54  2056.26   4021.3     4175        0        0        0        0        0        0        0        0        0        0        0        0        0        0        0        0        0        0        0 
61   110860  23354.2  19335.3  22589.1  8414.49  7317.39  8068.54  4648.26   6613.3     6767        0        0        0        0        0        0        0        0        0        0        0        0        0        0        0        0        0        0        0 
62   111016  23510.2  19491.3  22745.1  8570.49  7473.39  8224.54  4804.26   6769.3     6923        0        0        0        0        0        0        0        0        0        0        0        0        0        0        0        0        0        0        0 
63   111181  23675.2  19656.3  22910.1  8735.49  7638.39  8389.54  4969.26   6934.3     7088        0        0        0        0        0        0        0        0        0        0        0        0        0        0        0        0        0        0        0 
64   111358  23852.2  19833.3  23087.1  8912.49  7815.39  8566.54  5146.26   7111.3     7265        0        0        0        0        0        0        0        0        0        0        0        0        0        0        0        0        0        0        0 
65   111523  24017.2  19998.3  23252.1  9077.49  7980.39  8731.54  5311.26   7276.3     7430        0        0        0        0        0        0        0        0        0        0        0        0        0        0        0        0        0        0        0 
66   111693  24187.2  20168.3  23422.1  9247.49  8150.39  8901.54  5481.26   7446.3     7600        0        0        0        0        0        0        0        0        0        0        0        0        0        0        0        0        0        0        0 
67   112043  24537.2  20518.3  23772.1  9597.49  8500.39  9251.54  5831.26   7796.3     7950        0        0        0        0        0        0        0        0        0        0        0        0        0        0        0        0        0        0        0 
68   112367  24860.9    20842  24095.8  9921.19  8824.09  9575.24  6154.96     8120        0        0        0        0        0        0        0        0        0        0        0        0        0        0        0        0        0        0        0        0 
69   114522  27015.9    22997  26250.8  12076.2  10979.1  11730.3     8310        0        0        0        0        0        0        0        0        0        0        0        0        0        0        0        0        0        0        0        0        0 
70   114692  27185.9    23167  26420.8  12246.2  11149.1  11900.3     8480        0        0        0        0        0        0        0        0        0        0        0        0        0        0        0        0        0        0        0        0        0 
71   111762  24255.6  20236.8  23490.6  9315.95  8218.85     8970        0        0        0        0        0        0        0        0        0        0        0        0        0        0        0        0        0        0        0        0        0        0 
72   111912  24405.6  20386.8  23640.6  9465.95  8368.85     9120        0        0        0        0        0        0        0        0        0        0        0        0        0        0        0        0        0        0        0        0        0        0 
73   112082  24575.6  20556.8  23810.6  9635.95  8538.85     9290        0        0        0        0        0        0        0        0        0        0        0        0        0        0        0        0        0        0        0        0        0        0 
74   112232  24725.6  20706.8  23960.6  9785.95  8688.85     9440        0        0        0        0        0        0        0        0        0        0        0        0        0        0        0        0        0        0        0        0        0        0 
75   113272  25765.6  21746.8  25000.6    10826  9728.85    10480        0        0        0        0        0        0        0        0        0        0        0        0        0        0        0        0        0        0        0        0        0        0 
76   114203  26696.8  22677.9  25931.7  11757.1    10660        0        0        0        0        0        0        0        0        0        0        0        0        0        0        0        0        0        0        0        0        0        0        0 
77   113476  25969.7  21950.8  25204.6    11030        0        0        0        0        0        0        0        0        0        0        0        0        0        0        0        0        0        0        0        0        0        0        0        0 
78   113646  26139.7  22120.8  25374.6    11200        0        0        0        0        0        0        0        0        0        0        0        0        0        0        0        0        0        0        0        0        0        0        0        0 
79   111751    24245  20226.2    23480        0        0        0        0        0        0        0        0        0        0        0        0        0        0        0        0        0        0        0        0        0        0        0        0        0 
80   112161    24655  20636.2    23890        0        0        0        0        0        0        0        0        0        0        0        0        0        0        0        0        0        0        0        0        0        0        0        0        0 
81   112611    25105  21086.2    24340        0        0        0        0        0        0        0        0        0        0        0        0        0        0        0        0        0        0        0        0        0        0        0        0        0 
82   113031    25525  21506.2    24760        0        0        0        0        0        0        0        0        0        0        0        0        0        0        0        0        0        0        0        0        0        0        0        0        0 
83   116881    29375  25356.2    28610        0        0        0        0        0        0        0        0        0        0        0        0        0        0        0        0        0        0        0        0        0        0        0        0        0 
84   120685  33178.9    29160        0        0        0        0        0        0        0        0        0        0        0        0        0        0        0        0        0        0        0        0        0        0        0        0        0        0 
85   117356    29850        0        0        0        0        0        0        0        0        0        0        0        0        0        0        0        0        0        0        0        0        0        0        0        0        0        0        0 
86   117799  30293.1        0        0        0        0        0        0        0        0        0        0        0        0        0        0        0        0        0        0        0        0        0        0        0        0        0        0        0 
87   119939        0        0        0        0        0        0        0        0        0        0        0        0        0        0        0        0        0        0        0        0        0        0        0        0        0        0        0        0 
88   122063        0        0        0        0        0        0        0        0        0        0        0        0        0        0        0        0        0        0        0        0        0        0        0        0        0        0        0        0 
