Q      1s      2s       2p       2p*      3s      3p        3p*      4s       3d       3d*      4p       4p*      5s       4d       4d*      5p       5p*      6s       4f       4f*      5d       5d*      6p       6p*      7s       5f       5f*      6d       6d*
 0   110438  20641.6  16424.5  19861.5   5254.9  4106.08  4901.77  1365.87  3383.95  3545.92  999.095   1206.8  314.786  704.828  743.543  204.268  251.712  56.2188  358.558  368.303   101.19  108.342  27.2664  35.8547   5.6994        0        0  5.73327  6.06754 
 1   110444    20648  16430.8  19867.9  5261.26  4112.45  4908.14  1372.23  3390.32  3552.29  1005.46  1213.17  321.153  711.195   749.91  210.635  258.079  62.5855  364.925   374.67  107.557  114.709  33.6331  42.2214  12.0661        0        0     12.1        0 
 2   110450  20654.2  16437.1  19874.1  5267.52   4118.7   4914.4  1378.49  3396.57  3558.54  1011.72  1219.42  327.407  717.449  756.164  216.889  264.332  68.8394  371.179  380.923  113.811  120.963   39.887  48.4753    18.32        0        0        0        0 
 3   110461  20664.6  16447.4  19884.5  5277.85  4129.03  4924.72  1388.81   3406.9  3568.87  1022.04  1229.75  337.735  727.777  766.492  227.217   274.66  79.1674  381.507  391.251  124.139  131.291   50.215  58.8033   28.648        0        0        0        0 
 4   110460  20663.7  16446.6  19883.7  5277.04  4128.22  4923.92  1388.01   3406.1  3568.07  1021.24  1228.95  336.932  726.973  765.688  226.414  273.857  78.3641  380.703  390.448  123.335  130.488  49.4117       58        0        0        0        0        0 
 5   110471  20674.8  16457.7  19894.8  5288.14  4139.32  4935.02  1399.11   3417.2  3579.17  1032.34  1240.05  348.032  738.073  776.788  237.514  284.957  89.4641  391.803  401.548  134.435  141.588  60.5117     69.1        0        0        0        0        0 
 6   110484  20687.7  16470.6  19907.7  5301.04  4152.22  4947.92  1412.01   3430.1  3592.07  1045.24  1252.95  360.932  750.973  789.688  250.414  297.857  102.364  404.703  414.448  147.335  154.488  73.4117       82        0        0        0        0        0 
 7   110497  20700.7  16483.6  19920.7  5314.04  4165.22  4960.92  1425.01   3443.1  3605.07  1058.24  1265.95  373.932  763.973  802.688  263.414  310.857  115.364  417.703  427.448  160.335  167.488  86.4117       95        0        0        0        0        0 
 8   110520  20723.7  16506.6  19943.7  5337.04  4188.22  4983.92  1448.01   3466.1  3628.07  1081.24  1288.95  396.932  786.973  825.688  286.414  333.857  138.364  440.703  450.448  183.335  190.488  109.412      118        0        0        0        0        0 
 9   110543  20747.3  16530.2  19967.3  5360.63  4211.81  5007.51   1471.6  3489.69  3651.66  1104.83  1312.54   420.52  810.562  849.277  310.002  357.445  161.952  464.292  474.036  206.924  214.076      133        0        0        0        0        0        0 
10   110494  20698.3  16481.1  19918.2  5311.55  4162.74  4958.43  1422.52  3440.61  3602.58  1055.75  1263.46  371.444  761.486  800.201  260.926   308.37  112.876  415.216  424.961  157.848      165        0        0        0        0        0        0        0 
11   110510  20714.3  16497.1  19934.2  5327.55  4178.74  4974.43  1438.52  3456.61  3618.58  1071.75  1279.46  387.444  777.486  816.201  276.926   324.37  128.876  431.216  440.961  173.848      181        0        0        0        0        0        0        0 
12   110591  20795.3  16578.1  20015.2  5408.55  4259.74  5055.43  1519.52  3537.61  3699.58  1152.75  1360.46  468.444  858.486  897.201  357.926   405.37  209.876  512.216  521.961  254.848      262        0        0        0        0        0        0        0 
13   110614  20818.3  16601.1  20038.2  5431.55  4282.74  5078.43  1542.52  3560.61  3722.58  1175.75  1383.46  491.444  881.486  920.201  380.926   428.37  232.876  535.216  544.961  277.848      285        0        0        0        0        0        0        0 
14   110639  20843.3  16626.1  20063.2  5456.55  4307.74  5103.43  1567.52  3585.61  3747.58  1200.75  1408.46  516.444  906.486  945.201  405.926   453.37  257.876  560.216  569.961  302.848      310        0        0        0        0        0        0        0 
15   110665  20869.3  16652.1  20089.2  5482.55  4333.74  5129.43  1593.52  3611.61  3773.58  1226.75  1434.46  542.444  932.486  971.201  431.926   479.37  283.876  586.216  595.961  328.848      336        0        0        0        0        0        0        0 
16   110691  20895.3  16678.1  20115.2  5508.55  4359.74  5155.43  1619.52  3637.61  3799.58  1252.75  1460.46  568.444  958.486  997.201  457.926   505.37  309.876  612.216  621.961  354.848      362        0        0        0        0        0        0        0 
17   110718  20922.3  16705.1  20142.2  5535.55  4386.74  5182.43  1646.52  3664.61  3826.58  1279.75  1487.46  595.444  985.486   1024.2  484.926   532.37  336.876  639.216  648.961  381.848      389        0        0        0        0        0        0        0 
18   110753  20957.3  16740.1  20177.2  5570.55  4421.74  5217.43  1681.52  3699.61  3861.58  1314.75  1522.46  630.444  1020.49   1059.2  519.926   567.37  371.876  674.216  683.961  416.848      424        0        0        0        0        0        0        0 
19   110787  20991.4  16774.3  20211.3  5604.71  4455.89  5251.58  1715.68  3733.76  3895.73  1348.91  1556.61  664.597  1054.64  1093.35  554.079  601.522  406.029  708.368  718.113      451        0        0        0        0        0        0        0        0 
20   110549  20753.3  16536.2  19973.2  5366.59  4217.78  5013.47  1477.56  3495.65  3657.62  1110.79   1318.5  426.484  816.525   855.24  315.966  363.409  167.916  470.255      480        0        0        0        0        0        0        0        0        0 
21   110577  20781.3  16564.2  20001.2  5394.59  4245.78  5041.47  1505.56  3523.65  3685.62  1138.79   1346.5  454.484  844.525   883.24  343.966  391.409  195.916  498.255      508        0        0        0        0        0        0        0        0        0 
22   110719  20923.3  16706.2  20143.2  5536.59  4387.78  5183.47  1647.56  3665.65  3827.62  1280.79   1488.5  596.484  986.525  1025.24  485.966  533.409  337.916  640.255      650        0        0        0        0        0        0        0        0        0 
23   110749  20953.3  16736.2  20173.2  5566.59  4417.78  5213.47  1677.56  3695.65  3857.62  1310.79   1518.5  626.484  1016.53  1055.24  515.966  563.409  367.916  670.255      680        0        0        0        0        0        0        0        0        0 
24   110789  20993.3  16776.2  20213.2  5606.59  4457.78  5253.47  1717.56  3735.65  3897.62  1350.79   1558.5  666.484  1056.53  1095.24  555.966  603.409  407.916  710.255      720        0        0        0        0        0        0        0        0        0 
25   110819  21023.3  16806.2  20243.2  5636.59  4487.78  5283.47  1747.56  3765.65  3927.62  1380.79   1588.5  696.484  1086.53  1125.24  585.966  633.409  437.916  740.255      750        0        0        0        0        0        0        0        0        0 
26   110899  21103.3  16886.2  20323.2  5716.59  4567.78  5363.47  1827.56  3845.65  4007.62  1460.79   1668.5  776.484  1166.53  1205.24  665.966  713.409  517.916  820.255      830        0        0        0        0        0        0        0        0        0 
27   110939  21143.3  16926.2  20363.2  5756.59  4607.78  5403.47  1867.56  3885.65  4047.62  1500.79   1708.5  816.484  1206.53  1245.24  705.966  753.409  557.916  860.255      870        0        0        0        0        0        0        0        0        0 
28   111039  21243.3  17026.2  20463.2  5856.59  4707.78  5503.47  1967.56  3985.65  4147.62  1600.79   1808.5  916.484  1306.53  1345.24  805.966  853.409  657.916  960.255      970        0        0        0        0        0        0        0        0        0 
29   111079  21283.3  17066.2  20503.2  5896.59  4747.78  5543.47  2007.56  4025.65  4187.62  1640.79   1848.5  956.484  1346.53  1385.24  845.966  893.409  697.916  1000.26     1010        0        0        0        0        0        0        0        0        0 
30   111159  21363.3  17146.2  20583.2  5976.59  4827.78  5623.47  2087.56  4105.65  4267.62  1720.79   1928.5  1036.48  1426.53  1465.24  925.966  973.409  777.916  1080.26     1090        0        0        0        0        0        0        0        0        0 
31   111229  21433.3  17216.2  20653.2  6046.59  4897.78  5693.47  2157.56  4175.65  4337.62  1790.79   1998.5  1106.48  1496.53  1535.24  995.966  1043.41  847.916  1150.26     1160        0        0        0        0        0        0        0        0        0 
32   111309  21513.3  17296.2  20733.2  6126.59  4977.78  5773.47  2237.56  4255.65  4417.62  1870.79   2078.5  1186.48  1576.53  1615.24  1075.97  1123.41  927.916  1230.26     1240        0        0        0        0        0        0        0        0        0 
33   111389    21593  17375.9    20813  6206.34  5057.52  5853.22  2317.31   4335.4  4497.37  1950.54  2158.25  1266.23  1656.27  1694.98  1155.71  1203.15  1007.66     1310        0        0        0        0        0        0        0        0        0        0 
34   111761  21965.4  17748.3  21185.3  6578.68  5429.86  6225.56  2689.65  4707.73  4869.71  2322.88  2530.58  1638.57  2028.61  2067.32  1528.05  1575.49     1380        0        0        0        0        0        0        0        0        0        0        0 
35   111841  22045.4  17828.3  21265.3  6658.68  5509.86  6305.56  2769.65  4787.73  4949.71  2402.88  2610.58  1718.57  2108.61  2147.32  1608.05  1655.49     1460        0        0        0        0        0        0        0        0        0        0        0 
36   111716  21919.9  17702.8  21139.8  6533.18  5384.37  6180.06  2644.15  4662.24  4824.21  2277.38  2485.09  1593.07  1983.12  2021.83  1482.56     1530        0        0        0        0        0        0        0        0        0        0        0        0 
37   111786  21989.9  17772.8  21209.8  6603.18  5454.37  6250.06  2714.15  4732.24  4894.21  2347.38  2555.09  1663.07  2053.12  2091.83  1552.56     1600        0        0        0        0        0        0        0        0        0        0        0        0 
38   111866  22069.9  17852.8  21289.8  6683.18  5534.37  6330.06  2794.15  4812.24  4974.21  2427.38  2635.09  1743.07  2133.12  2171.83  1632.56     1680        0        0        0        0        0        0        0        0        0        0        0        0 
39   111946  22149.9  17932.8  21369.8  6763.18  5614.37  6410.06  2874.15  4892.24  5054.21  2507.38  2715.09  1823.07  2213.12  2251.83  1712.56     1760        0        0        0        0        0        0        0        0        0        0        0        0 
40   112016  22219.9  18002.8  21439.8  6833.18  5684.37  6480.06  2944.15  4962.24  5124.21  2577.38  2785.09  1893.07  2283.12  2321.83  1782.56     1830        0        0        0        0        0        0        0        0        0        0        0        0 
41   112143  22347.3  18130.2  21567.3  6960.63  5811.81  6607.51   3071.6  5089.69  5251.66  2704.83  2912.54  2020.52  2410.56  2449.27     1910        0        0        0        0        0        0        0        0        0        0        0        0        0 
42   111674  21878.1  17660.9    21098  6491.35  5342.54  6138.23  2602.32  4620.41  4782.38  2235.55  2443.26  1551.24  1941.29     1980        0        0        0        0        0        0        0        0        0        0        0        0        0        0 
43   111754  21958.1  17740.9    21178  6571.35  5422.54  6218.23  2682.32  4700.41  4862.38  2315.55  2523.26  1631.24  2021.29     2060        0        0        0        0        0        0        0        0        0        0        0        0        0        0 
44   112084  22288.1  18070.9    21508  6901.35  5752.54  6548.23  3012.32  5030.41  5192.38  2645.55  2853.26  1961.24  2351.29     2390        0        0        0        0        0        0        0        0        0        0        0        0        0        0 
45   112149  22353.1  18135.9    21573  6966.35  5817.54  6613.23  3077.32  5095.41  5257.38  2710.55  2918.26  2026.24  2416.29     2455        0        0        0        0        0        0        0        0        0        0        0        0        0        0 
46   112218  22422.1  18204.9    21642  7035.35  5886.54  6682.23  3146.32  5164.41  5326.38  2779.55  2987.26  2095.24  2485.29     2524        0        0        0        0        0        0        0        0        0        0        0        0        0        0 
47   112292  22496.1  18278.9    21716  7109.35  5960.54  6756.23  3220.32  5238.41  5400.38  2853.55  3061.26  2169.24  2559.29     2598        0        0        0        0        0        0        0        0        0        0        0        0        0        0 
48   112363  22567.1  18349.9    21787  7180.35  6031.54  6827.23  3291.32  5309.41  5471.38  2924.55  3132.26  2240.24  2630.29     2669        0        0        0        0        0        0        0        0        0        0        0        0        0        0 
49   112431  22635.1  18417.9    21855  7248.35  6099.54  6895.23  3359.32  5377.41  5539.38  2992.55  3200.26  2308.24  2698.29     2737        0        0        0        0        0        0        0        0        0        0        0        0        0        0 
50   112558  22762.1  18544.9    21982  7375.35  6226.54  7022.23  3486.32  5504.41  5666.38  3119.55  3327.26  2435.24  2825.29     2864        0        0        0        0        0        0        0        0        0        0        0        0        0        0 
51   112668  22871.8  18654.6  22091.7  7485.07  6336.25  7131.95  3596.04  5614.13   5776.1  3229.27  3436.98  2544.96     2935        0        0        0        0        0        0        0        0        0        0        0        0        0        0        0 
52   113136  23339.8  19122.7  22559.7  7953.11  6804.29  7599.99  4064.08  6082.17  6244.14  3697.31  3905.02     3013        0        0        0        0        0        0        0        0        0        0        0        0        0        0        0        0 
53   113209  23412.8  19195.7  22632.7  8026.11  6877.29  7672.99  4137.08  6155.17  6317.14  3770.31  3978.02     3086        0        0        0        0        0        0        0        0        0        0        0        0        0        0        0        0 
54   112606  22809.8  18592.7  22029.7  7423.09  6274.27  7069.97  3534.06  5552.15  5714.12  3167.29     3375        0        0        0        0        0        0        0        0        0        0        0        0        0        0        0        0        0 
55   112676  22879.8  18662.7  22099.7  7493.09  6344.27  7139.97  3604.06  5622.15  5784.12  3237.29     3445        0        0        0        0        0        0        0        0        0        0        0        0        0        0        0        0        0 
56   112753  22956.8  18739.7  22176.7  7570.09  6421.27  7216.97  3681.06  5699.15  5861.12  3314.29     3522        0        0        0        0        0        0        0        0        0        0        0        0        0        0        0        0        0 
57   112824  23027.8  18810.7  22247.7  7641.09  6492.27  7287.97  3752.06  5770.15  5932.12  3385.29     3593        0        0        0        0        0        0        0        0        0        0        0        0        0        0        0        0        0 
58   113174  23377.8  19160.7  22597.7  7991.09  6842.27  7637.97  4102.06  6120.15  6282.12  3735.29     3943        0        0        0        0        0        0        0        0        0        0        0        0        0        0        0        0        0 
59   113464  23667.5  19450.4  22887.4   8280.8  7131.98  7927.68  4391.77  6409.86  6571.83     4025        0        0        0        0        0        0        0        0        0        0        0        0        0        0        0        0        0        0 
60   111122  21325.7  17108.6  20545.6  5938.97  4790.15  5585.85  2049.94  4068.03     4230        0        0        0        0        0        0        0        0        0        0        0        0        0        0        0        0        0        0        0 
61   111205  21408.7  17191.6  20628.6  6021.97  4873.15  5668.85  2132.94  4151.03     4313        0        0        0        0        0        0        0        0        0        0        0        0        0        0        0        0        0        0        0 
62   113864  24067.7  19850.6  23287.6  8680.97  7532.15  8327.85  4791.94  6810.03     6972        0        0        0        0        0        0        0        0        0        0        0        0        0        0        0        0        0        0        0 
63   114022  24225.7  20008.6  23445.6  8838.97  7690.15  8485.85  4949.94  6968.03     7130        0        0        0        0        0        0        0        0        0        0        0        0        0        0        0        0        0        0        0 
64   114191  24394.7  20177.6  23614.6  9007.97  7859.15  8654.85  5118.94  7137.03     7299        0        0        0        0        0        0        0        0        0        0        0        0        0        0        0        0        0        0        0 
65   114372  24575.7  20358.6  23795.6  9188.97  8040.15  8835.85  5299.94  7318.03     7480        0        0        0        0        0        0        0        0        0        0        0        0        0        0        0        0        0        0        0 
66   114542  24745.7  20528.6  23965.6  9358.97  8210.15  9005.85  5469.94  7488.03     7650        0        0        0        0        0        0        0        0        0        0        0        0        0        0        0        0        0        0        0 
67   114702  24905.7  20688.6  24125.6  9518.97  8370.15  9165.85  5629.94  7648.03     7810        0        0        0        0        0        0        0        0        0        0        0        0        0        0        0        0        0        0        0 
68   115072  25275.7  21058.6  24495.6  9888.97  8740.15  9535.85  5999.94  8018.03     8180        0        0        0        0        0        0        0        0        0        0        0        0        0        0        0        0        0        0        0 
69   115404  25607.6  21390.5  24827.6  10220.9  9072.12  9867.82  6331.91     8350        0        0        0        0        0        0        0        0        0        0        0        0        0        0        0        0        0        0        0        0 
70   117622  27825.7  23608.6  27045.7    12439  11290.2  12085.9     8550        0        0        0        0        0        0        0        0        0        0        0        0        0        0        0        0        0        0        0        0        0 
71   117792  27995.7  23778.6  27215.7    12609  11460.2  12255.9     8720        0        0        0        0        0        0        0        0        0        0        0        0        0        0        0        0        0        0        0        0        0 
72   114756  24959.8  20742.7  24179.7  9573.12   8424.3     9220        0        0        0        0        0        0        0        0        0        0        0        0        0        0        0        0        0        0        0        0        0        0 
73   114906  25109.8  20892.7  24329.7  9723.12   8574.3     9370        0        0        0        0        0        0        0        0        0        0        0        0        0        0        0        0        0        0        0        0        0        0 
74   115076  25279.8  21062.7  24499.7  9893.12   8744.3     9540        0        0        0        0        0        0        0        0        0        0        0        0        0        0        0        0        0        0        0        0        0        0 
75   115226  25429.8  21212.7  24649.7  10043.1   8894.3     9690        0        0        0        0        0        0        0        0        0        0        0        0        0        0        0        0        0        0        0        0        0        0 
76   116326  26529.8  22312.7  25749.7  11143.1   9994.3    10790        0        0        0        0        0        0        0        0        0        0        0        0        0        0        0        0        0        0        0        0        0        0 
77   117302  27505.5  23288.4  26725.4  12118.8    10970        0        0        0        0        0        0        0        0        0        0        0        0        0        0        0        0        0        0        0        0        0        0        0 
78   116523  26726.7  22509.6  25946.6    11340        0        0        0        0        0        0        0        0        0        0        0        0        0        0        0        0        0        0        0        0        0        0        0        0 
79   116693  26896.7  22679.6  26116.6    11510        0        0        0        0        0        0        0        0        0        0        0        0        0        0        0        0        0        0        0        0        0        0        0        0 
80   114636  24840.1    20623    24060        0        0        0        0        0        0        0        0        0        0        0        0        0        0        0        0        0        0        0        0        0        0        0        0        0 
81   115056  25260.1    21043    24480        0        0        0        0        0        0        0        0        0        0        0        0        0        0        0        0        0        0        0        0        0        0        0        0        0 
82   115516  25720.1    21503    24940        0        0        0        0        0        0        0        0        0        0        0        0        0        0        0        0        0        0        0        0        0        0        0        0        0 
83   115936  26140.1    21923    25360        0        0        0        0        0        0        0        0        0        0        0        0        0        0        0        0        0        0        0        0        0        0        0        0        0 
84   119986  30190.1    25973    29410        0        0        0        0        0        0        0        0        0        0        0        0        0        0        0        0        0        0        0        0        0        0        0        0        0 
85   123983  34187.1    29970        0        0        0        0        0        0        0        0        0        0        0        0        0        0        0        0        0        0        0        0        0        0        0        0        0        0 
86   120476    30680        0        0        0        0        0        0        0        0        0        0        0        0        0        0        0        0        0        0        0        0        0        0        0        0        0        0        0 
87   120919  31122.8        0        0        0        0        0        0        0        0        0        0        0        0        0        0        0        0        0        0        0        0        0        0        0        0        0        0        0 
88   123086        0        0        0        0        0        0        0        0        0        0        0        0        0        0        0        0        0        0        0        0        0        0        0        0        0        0        0        0 
89   125253        0        0        0        0        0        0        0        0        0        0        0        0        0        0        0        0        0        0        0        0        0        0        0        0        0        0        0        0 
