n   Temperature [K]
 36 5.802259e+03 1.160452e+04 1.740678e+04 2.320904e+04 5.802259e+04 8.123163e+04 1.160452e+05 1.740678e+05 2.669039e+05 3.713446e+05 6.034349e+05 8.587343e+05 1.160452e+06 1.914745e+06 2.727062e+06 3.597401e+06 4.525762e+06 5.512146e+06 7.600959e+06 9.805818e+06 1.160452e+07 1.672211e+07 2.233870e+07 2.847749e+07 3.516169e+07 4.241451e+07 5.025917e+07 5.871886e+07 6.781680e+07 7.757620e+07 8.802027e+07 9.917221e+07 1.160452e+08 2.320904e+08 5.802259e+08 1.160452e+09
Q   Rate [m3/s]
  1 2.708000e-18 3.294000e-18 4.157000e-18 4.464000e-18 3.083000e-18 2.279000e-18 1.556000e-18 9.551000e-19 5.472000e-19 3.486000e-19 1.760000e-19 1.069000e-19 7.187000e-20 4.309000e-20 3.335000e-20 2.761000e-20 2.329000e-20 1.980000e-20 1.467000e-20 1.123000e-20 9.296000e-21 6.001000e-21 4.155000e-21 3.021000e-21 2.276000e-21 1.762000e-21 1.394000e-21 1.122000e-21 9.163000e-22 7.575000e-22 6.327000e-22 5.334000e-22 4.254000e-22 1.549000e-22 3.995000e-23 1.422000e-23
  2 2.232000e-17 1.186000e-17 8.276000e-18 7.412000e-18 1.026000e-17 1.026000e-17 8.988000e-18 6.767000e-18 4.488000e-18 3.092000e-18 1.686000e-18 1.055000e-18 7.015000e-19 3.616000e-19 2.322000e-19 1.659000e-19 1.257000e-19 9.889000e-20 6.631000e-20 4.785000e-20 3.838000e-20 2.351000e-20 1.579000e-20 1.124000e-20 8.346000e-21 6.388000e-21 5.007000e-21 4.001000e-21 3.247000e-21 2.670000e-21 2.221000e-21 1.865000e-21 1.481000e-21 5.322000e-22 1.360000e-22 4.826000e-23
  3 2.107000e-18 7.474000e-18 8.927000e-18 9.029000e-18 1.333000e-17 1.640000e-17 1.779000e-17 1.622000e-17 1.242000e-17 9.253000e-18 5.458000e-18 3.543000e-18 2.404000e-18 1.247000e-18 7.878000e-19 5.512000e-19 4.098000e-19 3.171000e-19 2.075000e-19 1.473000e-19 1.171000e-19 7.053000e-20 4.686000e-20 3.313000e-20 2.446000e-20 1.865000e-20 1.457000e-20 1.161000e-20 9.399000e-21 7.715000e-21 6.406000e-21 5.373000e-21 4.260000e-21 1.522000e-21 3.878000e-22 1.374000e-22
  4 3.391000e-51 1.301000e-33 7.294000e-28 4.855000e-25 5.098000e-20 5.388000e-19 3.266000e-18 1.213000e-17 2.533000e-17 3.227000e-17 3.237000e-17 2.706000e-17 2.139000e-17 1.292000e-17 8.549000e-18 6.049000e-18 4.490000e-18 3.453000e-18 2.226000e-18 1.560000e-18 1.229000e-18 7.281000e-19 4.784000e-19 3.355000e-19 2.462000e-19 1.867000e-19 1.453000e-19 1.154000e-19 9.319000e-20 7.632000e-20 6.325000e-20 5.296000e-20 4.190000e-20 1.489000e-20 3.776000e-21 1.337000e-21
  5 1.566000e-51 1.093000e-33 7.462000e-28 5.439000e-25 5.191000e-20 4.904000e-19 2.982000e-18 1.225000e-17 2.878000e-17 3.950000e-17 4.291000e-17 3.733000e-17 3.028000e-17 1.885000e-17 1.265000e-17 9.024000e-18 6.734000e-18 5.196000e-18 3.365000e-18 2.363000e-18 1.865000e-18 1.107000e-18 7.282000e-19 5.111000e-19 3.751000e-19 2.846000e-19 2.216000e-19 1.760000e-19 1.422000e-19 1.164000e-19 9.650000e-20 8.081000e-20 6.395000e-20 2.272000e-20 5.766000e-21 2.041000e-21
  6 1.494000e-50 3.932000e-33 1.940000e-27 1.200000e-24 7.536000e-20 5.784000e-19 3.008000e-18 1.212000e-17 3.040000e-17 4.413000e-17 5.124000e-17 4.619000e-17 3.833000e-17 2.453000e-17 1.669000e-17 1.200000e-17 9.001000e-18 6.971000e-18 4.535000e-18 3.194000e-18 2.524000e-18 1.502000e-18 9.892000e-19 6.948000e-19 5.103000e-19 3.874000e-19 3.016000e-19 2.397000e-19 1.936000e-19 1.586000e-19 1.315000e-19 1.101000e-19 8.715000e-20 3.098000e-20 7.862000e-21 2.783000e-21
  7 1.587000e-52 4.749000e-34 5.269000e-28 4.886000e-25 6.056000e-20 4.838000e-19 2.412000e-18 9.833000e-18 2.741000e-17 4.364000e-17 5.654000e-17 5.401000e-17 4.654000e-17 3.115000e-17 2.166000e-17 1.578000e-17 1.193000e-17 9.298000e-18 6.094000e-18 4.312000e-18 3.416000e-18 2.041000e-18 1.348000e-18 9.481000e-19 6.971000e-19 5.296000e-19 4.126000e-19 3.280000e-19 2.651000e-19 2.172000e-19 1.801000e-19 1.509000e-19 1.194000e-19 4.248000e-20 1.078000e-20 3.818000e-21
  8 2.472000e-49 1.976000e-32 6.554000e-27 3.322000e-24 1.364000e-19 8.424000e-19 3.203000e-18 1.025000e-17 2.632000e-17 4.220000e-17 5.680000e-17 5.576000e-17 4.904000e-17 3.375000e-17 2.384000e-17 1.754000e-17 1.336000e-17 1.046000e-17 6.905000e-18 4.907000e-18 3.896000e-18 2.338000e-18 1.547000e-18 1.090000e-18 8.024000e-19 6.100000e-19 4.756000e-19 3.782000e-19 3.058000e-19 2.506000e-19 2.079000e-19 1.742000e-19 1.379000e-19 4.909000e-20 1.247000e-20 4.415000e-21
  9 2.381000e-42 5.966000e-29 1.344000e-24 1.775000e-22 6.438000e-19 2.449000e-18 6.125000e-18 1.314000e-17 2.655000e-17 3.985000e-17 5.260000e-17 5.195000e-17 4.615000e-17 3.243000e-17 2.325000e-17 1.730000e-17 1.329000e-17 1.048000e-17 6.975000e-18 4.985000e-18 3.970000e-18 2.395000e-18 1.591000e-18 1.123000e-18 8.280000e-19 6.302000e-19 4.917000e-19 3.913000e-19 3.166000e-19 2.596000e-19 2.154000e-19 1.805000e-19 1.430000e-19 5.096000e-20 1.295000e-20 4.587000e-21
 10 8.739000e-56 1.260000e-35 5.088000e-29 9.000000e-26 3.475000e-20 3.182000e-19 1.486000e-18 4.774000e-18 1.241000e-17 2.243000e-17 3.793000e-17 4.320000e-17 4.229000e-17 3.354000e-17 2.557000e-17 1.974000e-17 1.553000e-17 1.246000e-17 8.478000e-18 6.140000e-18 4.925000e-18 3.007000e-18 2.010000e-18 1.426000e-18 1.054000e-18 8.044000e-19 6.287000e-19 5.010000e-19 4.057000e-19 3.330000e-19 2.764000e-19 2.318000e-19 1.837000e-19 6.561000e-20 1.670000e-20 5.915000e-21
 11 6.947000e-47 2.748000e-31 3.346000e-26 1.028000e-23 1.697000e-19 8.489000e-19 2.475000e-18 5.200000e-18 9.548000e-18 1.500000e-17 2.444000e-17 2.874000e-17 2.947000e-17 2.583000e-17 2.123000e-17 1.730000e-17 1.416000e-17 1.170000e-17 8.290000e-18 6.158000e-18 5.009000e-18 3.133000e-18 2.124000e-18 1.521000e-18 1.132000e-18 8.675000e-19 6.804000e-19 5.438000e-19 4.413000e-19 3.629000e-19 3.018000e-19 2.534000e-19 2.011000e-19 7.213000e-20 1.840000e-20 6.526000e-21
 12 1.000000e-76 1.000000e-76 1.000000e-76 8.956000e-62 7.902000e-34 1.304000e-28 9.128000e-25 7.377000e-22 6.301000e-20 5.825000e-19 4.953000e-18 1.454000e-17 2.865000e-17 5.535000e-17 6.502000e-17 6.436000e-17 5.940000e-17 5.317000e-17 4.153000e-17 3.261000e-17 2.730000e-17 1.790000e-17 1.246000e-17 9.067000e-18 6.824000e-18 5.273000e-18 4.161000e-18 3.341000e-18 2.722000e-18 2.245000e-18 1.871000e-18 1.574000e-18 1.252000e-18 4.521000e-19 1.158000e-19 4.112000e-20
 13 1.000000e-76 1.000000e-76 1.842000e-76 4.788000e-61 1.471000e-33 1.985000e-28 1.195000e-24 8.586000e-22 6.733000e-20 5.884000e-19 4.601000e-18 1.307000e-17 2.592000e-17 5.238000e-17 6.359000e-17 6.431000e-17 6.024000e-17 5.449000e-17 4.314000e-17 3.416000e-17 2.874000e-17 1.899000e-17 1.328000e-17 9.691000e-18 7.310000e-18 5.658000e-18 4.471000e-18 3.593000e-18 2.930000e-18 2.418000e-18 2.017000e-18 1.698000e-18 1.352000e-18 4.888000e-19 1.254000e-19 4.453000e-20
 14 1.000000e-76 1.000000e-76 1.952000e-75 2.852000e-60 3.105000e-33 3.439000e-28 1.785000e-24 1.143000e-21 8.251000e-20 6.829000e-19 4.820000e-18 1.264000e-17 2.417000e-17 4.905000e-17 6.078000e-17 6.249000e-17 5.925000e-17 5.408000e-17 4.334000e-17 3.458000e-17 2.921000e-17 1.944000e-17 1.366000e-17 1.000000e-17 7.562000e-18 5.863000e-18 4.640000e-18 3.734000e-18 3.047000e-18 2.517000e-18 2.101000e-18 1.769000e-18 1.410000e-18 5.110000e-19 1.312000e-19 4.663000e-20
 15 1.000000e-76 1.000000e-76 1.000000e-76 2.564000e-63 1.965000e-34 4.893000e-29 4.665000e-25 4.790000e-22 4.798000e-20 4.690000e-19 3.750000e-18 1.001000e-17 1.931000e-17 4.117000e-17 5.336000e-17 5.661000e-17 5.488000e-17 5.092000e-17 4.170000e-17 3.371000e-17 2.869000e-17 1.935000e-17 1.370000e-17 1.009000e-17 7.659000e-18 5.958000e-18 4.727000e-18 3.812000e-18 3.116000e-18 2.577000e-18 2.154000e-18 1.816000e-18 1.449000e-18 5.271000e-19 1.357000e-19 4.826000e-20
 16 1.000000e-76 1.000000e-76 1.000000e-76 1.382000e-62 3.774000e-34 7.723000e-29 6.354000e-25 5.819000e-22 5.379000e-20 5.022000e-19 3.736000e-18 9.280000e-18 1.696000e-17 3.516000e-17 4.608000e-17 4.957000e-17 4.860000e-17 4.550000e-17 3.772000e-17 3.075000e-17 2.629000e-17 1.789000e-17 1.275000e-17 9.432000e-18 7.189000e-18 5.610000e-18 4.462000e-18 3.606000e-18 2.954000e-18 2.447000e-18 2.048000e-18 1.729000e-18 1.381000e-18 5.047000e-19 1.303000e-19 4.640000e-20
 17 1.000000e-76 1.000000e-76 3.799000e-76 8.177000e-61 1.788000e-33 2.261000e-28 1.297000e-24 8.971000e-22 6.820000e-20 5.732000e-19 3.777000e-18 8.576000e-18 1.461000e-17 2.865000e-17 3.759000e-17 4.080000e-17 4.036000e-17 3.806000e-17 3.190000e-17 2.620000e-17 2.250000e-17 1.546000e-17 1.110000e-17 8.268000e-18 6.335000e-18 4.966000e-18 3.965000e-18 3.215000e-18 2.641000e-18 2.193000e-18 1.839000e-18 1.555000e-18 1.245000e-18 4.582000e-19 1.189000e-19 4.239000e-20
 18 1.000000e-76 1.000000e-76 1.000000e-76 3.893000e-65 3.042000e-35 1.179000e-29 1.567000e-25 2.082000e-22 2.493000e-20 2.660000e-19 2.188000e-18 5.359000e-18 9.326000e-18 1.876000e-17 2.547000e-17 2.848000e-17 2.883000e-17 2.767000e-17 2.377000e-17 1.985000e-17 1.723000e-17 1.210000e-17 8.837000e-18 6.674000e-18 5.174000e-18 4.096000e-18 3.298000e-18 2.693000e-18 2.225000e-18 1.857000e-18 1.564000e-18 1.328000e-18 1.068000e-18 3.986000e-19 1.044000e-19 3.734000e-20
 19 1.000000e-76 1.000000e-76 4.331000e-62 2.224000e-50 1.467000e-29 1.063000e-25 7.162000e-23 9.461000e-21 2.321000e-19 1.091000e-18 4.059000e-18 6.749000e-18 9.100000e-18 1.377000e-17 1.681000e-17 1.790000e-17 1.764000e-17 1.665000e-17 1.408000e-17 1.173000e-17 1.021000e-17 7.318000e-18 5.496000e-18 4.267000e-18 3.391000e-18 2.743000e-18 2.250000e-18 1.866000e-18 1.562000e-18 1.319000e-18 1.122000e-18 9.601000e-19 7.798000e-19 3.002000e-19 8.019000e-20 2.888000e-20
 20 1.000000e-76 1.000000e-76 1.000000e-76 1.000000e-76 1.000000e-76 1.000000e-76 1.000000e-76 1.000000e-76 1.000000e-76 6.930000e-61 6.638000e-44 6.764000e-36 5.004000e-31 1.134000e-25 2.681000e-23 5.409000e-22 3.454000e-21 1.180000e-20 4.982000e-20 1.064000e-19 1.520000e-19 2.429000e-19 2.809000e-19 2.832000e-19 2.670000e-19 2.431000e-19 2.172000e-19 1.921000e-19 1.690000e-19 1.484000e-19 1.302000e-19 1.144000e-19 9.563000e-20 3.992000e-20 1.116000e-20 4.078000e-21
 21 1.000000e-76 1.000000e-76 1.000000e-76 1.000000e-76 1.000000e-76 1.000000e-76 1.000000e-76 1.000000e-76 1.000000e-76 3.371000e-62 1.035000e-44 1.822000e-36 1.882000e-31 6.197000e-26 1.739000e-23 3.868000e-22 2.629000e-21 9.382000e-21 4.184000e-20 9.228000e-20 1.342000e-19 2.207000e-19 2.595000e-19 2.643000e-19 2.511000e-19 2.298000e-19 2.062000e-19 1.829000e-19 1.613000e-19 1.419000e-19 1.248000e-19 1.098000e-19 9.191000e-20 3.855000e-20 1.081000e-20 3.953000e-21
 22 1.000000e-76 1.000000e-76 1.000000e-76 1.000000e-76 1.000000e-76 1.000000e-76 1.000000e-76 1.000000e-76 1.000000e-76 1.000000e-76 1.000000e-76 1.000000e-76 1.000000e-76 1.000000e-76 1.000000e-76 1.000000e-76 1.000000e-76 1.000000e-76 1.000000e-76 1.000000e-76 1.000000e-76 1.000000e-76 1.000000e-76 1.000000e-76 1.000000e-76 1.000000e-76 1.000000e-76 1.000000e-76 1.000000e-76 1.000000e-76 1.000000e-76 1.000000e-76 1.000000e-76 1.000000e-76 1.000000e-76 1.000000e-76
