n   Temperature [K]
 36 5.802259e+03 1.160452e+04 1.740678e+04 2.320904e+04 5.802259e+04 8.123163e+04 1.160452e+05 1.740678e+05 2.669039e+05 3.713446e+05 6.034349e+05 8.587343e+05 1.160452e+06 1.914745e+06 2.727062e+06 3.597401e+06 4.525762e+06 5.512146e+06 7.600959e+06 9.805818e+06 1.160452e+07 1.672211e+07 2.233870e+07 2.847749e+07 3.516169e+07 4.241451e+07 5.025917e+07 5.871886e+07 6.781680e+07 7.757620e+07 8.802027e+07 9.917221e+07 1.160452e+08 2.320904e+08 5.802259e+08 1.160452e+09
Q   Rate [m3/s]
  1 1.017000e-66 2.663000e-41 6.656000e-33 9.634000e-29 1.948000e-21 3.992000e-20 3.363000e-19 1.479000e-18 3.364000e-18 4.447000e-18 4.607000e-18 3.906000e-18 3.110000e-18 1.887000e-18 1.246000e-18 8.782000e-19 6.492000e-19 4.974000e-19 3.188000e-19 2.225000e-19 1.749000e-19 1.032000e-19 6.761000e-20 4.733000e-20 3.468000e-20 2.628000e-20 2.043000e-20 1.622000e-20 1.309000e-20 1.072000e-20 8.879000e-21 7.432000e-21 5.878000e-21 2.086000e-21 5.289000e-22 1.871000e-22
  2 4.136000e-31 3.763000e-23 1.445000e-20 2.757000e-19 4.819000e-17 1.113000e-16 1.821000e-16 2.234000e-16 2.087000e-16 1.726000e-16 1.128000e-16 7.683000e-17 5.350000e-17 2.793000e-17 1.721000e-17 1.167000e-17 8.410000e-18 6.332000e-18 3.969000e-18 2.733000e-18 2.133000e-18 1.243000e-18 8.089000e-19 5.636000e-19 4.117000e-19 3.112000e-19 2.415000e-19 1.914000e-19 1.543000e-19 1.262000e-19 1.045000e-19 8.740000e-20 6.908000e-20 2.446000e-20 6.192000e-21 2.190000e-21
  3 1.746000e-36 8.860000e-26 2.669000e-22 1.385000e-20 1.542000e-17 5.309000e-17 1.192000e-16 1.885000e-16 2.108000e-16 1.918000e-16 1.376000e-16 9.796000e-17 7.007000e-17 3.769000e-17 2.355000e-17 1.608000e-17 1.165000e-17 8.803000e-18 5.542000e-18 3.826000e-18 2.990000e-18 1.747000e-18 1.138000e-18 7.936000e-19 5.799000e-19 4.386000e-19 3.405000e-19 2.699000e-19 2.177000e-19 1.781000e-19 1.474000e-19 1.233000e-19 9.749000e-20 3.453000e-20 8.744000e-21 3.092000e-21
  4 8.362000e-17 8.921000e-17 7.018000e-17 5.479000e-17 2.154000e-17 2.404000e-17 4.469000e-17 8.378000e-17 1.142000e-16 1.170000e-16 9.516000e-17 7.206000e-17 5.357000e-17 3.011000e-17 1.920000e-17 1.327000e-17 9.685000e-18 7.355000e-18 4.662000e-18 3.231000e-18 2.531000e-18 1.484000e-18 9.687000e-19 6.765000e-19 4.949000e-19 3.745000e-19 2.909000e-19 2.307000e-19 1.861000e-19 1.523000e-19 1.261000e-19 1.055000e-19 8.344000e-20 2.957000e-20 7.492000e-21 2.650000e-21
  5 1.161000e-45 1.481000e-30 1.391000e-25 3.949000e-23 8.842000e-19 5.821000e-18 2.232000e-17 5.530000e-17 8.582000e-17 9.321000e-17 7.983000e-17 6.187000e-17 4.664000e-17 2.662000e-17 1.709000e-17 1.185000e-17 8.675000e-18 6.599000e-18 4.192000e-18 2.910000e-18 2.281000e-18 1.339000e-18 8.747000e-19 6.112000e-19 4.473000e-19 3.386000e-19 2.631000e-19 2.087000e-19 1.684000e-19 1.378000e-19 1.141000e-19 9.548000e-20 7.550000e-20 2.677000e-20 6.783000e-21 2.399000e-21
  6 2.135000e-39 1.581000e-27 1.102000e-23 8.151000e-22 1.387000e-18 6.047000e-18 1.938000e-17 4.723000e-17 7.826000e-17 9.034000e-17 8.359000e-17 6.761000e-17 5.242000e-17 3.091000e-17 2.016000e-17 1.411000e-17 1.039000e-17 7.937000e-18 5.069000e-18 3.529000e-18 2.771000e-18 1.631000e-18 1.068000e-18 7.470000e-19 5.470000e-19 4.144000e-19 3.221000e-19 2.556000e-19 2.063000e-19 1.688000e-19 1.399000e-19 1.170000e-19 9.257000e-20 3.284000e-20 8.324000e-21 2.945000e-21
  7 8.329000e-31 3.249000e-23 8.486000e-21 1.211000e-19 9.522000e-18 2.101000e-17 3.897000e-17 6.361000e-17 8.545000e-17 9.209000e-17 8.246000e-17 6.650000e-17 5.167000e-17 3.065000e-17 2.006000e-17 1.408000e-17 1.038000e-17 7.944000e-18 5.082000e-18 3.543000e-18 2.783000e-18 1.641000e-18 1.075000e-18 7.521000e-19 5.510000e-19 4.175000e-19 3.246000e-19 2.576000e-19 2.080000e-19 1.702000e-19 1.410000e-19 1.180000e-19 9.337000e-20 3.313000e-20 8.399000e-21 2.972000e-21
  8 8.998000e-23 3.713000e-19 4.586000e-18 1.420000e-17 6.633000e-17 8.068000e-17 9.241000e-17 9.837000e-17 9.550000e-17 8.977000e-17 7.689000e-17 6.379000e-17 5.139000e-17 3.228000e-17 2.182000e-17 1.562000e-17 1.168000e-17 9.017000e-18 5.840000e-18 4.102000e-18 3.236000e-18 1.921000e-18 1.263000e-18 8.864000e-19 6.506000e-19 4.936000e-19 3.841000e-19 3.051000e-19 2.464000e-19 2.018000e-19 1.673000e-19 1.401000e-19 1.108000e-19 3.937000e-20 9.989000e-21 3.535000e-21
  9 1.000000e-76 5.354000e-53 1.989000e-40 3.438000e-34 3.550000e-23 3.840000e-21 1.284000e-19 2.064000e-18 1.411000e-17 3.597000e-17 7.450000e-17 8.914000e-17 8.813000e-17 6.838000e-17 5.060000e-17 3.808000e-17 2.937000e-17 2.317000e-17 1.542000e-17 1.100000e-17 8.752000e-18 5.267000e-18 3.492000e-18 2.463000e-18 1.814000e-18 1.380000e-18 1.076000e-18 8.558000e-19 6.920000e-19 5.673000e-19 4.706000e-19 3.943000e-19 3.122000e-19 1.112000e-19 2.824000e-20 1.000000e-20
 10 1.391000e-29 3.371000e-22 7.511000e-20 9.885000e-19 6.136000e-17 1.163000e-16 1.756000e-16 2.182000e-16 2.173000e-16 1.897000e-16 1.325000e-16 9.358000e-17 6.672000e-17 3.581000e-17 2.236000e-17 1.527000e-17 1.106000e-17 8.357000e-18 5.261000e-18 3.632000e-18 2.839000e-18 1.658000e-18 1.080000e-18 7.534000e-19 5.506000e-19 4.164000e-19 3.233000e-19 2.563000e-19 2.067000e-19 1.691000e-19 1.400000e-19 1.171000e-19 9.256000e-20 3.278000e-20 8.302000e-21 2.936000e-21
 11 5.212000e-17 5.602000e-16 9.517000e-16 1.092000e-15 7.816000e-16 5.998000e-16 4.578000e-16 3.596000e-16 2.915000e-16 2.421000e-16 1.682000e-16 1.202000e-16 8.672000e-17 4.732000e-17 2.981000e-17 2.047000e-17 1.488000e-17 1.128000e-17 7.128000e-18 4.935000e-18 3.864000e-18 2.264000e-18 1.479000e-18 1.033000e-18 7.558000e-19 5.722000e-19 4.446000e-19 3.527000e-19 2.846000e-19 2.329000e-19 1.929000e-19 1.615000e-19 1.277000e-19 4.529000e-20 1.148000e-20 4.063000e-21
 12 6.792000e-21 8.061000e-18 6.570000e-17 1.651000e-16 4.814000e-16 4.762000e-16 4.318000e-16 3.818000e-16 3.393000e-16 3.003000e-16 2.256000e-16 1.683000e-16 1.249000e-16 7.045000e-17 4.509000e-17 3.125000e-17 2.286000e-17 1.739000e-17 1.106000e-17 7.683000e-18 6.028000e-18 3.547000e-18 2.322000e-18 1.625000e-18 1.190000e-18 9.021000e-19 7.015000e-19 5.569000e-19 4.496000e-19 3.681000e-19 3.050000e-19 2.554000e-19 2.020000e-19 7.174000e-20 1.820000e-20 6.442000e-21
 13 7.854000e-25 1.066000e-19 4.217000e-18 2.335000e-17 2.810000e-16 3.607000e-16 3.913000e-16 3.900000e-16 3.770000e-16 3.533000e-16 2.856000e-16 2.223000e-16 1.696000e-16 9.891000e-17 6.432000e-17 4.499000e-17 3.311000e-17 2.530000e-17 1.618000e-17 1.128000e-17 8.867000e-18 5.235000e-18 3.434000e-18 2.407000e-18 1.765000e-18 1.339000e-18 1.042000e-18 8.274000e-19 6.682000e-19 5.473000e-19 4.536000e-19 3.798000e-19 3.006000e-19 1.068000e-19 2.712000e-20 9.600000e-21
 14 1.208000e-28 1.589000e-21 2.888000e-19 3.427000e-18 1.623000e-16 2.686000e-16 3.481000e-16 3.907000e-16 4.076000e-16 4.018000e-16 3.477000e-16 2.816000e-16 2.209000e-16 1.331000e-16 8.796000e-17 6.210000e-17 4.599000e-17 3.529000e-17 2.269000e-17 1.588000e-17 1.250000e-17 7.406000e-18 4.868000e-18 3.416000e-18 2.508000e-18 1.903000e-18 1.482000e-18 1.177000e-18 9.512000e-19 7.793000e-19 6.460000e-19 5.411000e-19 4.283000e-19 1.523000e-19 3.868000e-20 1.370000e-20
 15 2.475000e-32 2.673000e-23 2.111000e-20 5.223000e-19 9.268000e-17 1.964000e-16 3.034000e-16 3.830000e-16 4.286000e-16 4.415000e-16 4.061000e-16 3.417000e-16 2.751000e-16 1.713000e-16 1.150000e-16 8.192000e-17 6.103000e-17 4.704000e-17 3.041000e-17 2.135000e-17 1.685000e-17 1.001000e-17 6.593000e-18 4.632000e-18 3.404000e-18 2.585000e-18 2.013000e-18 1.600000e-18 1.293000e-18 1.060000e-18 8.788000e-19 7.362000e-19 5.829000e-19 2.074000e-19 5.270000e-20 1.866000e-20
 16 6.872000e-36 5.157000e-25 1.675000e-21 8.401000e-20 5.318000e-17 1.432000e-16 2.626000e-16 3.722000e-16 4.419000e-16 4.672000e-16 4.442000e-16 3.820000e-16 3.126000e-16 1.987000e-16 1.347000e-16 9.660000e-17 7.227000e-17 5.587000e-17 3.627000e-17 2.553000e-17 2.017000e-17 1.202000e-17 7.929000e-18 5.577000e-18 4.101000e-18 3.116000e-18 2.429000e-18 1.931000e-18 1.561000e-18 1.280000e-18 1.061000e-18 8.893000e-19 7.042000e-19 2.508000e-19 6.374000e-20 2.257000e-20
 17 3.158000e-39 1.261000e-26 1.540000e-22 1.499000e-20 3.125000e-17 1.054000e-16 2.275000e-16 3.612000e-16 4.591000e-16 5.066000e-16 5.143000e-16 4.626000e-16 3.909000e-16 2.587000e-16 1.790000e-16 1.298000e-16 9.789000e-17 7.608000e-17 4.973000e-17 3.515000e-17 2.783000e-17 1.664000e-17 1.100000e-17 7.747000e-18 5.702000e-18 4.335000e-18 3.380000e-18 2.689000e-18 2.174000e-18 1.783000e-18 1.479000e-18 1.239000e-18 9.814000e-19 3.496000e-19 8.889000e-20 3.148000e-20
 18 2.482000e-44 4.025000e-29 3.640000e-24 9.638000e-22 1.218000e-17 5.782000e-17 1.606000e-16 3.067000e-16 4.358000e-16 5.087000e-16 5.538000e-16 5.207000e-16 4.544000e-16 3.131000e-16 2.210000e-16 1.622000e-16 1.233000e-16 9.633000e-17 6.340000e-17 4.500000e-17 3.572000e-17 2.144000e-17 1.420000e-17 1.001000e-17 7.378000e-18 5.614000e-18 4.379000e-18 3.485000e-18 2.819000e-18 2.312000e-18 1.918000e-18 1.607000e-18 1.273000e-18 4.540000e-19 1.155000e-19 4.089000e-20
 19 2.606000e-47 1.454000e-30 4.278000e-25 2.043000e-22 7.461000e-18 4.333000e-17 1.396000e-16 2.960000e-16 4.447000e-16 5.302000e-16 5.929000e-16 5.697000e-16 5.061000e-16 3.573000e-16 2.554000e-16 1.890000e-16 1.443000e-16 1.132000e-16 7.490000e-17 5.332000e-17 4.240000e-17 2.552000e-17 1.694000e-17 1.196000e-17 8.817000e-18 6.712000e-18 5.238000e-18 4.170000e-18 3.374000e-18 2.768000e-18 2.297000e-18 1.925000e-18 1.525000e-18 5.441000e-19 1.384000e-19 4.904000e-20
 20 5.571000e-50 7.397000e-32 6.258000e-26 5.068000e-23 4.790000e-18 3.332000e-17 1.226000e-16 2.862000e-16 4.525000e-16 5.498000e-16 6.303000e-16 6.195000e-16 5.611000e-16 4.070000e-16 2.952000e-16 2.203000e-16 1.693000e-16 1.334000e-16 8.870000e-17 6.337000e-17 5.048000e-17 3.049000e-17 2.027000e-17 1.433000e-17 1.057000e-17 8.054000e-18 6.288000e-18 5.008000e-18 4.053000e-18 3.325000e-18 2.760000e-18 2.314000e-18 1.834000e-18 6.545000e-19 1.666000e-19 5.901000e-20
 21 2.450000e-52 5.346000e-33 1.150000e-26 1.485000e-23 3.251000e-18 2.653000e-17 1.099000e-16 2.795000e-16 4.626000e-16 5.708000e-16 6.666000e-16 6.677000e-16 6.154000e-16 4.581000e-16 3.369000e-16 2.536000e-16 1.960000e-16 1.551000e-16 1.037000e-16 7.434000e-17 5.933000e-17 3.595000e-17 2.394000e-17 1.694000e-17 1.251000e-17 9.540000e-18 7.452000e-18 5.937000e-18 4.806000e-18 3.945000e-18 3.275000e-18 2.746000e-18 2.177000e-18 7.773000e-19 1.979000e-19 7.011000e-20
 22 2.220000e-54 5.501000e-34 2.660000e-27 5.148000e-24 2.336000e-18 2.190000e-17 1.006000e-16 2.756000e-16 4.749000e-16 5.926000e-16 6.992000e-16 7.096000e-16 6.632000e-16 5.048000e-16 3.760000e-16 2.853000e-16 2.217000e-16 1.761000e-16 1.184000e-16 8.515000e-17 6.808000e-17 4.137000e-17 2.761000e-17 1.956000e-17 1.446000e-17 1.103000e-17 8.620000e-18 6.870000e-18 5.564000e-18 4.567000e-18 3.792000e-18 3.181000e-18 2.522000e-18 9.010000e-19 2.294000e-19 8.131000e-20
 23 5.081000e-56 8.922000e-35 8.286000e-28 2.223000e-24 1.815000e-18 1.903000e-17 9.495000e-17 2.766000e-16 4.919000e-16 6.179000e-16 7.308000e-16 7.478000e-16 7.066000e-16 5.482000e-16 4.131000e-16 3.159000e-16 2.467000e-16 1.967000e-16 1.329000e-16 9.589000e-17 7.680000e-17 4.682000e-17 3.130000e-17 2.221000e-17 1.643000e-17 1.254000e-17 9.804000e-18 7.817000e-18 6.332000e-18 5.199000e-18 4.318000e-18 3.622000e-18 2.872000e-18 1.027000e-18 2.616000e-19 9.271000e-20
 24 1.000000e-76 1.688000e-60 6.507000e-45 3.556000e-37 1.656000e-23 5.213000e-21 3.331000e-19 6.979000e-18 4.705000e-17 1.139000e-16 2.507000e-16 3.697000e-16 4.717000e-16 5.668000e-16 5.417000e-16 4.788000e-16 4.117000e-16 3.513000e-16 2.588000e-16 1.965000e-16 1.617000e-16 1.031000e-16 7.066000e-17 5.092000e-17 3.808000e-17 2.928000e-17 2.303000e-17 1.844000e-17 1.499000e-17 1.234000e-17 1.027000e-17 8.635000e-18 6.862000e-18 2.468000e-18 6.310000e-19 2.239000e-19
 25 1.000000e-76 2.515000e-56 4.017000e-42 4.470000e-35 1.186000e-22 2.163000e-20 9.180000e-19 1.398000e-17 7.531000e-17 1.607000e-16 3.062000e-16 4.179000e-16 5.110000e-16 5.955000e-16 5.659000e-16 4.999000e-16 4.302000e-16 3.673000e-16 2.710000e-16 2.060000e-16 1.696000e-16 1.082000e-16 7.420000e-17 5.349000e-17 4.001000e-17 3.077000e-17 2.420000e-17 1.938000e-17 1.576000e-17 1.297000e-17 1.080000e-17 9.076000e-18 7.212000e-18 2.595000e-18 6.634000e-19 2.354000e-19
 26 1.000000e-76 1.183000e-51 5.321000e-39 9.935000e-33 1.061000e-21 1.049000e-19 2.814000e-18 2.999000e-17 1.257000e-16 2.337000e-16 3.812000e-16 4.781000e-16 5.572000e-16 6.261000e-16 5.906000e-16 5.209000e-16 4.482000e-16 3.829000e-16 2.827000e-16 2.150000e-16 1.771000e-16 1.131000e-16 7.759000e-17 5.595000e-17 4.185000e-17 3.220000e-17 2.533000e-17 2.028000e-17 1.649000e-17 1.358000e-17 1.130000e-17 9.501000e-18 7.551000e-18 2.717000e-18 6.946000e-19 2.465000e-19
 27 1.000000e-76 2.137000e-46 1.720000e-35 4.297000e-30 1.228000e-20 6.094000e-19 9.742000e-18 6.944000e-17 2.196000e-16 3.502000e-16 4.831000e-16 5.526000e-16 6.095000e-16 6.536000e-16 6.090000e-16 5.349000e-16 4.596000e-16 3.924000e-16 2.897000e-16 2.204000e-16 1.816000e-16 1.161000e-16 7.965000e-17 5.746000e-17 4.299000e-17 3.308000e-17 2.603000e-17 2.085000e-17 1.695000e-17 1.396000e-17 1.162000e-17 9.768000e-18 7.764000e-18 2.794000e-18 7.145000e-19 2.535000e-19
 28 5.934000e-68 1.218000e-40 1.192000e-31 3.281000e-27 1.771000e-19 4.127000e-18 3.742000e-17 1.716000e-16 3.989000e-16 5.387000e-16 6.215000e-16 6.450000e-16 6.701000e-16 6.820000e-16 6.266000e-16 5.477000e-16 4.698000e-16 4.008000e-16 2.959000e-16 2.252000e-16 1.856000e-16 1.187000e-16 8.149000e-17 5.881000e-17 4.402000e-17 3.388000e-17 2.666000e-17 2.136000e-17 1.737000e-17 1.430000e-17 1.191000e-17 1.001000e-17 7.957000e-18 2.864000e-18 7.326000e-19 2.600000e-19
 29 2.755000e-55 2.598000e-34 1.962000e-27 4.745000e-24 3.215000e-18 3.253000e-17 1.579000e-16 4.450000e-16 7.369000e-16 8.299000e-16 7.921000e-16 7.439000e-16 7.265000e-16 6.982000e-16 6.302000e-16 5.470000e-16 4.676000e-16 3.982000e-16 2.935000e-16 2.233000e-16 1.841000e-16 1.177000e-16 8.082000e-17 5.833000e-17 4.367000e-17 3.361000e-17 2.645000e-17 2.119000e-17 1.723000e-17 1.420000e-17 1.182000e-17 9.937000e-18 7.899000e-18 2.844000e-18 7.276000e-19 2.582000e-19
 30 1.173000e-53 1.727000e-33 7.022000e-27 1.247000e-23 4.838000e-18 4.403000e-17 1.973000e-16 5.228000e-16 8.288000e-16 9.099000e-16 8.358000e-16 7.596000e-16 7.232000e-16 6.812000e-16 6.148000e-16 5.356000e-16 4.596000e-16 3.928000e-16 2.910000e-16 2.222000e-16 1.835000e-16 1.178000e-16 8.107000e-17 5.861000e-17 4.392000e-17 3.383000e-17 2.664000e-17 2.136000e-17 1.737000e-17 1.432000e-17 1.192000e-17 1.003000e-17 7.972000e-18 2.873000e-18 7.353000e-19 2.610000e-19
 31 3.133000e-39 2.789000e-26 4.450000e-22 4.948000e-20 1.312000e-16 4.618000e-16 1.015000e-15 1.545000e-15 1.666000e-15 1.489000e-15 1.107000e-15 9.013000e-16 8.007000e-16 7.071000e-16 6.266000e-16 5.424000e-16 4.642000e-16 3.964000e-16 2.936000e-16 2.243000e-16 1.853000e-16 1.190000e-16 8.196000e-17 5.928000e-17 4.444000e-17 3.424000e-17 2.697000e-17 2.162000e-17 1.759000e-17 1.450000e-17 1.208000e-17 1.016000e-17 8.076000e-18 2.911000e-18 7.453000e-19 2.646000e-19
 32 1.050000e-23 1.592000e-18 6.536000e-17 3.686000e-16 4.564000e-15 5.782000e-15 5.903000e-15 4.951000e-15 3.524000e-15 2.528000e-15 1.501000e-15 1.086000e-15 8.949000e-16 7.327000e-16 6.335000e-16 5.431000e-16 4.628000e-16 3.943000e-16 2.916000e-16 2.226000e-16 1.839000e-16 1.182000e-16 8.144000e-17 5.892000e-17 4.418000e-17 3.406000e-17 2.683000e-17 2.151000e-17 1.751000e-17 1.443000e-17 1.202000e-17 1.011000e-17 8.040000e-18 2.899000e-18 7.424000e-19 2.636000e-19
 33 1.000000e-76 1.000000e-76 2.428000e-70 3.710000e-56 6.938000e-31 3.544000e-26 1.030000e-22 4.208000e-20 2.243000e-18 1.598000e-17 9.417000e-17 2.021000e-16 3.083000e-16 4.367000e-16 4.498000e-16 4.166000e-16 3.703000e-16 3.238000e-16 2.467000e-16 1.915000e-16 1.595000e-16 1.039000e-16 7.213000e-17 5.244000e-17 3.945000e-17 3.048000e-17 2.405000e-17 1.932000e-17 1.574000e-17 1.298000e-17 1.082000e-17 9.109000e-18 7.249000e-18 2.620000e-18 6.719000e-19 2.386000e-19
 34 1.000000e-76 1.272000e-62 2.774000e-46 3.607000e-38 7.996000e-24 3.387000e-21 2.705000e-19 6.737000e-18 5.089000e-17 1.276000e-16 2.610000e-16 3.363000e-16 3.869000e-16 4.511000e-16 4.615000e-16 4.386000e-16 4.009000e-16 3.593000e-16 2.839000e-16 2.257000e-16 1.906000e-16 1.270000e-16 8.943000e-17 6.559000e-17 4.966000e-17 3.854000e-17 3.052000e-17 2.457000e-17 2.007000e-17 1.658000e-17 1.384000e-17 1.166000e-17 9.296000e-18 3.373000e-18 8.670000e-19 3.082000e-19
 35 2.732000e-41 1.837000e-27 5.751000e-23 8.957000e-21 4.355000e-17 1.722000e-16 4.148000e-16 6.989000e-16 8.772000e-16 9.125000e-16 8.257000e-16 7.118000e-16 6.256000e-16 5.467000e-16 5.251000e-16 5.079000e-16 4.844000e-16 4.549000e-16 3.900000e-16 3.296000e-16 2.887000e-16 2.059000e-16 1.511000e-16 1.140000e-16 8.803000e-17 6.936000e-17 5.557000e-17 4.516000e-17 3.715000e-17 3.089000e-17 2.592000e-17 2.193000e-17 1.757000e-17 6.471000e-18 1.679000e-18 5.987000e-19
 36 2.286000e-70 6.971000e-42 1.676000e-32 7.237000e-28 8.777000e-20 2.386000e-18 2.429000e-17 1.218000e-16 3.008000e-16 4.146000e-16 4.568000e-16 4.277000e-16 4.046000e-16 4.082000e-16 4.292000e-16 4.370000e-16 4.294000e-16 4.107000e-16 3.590000e-16 3.062000e-16 2.693000e-16 1.932000e-16 1.422000e-16 1.074000e-16 8.305000e-17 6.548000e-17 5.249000e-17 4.267000e-17 3.511000e-17 2.920000e-17 2.451000e-17 2.074000e-17 1.662000e-17 6.125000e-18 1.590000e-18 5.669000e-19
 37 1.671000e-47 1.676000e-30 5.995000e-25 3.157000e-22 1.375000e-17 8.246000e-17 2.703000e-16 5.617000e-16 7.512000e-16 7.490000e-16 5.989000e-16 4.802000e-16 4.137000e-16 3.851000e-16 3.999000e-16 4.086000e-16 4.041000e-16 3.887000e-16 3.428000e-16 2.941000e-16 2.596000e-16 1.872000e-16 1.382000e-16 1.047000e-16 8.103000e-17 6.396000e-17 5.131000e-17 4.174000e-17 3.436000e-17 2.859000e-17 2.401000e-17 2.032000e-17 1.629000e-17 6.011000e-18 1.561000e-18 5.569000e-19
 38 1.000000e-76 3.962000e-51 1.026000e-38 1.453000e-32 9.440000e-22 8.492000e-20 2.121000e-18 2.139000e-17 8.583000e-17 1.527000e-16 2.150000e-16 2.242000e-16 2.273000e-16 2.621000e-16 3.074000e-16 3.377000e-16 3.493000e-16 3.461000e-16 3.158000e-16 2.759000e-16 2.457000e-16 1.798000e-16 1.337000e-16 1.017000e-16 7.898000e-17 6.248000e-17 5.020000e-17 4.089000e-17 3.370000e-17 2.806000e-17 2.358000e-17 1.998000e-17 1.602000e-17 5.923000e-18 1.540000e-18 5.497000e-19
 39 4.524000e-65 2.187000e-39 6.133000e-31 9.041000e-27 1.585000e-19 2.981000e-18 2.302000e-17 9.315000e-17 1.981000e-16 2.521000e-16 2.548000e-16 2.271000e-16 2.120000e-16 2.371000e-16 2.832000e-16 3.154000e-16 3.285000e-16 3.266000e-16 2.986000e-16 2.608000e-16 2.322000e-16 1.695000e-16 1.259000e-16 9.562000e-17 7.420000e-17 5.866000e-17 4.711000e-17 3.836000e-17 3.161000e-17 2.631000e-17 2.210000e-17 1.872000e-17 1.501000e-17 5.548000e-18 1.443000e-18 5.148000e-19
 40 1.000000e-76 6.914000e-64 2.505000e-47 4.198000e-39 1.469000e-24 6.789000e-22 5.787000e-20 1.516000e-18 1.182000e-17 2.983000e-17 5.910000e-17 7.396000e-17 8.953000e-17 1.446000e-16 2.010000e-16 2.398000e-16 2.593000e-16 2.638000e-16 2.474000e-16 2.190000e-16 1.962000e-16 1.448000e-16 1.081000e-16 8.243000e-17 6.412000e-17 5.078000e-17 4.084000e-17 3.329000e-17 2.746000e-17 2.287000e-17 1.923000e-17 1.630000e-17 1.307000e-17 4.842000e-18 1.260000e-18 4.500000e-19
 41 1.000000e-76 2.397000e-51 3.879000e-39 4.344000e-33 1.849000e-22 1.534000e-20 3.608000e-19 3.471000e-18 1.348000e-17 2.356000e-17 3.247000e-17 3.342000e-17 3.393000e-17 4.417000e-17 6.397000e-17 8.566000e-17 1.044000e-16 1.181000e-16 1.304000e-16 1.292000e-16 1.236000e-16 1.024000e-16 8.204000e-17 6.553000e-17 5.269000e-17 4.276000e-17 3.504000e-17 2.899000e-17 2.419000e-17 2.035000e-17 1.724000e-17 1.471000e-17 1.189000e-17 4.506000e-18 1.189000e-18 4.266000e-19
 42 3.416000e-48 2.691000e-30 1.913000e-24 1.421000e-21 1.148000e-16 7.748000e-16 2.774000e-15 6.175000e-15 8.662000e-15 8.848000e-15 7.098000e-15 5.324000e-15 3.940000e-15 2.250000e-15 1.519000e-15 1.144000e-15 9.226000e-16 7.749000e-16 5.867000e-16 4.669000e-16 3.982000e-16 2.741000e-16 1.983000e-16 1.485000e-16 1.142000e-16 8.977000e-17 7.180000e-17 5.827000e-17 4.789000e-17 3.979000e-17 3.337000e-17 2.823000e-17 2.260000e-17 8.310000e-18 2.154000e-18 7.677000e-19
 43 8.731000e-28 3.729000e-20 1.003000e-17 1.449000e-16 9.747000e-15 1.704000e-14 2.216000e-14 2.243000e-14 1.819000e-14 1.391000e-14 8.401000e-15 5.505000e-15 3.748000e-15 1.953000e-15 1.273000e-15 9.492000e-16 7.675000e-16 6.501000e-16 5.021000e-16 4.064000e-16 3.503000e-16 2.459000e-16 1.800000e-16 1.359000e-16 1.051000e-16 8.296000e-17 6.655000e-17 5.415000e-17 4.459000e-17 3.710000e-17 3.116000e-17 2.638000e-17 2.114000e-17 7.801000e-18 2.026000e-18 7.225000e-19
 44 1.000000e-76 1.000000e-76 1.000000e-76 1.000000e-76 1.779000e-70 2.814000e-54 3.394000e-42 6.981000e-33 1.690000e-26 3.359000e-23 4.609000e-20 1.199000e-18 7.923000e-18 5.489000e-17 1.195000e-16 1.752000e-16 2.140000e-16 2.365000e-16 2.465000e-16 2.329000e-16 2.163000e-16 1.697000e-16 1.314000e-16 1.026000e-16 8.112000e-17 6.501000e-17 5.276000e-17 4.330000e-17 3.590000e-17 3.004000e-17 2.534000e-17 2.154000e-17 1.734000e-17 6.478000e-18 1.695000e-18 6.060000e-19
 45 1.000000e-76 1.000000e-76 1.000000e-76 1.000000e-76 1.775000e-70 2.820000e-54 3.414000e-42 7.042000e-33 1.708000e-26 3.399000e-23 4.668000e-20 1.213000e-18 8.007000e-18 5.515000e-17 1.194000e-16 1.747000e-16 2.131000e-16 2.355000e-16 2.459000e-16 2.327000e-16 2.163000e-16 1.702000e-16 1.320000e-16 1.033000e-16 8.176000e-17 6.560000e-17 5.328000e-17 4.376000e-17 3.631000e-17 3.040000e-17 2.566000e-17 2.181000e-17 1.757000e-17 6.576000e-18 1.722000e-18 6.161000e-19
 46 1.000000e-76 1.000000e-76 1.000000e-76 1.000000e-76 2.183000e-70 3.271000e-54 3.788000e-42 7.550000e-33 1.788000e-26 3.513000e-23 4.764000e-20 1.230000e-18 8.075000e-18 5.505000e-17 1.184000e-16 1.723000e-16 2.098000e-16 2.317000e-16 2.420000e-16 2.292000e-16 2.133000e-16 1.682000e-16 1.308000e-16 1.024000e-16 8.119000e-17 6.521000e-17 5.302000e-17 4.359000e-17 3.619000e-17 3.032000e-17 2.560000e-17 2.177000e-17 1.755000e-17 6.580000e-18 1.726000e-18 6.176000e-19
 47 1.000000e-76 1.000000e-76 1.000000e-76 1.000000e-76 3.340000e-70 4.426000e-54 4.674000e-42 8.670000e-33 1.954000e-26 3.739000e-23 4.940000e-20 1.259000e-18 8.190000e-18 5.503000e-17 1.172000e-16 1.695000e-16 2.057000e-16 2.268000e-16 2.366000e-16 2.242000e-16 2.088000e-16 1.649000e-16 1.284000e-16 1.007000e-16 7.996000e-17 6.430000e-17 5.233000e-17 4.305000e-17 3.577000e-17 2.999000e-17 2.534000e-17 2.156000e-17 1.739000e-17 6.533000e-18 1.716000e-18 6.144000e-19
 48 1.000000e-76 1.000000e-76 1.000000e-76 1.000000e-76 3.992000e-75 1.353000e-57 1.624000e-44 1.996000e-34 1.676000e-27 6.418000e-24 1.677000e-20 5.909000e-19 4.684000e-18 3.911000e-17 9.163000e-17 1.399000e-16 1.757000e-16 1.984000e-16 2.137000e-16 2.065000e-16 1.944000e-16 1.565000e-16 1.233000e-16 9.749000e-17 7.785000e-17 6.288000e-17 5.135000e-17 4.237000e-17 3.529000e-17 2.964000e-17 2.508000e-17 2.138000e-17 1.726000e-17 6.520000e-18 1.718000e-18 6.158000e-19
 49 1.000000e-76 1.000000e-76 1.000000e-76 1.000000e-76 5.792000e-75 1.751000e-57 1.930000e-44 2.219000e-34 1.778000e-27 6.645000e-24 1.695000e-20 5.902000e-19 4.640000e-18 3.823000e-17 8.880000e-17 1.348000e-16 1.687000e-16 1.902000e-16 2.046000e-16 1.978000e-16 1.864000e-16 1.504000e-16 1.188000e-16 9.409000e-17 7.526000e-17 6.088000e-17 4.978000e-17 4.112000e-17 3.428000e-17 2.882000e-17 2.441000e-17 2.081000e-17 1.682000e-17 6.371000e-18 1.682000e-18 6.032000e-19
 50 1.000000e-76 1.000000e-76 1.000000e-76 1.000000e-76 1.052000e-74 2.659000e-57 2.563000e-44 2.655000e-34 1.980000e-27 7.120000e-24 1.749000e-20 5.980000e-19 4.644000e-18 3.760000e-17 8.633000e-17 1.300000e-16 1.619000e-16 1.820000e-16 1.952000e-16 1.887000e-16 1.778000e-16 1.438000e-16 1.138000e-16 9.028000e-17 7.235000e-17 5.862000e-17 4.801000e-17 3.971000e-17 3.314000e-17 2.788000e-17 2.364000e-17 2.017000e-17 1.632000e-17 6.199000e-18 1.640000e-18 5.887000e-19
 51 1.000000e-76 1.000000e-76 1.000000e-76 1.000000e-76 2.378000e-74 4.685000e-57 3.747000e-44 3.356000e-34 2.261000e-27 7.710000e-24 1.797000e-20 5.992000e-19 4.578000e-18 3.628000e-17 8.224000e-17 1.228000e-16 1.522000e-16 1.705000e-16 1.825000e-16 1.764000e-16 1.663000e-16 1.348000e-16 1.070000e-16 8.510000e-17 6.837000e-17 5.551000e-17 4.555000e-17 3.773000e-17 3.154000e-17 2.657000e-17 2.255000e-17 1.927000e-17 1.561000e-17 5.952000e-18 1.579000e-18 5.673000e-19
 52 2.533000e-44 1.619000e-28 2.313000e-23 7.697000e-21 1.468000e-16 7.523000e-16 2.192000e-15 4.155000e-15 5.213000e-15 5.021000e-15 3.801000e-15 2.773000e-15 2.014000e-15 1.110000e-15 7.238000e-16 5.333000e-16 4.285000e-16 3.645000e-16 2.906000e-16 2.453000e-16 2.182000e-16 1.646000e-16 1.270000e-16 9.987000e-17 7.974000e-17 6.455000e-17 5.287000e-17 4.376000e-17 3.656000e-17 3.080000e-17 2.613000e-17 2.233000e-17 1.809000e-17 6.903000e-18 1.833000e-18 6.587000e-19
 53 1.000000e-76 1.000000e-76 1.000000e-76 1.000000e-76 1.000000e-76 1.044000e-69 5.135000e-53 4.071000e-40 3.078000e-31 1.265000e-26 3.406000e-22 3.634000e-20 5.668000e-19 9.925000e-18 3.208000e-17 5.844000e-17 8.217000e-17 1.006000e-16 1.206000e-16 1.250000e-16 1.225000e-16 1.063000e-16 8.800000e-17 7.208000e-17 5.915000e-17 4.881000e-17 4.056000e-17 3.395000e-17 2.862000e-17 2.428000e-17 2.073000e-17 1.780000e-17 1.450000e-17 5.627000e-18 1.509000e-18 5.444000e-19
 54 1.000000e-76 1.000000e-76 1.000000e-76 1.000000e-76 1.000000e-76 5.140000e-68 7.589000e-52 2.360000e-39 9.305000e-31 2.712000e-26 5.211000e-22 4.735000e-20 6.687000e-19 1.045000e-17 3.199000e-17 5.646000e-17 7.785000e-17 9.409000e-17 1.114000e-16 1.148000e-16 1.123000e-16 9.729000e-17 8.061000e-17 6.617000e-17 5.443000e-17 4.502000e-17 3.749000e-17 3.145000e-17 2.655000e-17 2.256000e-17 1.929000e-17 1.658000e-17 1.353000e-17 5.275000e-18 1.420000e-18 5.128000e-19
 55 1.000000e-76 1.000000e-76 1.000000e-76 1.000000e-76 1.000000e-76 3.314000e-66 1.340000e-50 1.521000e-38 2.976000e-30 5.995000e-26 8.009000e-22 6.122000e-20 7.771000e-19 1.075000e-17 3.106000e-17 5.302000e-17 7.162000e-17 8.546000e-17 9.982000e-17 1.024000e-16 9.998000e-17 8.672000e-17 7.213000e-17 5.948000e-17 4.915000e-17 4.083000e-17 3.414000e-17 2.873000e-17 2.433000e-17 2.073000e-17 1.776000e-17 1.530000e-17 1.251000e-17 4.920000e-18 1.332000e-18 4.819000e-19
 56 1.000000e-76 1.781000e-47 2.965000e-36 1.065000e-30 5.853000e-21 3.289000e-19 5.773000e-18 4.424000e-17 1.467000e-16 2.358000e-16 2.954000e-16 2.739000e-16 2.305000e-16 1.506000e-16 1.101000e-16 9.265000e-17 8.667000e-17 8.566000e-17 8.695000e-17 8.651000e-17 8.439000e-17 7.467000e-17 6.356000e-17 5.346000e-17 4.488000e-17 3.776000e-17 3.190000e-17 2.708000e-17 2.309000e-17 1.979000e-17 1.704000e-17 1.474000e-17 1.212000e-17 4.839000e-18 1.322000e-18 4.801000e-19
 57 2.836000e-28 5.804000e-21 1.222000e-18 1.561000e-17 8.422000e-16 1.412000e-15 1.779000e-15 1.757000e-15 1.401000e-15 1.062000e-15 6.355000e-16 4.146000e-16 2.811000e-16 1.441000e-16 9.456000e-17 7.592000e-17 7.019000e-17 6.969000e-17 7.203000e-17 7.263000e-17 7.139000e-17 6.404000e-17 5.511000e-17 4.679000e-17 3.960000e-17 3.355000e-17 2.851000e-17 2.432000e-17 2.083000e-17 1.792000e-17 1.548000e-17 1.343000e-17 1.107000e-17 4.464000e-18 1.228000e-18 4.468000e-19
 58 1.000000e-76 1.260000e-54 3.169000e-41 1.399000e-34 7.034000e-23 9.344000e-21 3.127000e-19 3.957000e-18 1.860000e-17 3.595000e-17 5.397000e-17 5.453000e-17 4.838000e-17 3.388000e-17 2.769000e-17 2.868000e-17 3.352000e-17 3.944000e-17 4.891000e-17 5.345000e-17 5.441000e-17 5.139000e-17 4.557000e-17 3.954000e-17 3.404000e-17 2.923000e-17 2.512000e-17 2.162000e-17 1.866000e-17 1.615000e-17 1.402000e-17 1.222000e-17 1.013000e-17 4.150000e-18 1.153000e-18 4.212000e-19
 59 2.874000e-36 2.402000e-25 8.085000e-22 4.130000e-20 2.698000e-17 7.275000e-17 1.309000e-16 1.706000e-16 1.649000e-16 1.384000e-16 9.152000e-17 6.262000e-17 4.372000e-17 2.390000e-17 2.003000e-17 2.411000e-17 3.113000e-17 3.804000e-17 4.710000e-17 5.021000e-17 5.014000e-17 4.572000e-17 3.997000e-17 3.462000e-17 2.995000e-17 2.593000e-17 2.248000e-17 1.952000e-17 1.699000e-17 1.482000e-17 1.296000e-17 1.137000e-17 9.497000e-18 3.994000e-18 1.130000e-18 4.155000e-19
 60 1.000000e-76 1.000000e-76 1.000000e-76 1.000000e-76 1.000000e-76 1.000000e-76 1.000000e-76 2.097000e-74 1.345000e-53 1.079000e-42 4.427000e-32 4.122000e-27 4.110000e-24 7.409000e-21 1.910000e-19 1.088000e-18 3.085000e-18 6.014000e-18 1.264000e-17 1.816000e-17 2.131000e-17 2.575000e-17 2.671000e-17 2.588000e-17 2.417000e-17 2.210000e-17 1.993000e-17 1.783000e-17 1.587000e-17 1.410000e-17 1.250000e-17 1.109000e-17 9.384000e-18 4.085000e-18 1.178000e-18 4.355000e-19
 61 1.000000e-76 1.000000e-76 1.000000e-76 1.000000e-76 1.000000e-76 1.000000e-76 1.000000e-76 2.919000e-73 7.170000e-53 3.467000e-42 8.648000e-32 6.355000e-27 5.479000e-24 8.391000e-21 2.007000e-19 1.096000e-18 3.023000e-18 5.780000e-18 1.184000e-17 1.676000e-17 1.950000e-17 2.324000e-17 2.394000e-17 2.313000e-17 2.158000e-17 1.972000e-17 1.779000e-17 1.592000e-17 1.418000e-17 1.260000e-17 1.118000e-17 9.923000e-18 8.402000e-18 3.670000e-18 1.063000e-18 3.946000e-19
 62 1.000000e-76 1.000000e-76 1.000000e-76 1.000000e-76 1.000000e-76 1.000000e-76 1.000000e-76 5.217000e-72 4.497000e-52 1.252000e-41 1.815000e-31 1.030000e-26 7.577000e-24 9.713000e-21 2.141000e-19 1.116000e-18 2.987000e-18 5.593000e-18 1.115000e-17 1.551000e-17 1.787000e-17 2.094000e-17 2.138000e-17 2.055000e-17 1.912000e-17 1.745000e-17 1.573000e-17 1.407000e-17 1.253000e-17 1.113000e-17 9.880000e-18 8.768000e-18 7.425000e-18 3.245000e-18 9.400000e-19 3.486000e-19
 63 1.000000e-76 1.000000e-76 1.000000e-76 1.000000e-76 1.000000e-76 1.000000e-76 1.000000e-76 1.228000e-70 3.340000e-51 5.060000e-41 4.034000e-31 1.723000e-26 1.064000e-23 1.121000e-20 2.260000e-19 1.119000e-18 2.898000e-18 5.303000e-18 1.026000e-17 1.401000e-17 1.597000e-17 1.837000e-17 1.856000e-17 1.773000e-17 1.645000e-17 1.498000e-17 1.349000e-17 1.206000e-17 1.074000e-17 9.536000e-18 8.463000e-18 7.511000e-18 6.362000e-18 2.787000e-18 8.115000e-19 3.020000e-19
 64 1.000000e-76 1.000000e-76 1.000000e-76 1.000000e-76 1.000000e-76 1.000000e-76 1.000000e-76 1.000000e-76 3.665000e-72 4.164000e-56 1.976000e-40 4.711000e-33 1.419000e-28 1.168000e-23 1.734000e-21 2.682000e-20 1.444000e-19 4.387000e-19 1.608000e-18 3.203000e-18 4.464000e-18 7.168000e-18 8.750000e-18 9.443000e-18 9.530000e-18 9.234000e-18 8.716000e-18 8.086000e-18 7.416000e-18 6.749000e-18 6.111000e-18 5.515000e-18 4.764000e-18 2.216000e-18 6.728000e-19 2.545000e-19
 65 1.000000e-76 1.000000e-76 1.000000e-76 1.000000e-76 1.000000e-76 1.000000e-76 1.000000e-76 1.000000e-76 9.337000e-72 7.547000e-56 2.562000e-40 5.209000e-33 1.423000e-28 1.049000e-23 1.482000e-21 2.227000e-20 1.177000e-19 3.530000e-19 1.272000e-18 2.506000e-18 3.472000e-18 5.514000e-18 6.692000e-18 7.203000e-18 7.262000e-18 7.036000e-18 6.643000e-18 6.166000e-18 5.658000e-18 5.153000e-18 4.669000e-18 4.218000e-18 3.648000e-18 1.711000e-18 5.270000e-19 2.011000e-19
 66 1.000000e-76 1.000000e-76 1.000000e-76 1.000000e-76 1.000000e-76 1.000000e-76 1.000000e-76 1.000000e-76 7.314000e-75 3.975000e-58 8.780000e-42 4.352000e-34 2.055000e-29 2.800000e-24 5.238000e-22 9.243000e-21 5.415000e-20 1.744000e-19 6.874000e-19 1.426000e-18 2.030000e-18 3.368000e-18 4.189000e-18 4.583000e-18 4.676000e-18 4.571000e-18 4.348000e-18 4.060000e-18 3.744000e-18 3.425000e-18 3.115000e-18 2.824000e-18 2.454000e-18 1.178000e-18 3.754000e-19 1.459000e-19
 67 1.000000e-76 1.000000e-76 1.000000e-76 1.000000e-76 1.000000e-76 1.000000e-76 1.000000e-76 2.070000e-66 8.952000e-49 1.527000e-39 1.423000e-30 2.189000e-26 7.218000e-24 3.765000e-21 5.522000e-20 2.304000e-19 5.419000e-19 9.401000e-19 1.750000e-18 2.386000e-18 2.742000e-18 3.247000e-18 3.376000e-18 3.313000e-18 3.145000e-18 2.923000e-18 2.680000e-18 2.434000e-18 2.197000e-18 1.977000e-18 1.775000e-18 1.594000e-18 1.372000e-18 6.581000e-19 2.208000e-19 8.887000e-20
 68 1.000000e-76 1.000000e-76 1.000000e-76 1.000000e-76 1.000000e-76 1.000000e-76 1.000000e-76 1.000000e-76 1.000000e-76 1.000000e-76 1.000000e-76 1.000000e-76 1.000000e-76 1.000000e-76 1.000000e-76 6.676000e-67 5.770000e-57 4.437000e-50 2.098000e-41 2.858000e-36 1.545000e-33 5.155000e-29 1.781000e-26 7.091000e-25 8.651000e-24 5.167000e-23 1.943000e-22 5.329000e-22 1.166000e-21 2.163000e-21 3.536000e-21 5.246000e-21 8.048000e-21 2.079000e-20 1.789000e-20 9.564000e-21
 69 1.000000e-76 1.000000e-76 1.000000e-76 1.000000e-76 1.000000e-76 1.000000e-76 1.000000e-76 1.000000e-76 1.000000e-76 1.000000e-76 1.000000e-76 1.000000e-76 1.000000e-76 1.000000e-76 1.000000e-76 4.849000e-67 5.153000e-57 4.569000e-50 2.589000e-41 3.939000e-36 2.263000e-33 8.374000e-29 3.070000e-26 1.268000e-24 1.581000e-23 9.570000e-23 3.626000e-22 9.981000e-22 2.188000e-21 4.059000e-21 6.634000e-21 9.835000e-21 1.507000e-20 3.872000e-20 3.319000e-20 1.773000e-20
 70 1.000000e-76 1.000000e-76 1.000000e-76 1.000000e-76 1.000000e-76 1.000000e-76 1.000000e-76 1.000000e-76 1.000000e-76 1.000000e-76 1.000000e-76 1.000000e-76 1.000000e-76 1.000000e-76 1.000000e-76 1.000000e-76 1.000000e-76 1.000000e-76 1.000000e-76 1.000000e-76 1.000000e-76 1.000000e-76 1.000000e-76 1.000000e-76 1.000000e-76 1.000000e-76 1.000000e-76 1.000000e-76 1.000000e-76 1.000000e-76 1.000000e-76 1.000000e-76 1.000000e-76 1.000000e-76 1.000000e-76 1.000000e-76
