n   Temperature [K]
 36 5.802259e+03 1.160452e+04 1.740678e+04 2.320904e+04 5.802259e+04 8.123163e+04 1.160452e+05 1.740678e+05 2.669039e+05 3.713446e+05 6.034349e+05 8.587343e+05 1.160452e+06 1.914745e+06 2.727062e+06 3.597401e+06 4.525762e+06 5.512146e+06 7.600959e+06 9.805818e+06 1.160452e+07 1.672211e+07 2.233870e+07 2.847749e+07 3.516169e+07 4.241451e+07 5.025917e+07 5.871886e+07 6.781680e+07 7.757620e+07 8.802027e+07 9.917221e+07 1.160452e+08 2.320904e+08 5.802259e+08 1.160452e+09
Q   Rate [m3/s]
  1 1.000000e-76 6.181000e-55 2.455000e-42 4.438000e-36 4.906000e-25 5.042000e-23 1.412000e-21 1.573000e-20 6.817000e-20 1.266000e-19 1.830000e-19 1.818000e-19 1.596000e-19 1.080000e-19 7.495000e-20 5.438000e-20 4.097000e-20 3.182000e-20 2.079000e-20 1.471000e-20 1.166000e-20 6.999000e-21 4.644000e-21 3.281000e-21 2.422000e-21 1.846000e-21 1.442000e-21 1.149000e-21 9.306000e-22 7.640000e-22 6.345000e-22 5.322000e-22 4.220000e-22 1.510000e-22 3.850000e-23 1.365000e-23
  2 1.822000e-14 1.188000e-14 7.929000e-15 5.703000e-15 1.734000e-15 1.084000e-15 6.516000e-16 3.620000e-16 1.935000e-16 1.189000e-16 5.806000e-17 3.444000e-17 2.205000e-17 1.048000e-17 6.195000e-18 4.100000e-18 2.911000e-18 2.168000e-18 1.341000e-18 9.166000e-19 7.124000e-19 4.124000e-19 2.673000e-19 1.858000e-19 1.355000e-19 1.023000e-19 7.932000e-20 6.282000e-20 5.062000e-20 4.138000e-20 3.425000e-20 2.864000e-20 2.263000e-20 8.003000e-21 2.025000e-21 7.161000e-22
  3 1.056000e-17 4.079000e-17 5.829000e-17 6.602000e-17 5.353000e-17 4.138000e-17 2.933000e-17 1.862000e-17 1.110000e-17 7.396000e-18 4.102000e-18 2.671000e-18 1.838000e-18 9.645000e-19 6.001000e-19 4.099000e-19 2.973000e-19 2.249000e-19 1.420000e-19 9.829000e-20 7.698000e-20 4.517000e-20 2.954000e-20 2.066000e-20 1.514000e-20 1.147000e-20 8.920000e-21 7.081000e-21 5.717000e-21 4.681000e-21 3.879000e-21 3.248000e-21 2.570000e-21 9.127000e-22 2.316000e-22 8.198000e-23
  4 3.883000e-42 4.280000e-28 1.597000e-23 2.768000e-21 2.024000e-17 9.540000e-17 2.725000e-16 5.249000e-16 6.783000e-16 6.679000e-16 5.191000e-16 3.842000e-16 2.816000e-16 1.556000e-16 9.848000e-17 6.776000e-17 4.932000e-17 3.738000e-17 2.363000e-17 1.635000e-17 1.280000e-17 7.491000e-18 4.886000e-18 3.410000e-18 2.493000e-18 1.886000e-18 1.465000e-18 1.162000e-18 9.370000e-19 7.665000e-19 6.347000e-19 5.310000e-19 4.198000e-19 1.487000e-19 3.767000e-20 1.332000e-20
  5 1.052000e-32 1.525000e-24 6.168000e-22 1.093000e-20 1.833000e-18 8.026000e-18 2.971000e-17 8.074000e-17 1.410000e-16 1.661000e-16 1.564000e-16 1.275000e-16 9.930000e-17 5.889000e-17 3.851000e-17 2.700000e-17 1.989000e-17 1.521000e-17 9.718000e-18 6.769000e-18 5.315000e-18 3.130000e-18 2.048000e-18 1.433000e-18 1.049000e-18 7.947000e-19 6.177000e-19 4.902000e-19 3.956000e-19 3.238000e-19 2.682000e-19 2.244000e-19 1.775000e-19 6.295000e-20 1.596000e-20 5.645000e-21
  6 3.636000e-53 3.945000e-34 6.763000e-28 7.927000e-25 2.038000e-19 2.152000e-18 1.231000e-17 4.365000e-17 8.962000e-17 1.140000e-16 1.149000e-16 9.645000e-17 7.642000e-17 4.614000e-17 3.041000e-17 2.141000e-17 1.582000e-17 1.212000e-17 7.762000e-18 5.414000e-18 4.255000e-18 2.509000e-18 1.644000e-18 1.150000e-18 8.428000e-19 6.386000e-19 4.965000e-19 3.940000e-19 3.180000e-19 2.603000e-19 2.157000e-19 1.805000e-19 1.428000e-19 5.065000e-20 1.284000e-20 4.543000e-21
  7 1.098000e-52 5.113000e-34 6.785000e-28 7.210000e-25 1.696000e-19 1.801000e-18 1.063000e-17 3.950000e-17 8.478000e-17 1.107000e-16 1.146000e-16 9.750000e-17 7.789000e-17 4.746000e-17 3.141000e-17 2.217000e-17 1.641000e-17 1.258000e-17 8.070000e-18 5.634000e-18 4.430000e-18 2.615000e-18 1.714000e-18 1.200000e-18 8.793000e-19 6.664000e-19 5.182000e-19 4.113000e-19 3.320000e-19 2.718000e-19 2.252000e-19 1.885000e-19 1.491000e-19 5.291000e-20 1.342000e-20 4.747000e-21
  8 5.392000e-45 3.787000e-30 2.591000e-25 5.971000e-23 6.442000e-19 3.504000e-18 1.327000e-17 3.945000e-17 8.043000e-17 1.066000e-16 1.152000e-16 1.011000e-16 8.257000e-17 5.173000e-17 3.471000e-17 2.470000e-17 1.838000e-17 1.414000e-17 9.117000e-18 6.384000e-18 5.028000e-18 2.975000e-18 1.953000e-18 1.369000e-18 1.004000e-18 7.613000e-19 5.923000e-19 4.703000e-19 3.797000e-19 3.109000e-19 2.576000e-19 2.157000e-19 1.706000e-19 6.058000e-20 1.537000e-20 5.437000e-21
  9 3.995000e-34 1.068000e-24 1.140000e-21 3.282000e-20 8.107000e-18 2.034000e-17 4.078000e-17 7.205000e-17 1.055000e-16 1.215000e-16 1.193000e-16 1.016000e-16 8.195000e-17 5.091000e-17 3.408000e-17 2.424000e-17 1.803000e-17 1.388000e-17 8.946000e-18 6.266000e-18 4.936000e-18 2.922000e-18 1.919000e-18 1.345000e-18 9.868000e-19 7.483000e-19 5.822000e-19 4.624000e-19 3.733000e-19 3.057000e-19 2.534000e-19 2.121000e-19 1.678000e-19 5.960000e-20 1.512000e-20 5.350000e-21
 10 2.729000e-24 9.631000e-20 2.432000e-18 1.076000e-17 8.898000e-17 1.126000e-16 1.301000e-16 1.439000e-16 1.467000e-16 1.399000e-16 1.197000e-16 9.961000e-17 8.084000e-17 5.163000e-17 3.528000e-17 2.545000e-17 1.911000e-17 1.482000e-17 9.644000e-18 6.795000e-18 5.370000e-18 3.197000e-18 2.107000e-18 1.480000e-18 1.087000e-18 8.255000e-19 6.429000e-19 5.108000e-19 4.127000e-19 3.381000e-19 2.803000e-19 2.347000e-19 1.858000e-19 6.605000e-20 1.676000e-20 5.934000e-21
 11 1.000000e-76 1.782000e-61 4.305000e-46 2.015000e-38 9.409000e-25 3.222000e-22 2.391000e-20 6.750000e-19 7.145000e-18 2.437000e-17 7.127000e-17 1.026000e-16 1.143000e-16 1.020000e-16 8.055000e-17 6.296000e-17 4.975000e-17 3.993000e-17 2.715000e-17 1.962000e-17 1.572000e-17 9.569000e-18 6.385000e-18 4.523000e-18 3.341000e-18 2.547000e-18 1.989000e-18 1.584000e-18 1.283000e-18 1.052000e-18 8.735000e-19 7.323000e-19 5.803000e-19 2.070000e-19 5.266000e-20 1.865000e-20
 12 1.291000e-20 1.757000e-17 1.499000e-16 3.854000e-16 1.167000e-15 1.150000e-15 1.014000e-15 8.302000e-16 6.585000e-16 5.370000e-16 3.699000e-16 2.651000e-16 1.920000e-16 1.056000e-16 6.682000e-17 4.601000e-17 3.352000e-17 2.542000e-17 1.608000e-17 1.114000e-17 8.720000e-18 5.108000e-18 3.333000e-18 2.327000e-18 1.702000e-18 1.288000e-18 1.000000e-18 7.931000e-19 6.397000e-19 5.234000e-19 4.334000e-19 3.626000e-19 2.867000e-19 1.016000e-19 2.573000e-20 9.102000e-21
 13 3.151000e-25 6.804000e-20 3.142000e-18 1.880000e-17 2.599000e-16 3.420000e-16 3.768000e-16 3.781000e-16 3.660000e-16 3.435000e-16 2.789000e-16 2.178000e-16 1.666000e-16 9.747000e-17 6.348000e-17 4.444000e-17 3.272000e-17 2.500000e-17 1.598000e-17 1.113000e-17 8.743000e-18 5.151000e-18 3.373000e-18 2.361000e-18 1.729000e-18 1.310000e-18 1.019000e-18 8.086000e-19 6.527000e-19 5.343000e-19 4.427000e-19 3.705000e-19 2.931000e-19 1.040000e-19 2.638000e-20 9.333000e-21
 14 2.533000e-29 7.358000e-22 1.741000e-19 2.358000e-18 1.416000e-16 2.449000e-16 3.274000e-16 3.750000e-16 3.957000e-16 3.928000e-16 3.432000e-16 2.798000e-16 2.204000e-16 1.335000e-16 8.844000e-17 6.253000e-17 4.634000e-17 3.557000e-17 2.286000e-17 1.599000e-17 1.258000e-17 7.443000e-18 4.886000e-18 3.425000e-18 2.512000e-18 1.905000e-18 1.482000e-18 1.177000e-18 9.507000e-19 7.785000e-19 6.452000e-19 5.402000e-19 4.275000e-19 1.519000e-19 3.853000e-20 1.364000e-20
 15 2.732000e-33 9.039000e-24 1.037000e-20 3.092000e-19 7.676000e-17 1.733000e-16 2.802000e-16 3.653000e-16 4.166000e-16 4.334000e-16 4.036000e-16 3.422000e-16 2.770000e-16 1.736000e-16 1.169000e-16 8.341000e-17 6.220000e-17 4.796000e-17 3.101000e-17 2.176000e-17 1.716000e-17 1.019000e-17 6.702000e-18 4.704000e-18 3.454000e-18 2.622000e-18 2.041000e-18 1.622000e-18 1.310000e-18 1.073000e-18 8.897000e-19 7.451000e-19 5.897000e-19 2.097000e-19 5.323000e-20 1.884000e-20
 16 3.979000e-37 1.270000e-25 6.679000e-22 4.265000e-20 4.167000e-17 1.218000e-16 2.373000e-16 3.519000e-16 4.322000e-16 4.688000e-16 4.624000e-16 4.068000e-16 3.381000e-16 2.190000e-16 1.498000e-16 1.080000e-16 8.101000e-17 6.274000e-17 4.080000e-17 2.874000e-17 2.271000e-17 1.352000e-17 8.915000e-18 6.267000e-18 4.606000e-18 3.498000e-18 2.725000e-18 2.166000e-18 1.750000e-18 1.434000e-18 1.189000e-18 9.963000e-19 7.888000e-19 2.806000e-19 7.128000e-20 2.524000e-20
 17 7.844000e-41 2.042000e-27 4.659000e-23 6.196000e-21 2.267000e-17 8.506000e-17 1.988000e-16 3.348000e-16 4.416000e-16 4.962000e-16 5.135000e-16 4.668000e-16 3.974000e-16 2.653000e-16 1.844000e-16 1.341000e-16 1.012000e-16 7.872000e-17 5.148000e-17 3.638000e-17 2.880000e-17 1.721000e-17 1.137000e-17 8.000000e-18 5.885000e-18 4.473000e-18 3.486000e-18 2.772000e-18 2.241000e-18 1.837000e-18 1.524000e-18 1.276000e-18 1.011000e-18 3.599000e-19 9.145000e-20 3.238000e-20
 18 3.135000e-44 4.609000e-29 4.035000e-24 1.051000e-21 1.289000e-17 6.087000e-17 1.683000e-16 3.193000e-16 4.495000e-16 5.197000e-16 5.584000e-16 5.216000e-16 4.534000e-16 3.112000e-16 2.193000e-16 1.608000e-16 1.221000e-16 9.532000e-17 6.266000e-17 4.442000e-17 3.524000e-17 2.112000e-17 1.397000e-17 9.848000e-18 7.251000e-18 5.514000e-18 4.300000e-18 3.421000e-18 2.766000e-18 2.268000e-18 1.882000e-18 1.577000e-18 1.249000e-18 4.449000e-19 1.131000e-19 4.005000e-20
 19 2.558000e-47 1.470000e-30 4.365000e-25 2.094000e-22 7.716000e-18 4.488000e-17 1.447000e-16 3.065000e-16 4.578000e-16 5.411000e-16 5.954000e-16 5.663000e-16 4.997000e-16 3.501000e-16 2.494000e-16 1.841000e-16 1.404000e-16 1.100000e-16 7.262000e-17 5.163000e-17 4.102000e-17 2.465000e-17 1.634000e-17 1.153000e-17 8.493000e-18 6.463000e-18 5.042000e-18 4.012000e-18 3.246000e-18 2.662000e-18 2.209000e-18 1.851000e-18 1.466000e-18 5.228000e-19 1.330000e-19 4.709000e-20
 20 1.085000e-52 3.383000e-33 8.195000e-27 1.123000e-23 2.736000e-18 2.279000e-17 9.600000e-17 2.485000e-16 4.206000e-16 5.269000e-16 6.165000e-16 6.093000e-16 5.531000e-16 4.021000e-16 2.918000e-16 2.179000e-16 1.674000e-16 1.318000e-16 8.764000e-17 6.257000e-17 4.981000e-17 3.005000e-17 1.996000e-17 1.410000e-17 1.040000e-17 7.923000e-18 6.185000e-18 4.924000e-18 3.985000e-18 3.269000e-18 2.713000e-18 2.274000e-18 1.802000e-18 6.430000e-19 1.636000e-19 5.795000e-20
 21 2.059000e-55 1.617000e-34 1.149000e-27 2.695000e-24 1.728000e-18 1.731000e-17 8.359000e-17 2.392000e-16 4.289000e-16 5.507000e-16 6.681000e-16 6.820000e-16 6.364000e-16 4.808000e-16 3.562000e-16 2.692000e-16 2.085000e-16 1.652000e-16 1.106000e-16 7.933000e-17 6.331000e-17 3.835000e-17 2.553000e-17 1.807000e-17 1.334000e-17 1.017000e-17 7.940000e-18 6.325000e-18 5.120000e-18 4.201000e-18 3.487000e-18 2.924000e-18 2.317000e-18 8.272000e-19 2.105000e-19 7.459000e-20
 22 7.983000e-58 1.091000e-35 2.007000e-28 7.580000e-25 1.145000e-18 1.350000e-17 7.361000e-17 2.304000e-16 4.343000e-16 5.667000e-16 6.968000e-16 7.215000e-16 6.832000e-16 5.282000e-16 3.964000e-16 3.020000e-16 2.353000e-16 1.871000e-16 1.260000e-16 9.065000e-17 7.249000e-17 4.405000e-17 2.938000e-17 2.082000e-17 1.538000e-17 1.173000e-17 9.168000e-18 7.305000e-18 5.915000e-18 4.855000e-18 4.031000e-18 3.381000e-18 2.680000e-18 9.572000e-19 2.437000e-19 8.636000e-20
 23 7.834000e-60 1.162000e-36 4.736000e-29 2.662000e-25 8.224000e-19 1.111000e-17 6.704000e-17 2.263000e-16 4.448000e-16 5.877000e-16 7.283000e-16 7.619000e-16 7.303000e-16 5.765000e-16 4.380000e-16 3.364000e-16 2.634000e-16 2.104000e-16 1.424000e-16 1.028000e-16 8.233000e-17 5.019000e-17 3.354000e-17 2.379000e-17 1.760000e-17 1.343000e-17 1.050000e-17 8.369000e-18 6.779000e-18 5.566000e-18 4.622000e-18 3.877000e-18 3.074000e-18 1.099000e-18 2.798000e-19 9.916000e-20
 24 1.947000e-61 1.957000e-37 1.509000e-29 1.166000e-25 6.397000e-19 9.642000e-18 6.311000e-17 2.263000e-16 4.600000e-16 6.128000e-16 7.600000e-16 7.994000e-16 7.731000e-16 6.212000e-16 4.772000e-16 3.692000e-16 2.906000e-16 2.329000e-16 1.584000e-16 1.147000e-16 9.206000e-17 5.630000e-17 3.769000e-17 2.677000e-17 1.982000e-17 1.513000e-17 1.184000e-17 9.439000e-18 7.648000e-18 6.281000e-18 5.217000e-18 4.377000e-18 3.471000e-18 1.241000e-18 3.163000e-19 1.121000e-19
 25 1.008000e-62 4.725000e-38 6.088000e-30 6.084000e-26 5.297000e-19 8.718000e-18 6.094000e-17 2.295000e-16 4.791000e-16 6.415000e-16 7.926000e-16 8.347000e-16 8.123000e-16 6.624000e-16 5.141000e-16 4.004000e-16 3.167000e-16 2.547000e-16 1.741000e-16 1.265000e-16 1.017000e-16 6.236000e-17 4.183000e-17 2.974000e-17 2.204000e-17 1.684000e-17 1.318000e-17 1.051000e-17 8.521000e-18 6.999000e-18 5.815000e-18 4.879000e-18 3.870000e-18 1.385000e-18 3.530000e-19 1.251000e-19
 26 1.000000e-76 5.820000e-60 1.619000e-44 7.521000e-37 2.613000e-23 7.777000e-21 4.766000e-19 9.659000e-18 6.328000e-17 1.487000e-16 3.040000e-16 4.222000e-16 5.226000e-16 6.278000e-16 6.109000e-16 5.486000e-16 4.776000e-16 4.113000e-16 3.069000e-16 2.349000e-16 1.942000e-16 1.247000e-16 8.588000e-17 6.208000e-17 4.652000e-17 3.583000e-17 2.821000e-17 2.261000e-17 1.839000e-17 1.515000e-17 1.262000e-17 1.061000e-17 8.436000e-18 3.039000e-18 7.775000e-19 2.759000e-19
 27 1.000000e-76 4.009000e-55 2.765000e-41 2.021000e-34 2.519000e-22 3.977000e-20 1.515000e-18 2.121000e-17 1.073000e-16 2.190000e-16 3.832000e-16 4.885000e-16 5.744000e-16 6.618000e-16 6.380000e-16 5.716000e-16 4.975000e-16 4.287000e-16 3.201000e-16 2.453000e-16 2.028000e-16 1.304000e-16 8.982000e-17 6.494000e-17 4.867000e-17 3.749000e-17 2.952000e-17 2.366000e-17 1.925000e-17 1.586000e-17 1.321000e-17 1.111000e-17 8.830000e-18 3.181000e-18 8.139000e-19 2.889000e-19
 28 1.000000e-76 1.068000e-49 1.159000e-37 1.063000e-31 3.158000e-21 2.447000e-19 5.467000e-18 5.054000e-17 1.913000e-16 3.338000e-16 4.934000e-16 5.728000e-16 6.352000e-16 6.945000e-16 6.599000e-16 5.882000e-16 5.109000e-16 4.397000e-16 3.281000e-16 2.514000e-16 2.079000e-16 1.336000e-16 9.206000e-17 6.657000e-17 4.989000e-17 3.844000e-17 3.026000e-17 2.426000e-17 1.974000e-17 1.626000e-17 1.354000e-17 1.139000e-17 9.053000e-18 3.262000e-18 8.346000e-19 2.962000e-19
 29 3.197000e-74 9.888000e-44 1.109000e-33 1.034000e-28 5.015000e-20 1.775000e-18 2.202000e-17 1.289000e-16 3.547000e-16 5.217000e-16 6.434000e-16 6.770000e-16 7.055000e-16 7.286000e-16 6.812000e-16 6.038000e-16 5.232000e-16 4.499000e-16 3.356000e-16 2.571000e-16 2.127000e-16 1.368000e-16 9.429000e-17 6.820000e-17 5.113000e-17 3.940000e-17 3.103000e-17 2.487000e-17 2.024000e-17 1.668000e-17 1.389000e-17 1.168000e-17 9.287000e-18 3.347000e-18 8.565000e-19 3.040000e-19
 30 3.331000e-61 3.213000e-37 2.444000e-29 1.876000e-25 1.016000e-18 1.528000e-17 9.979000e-17 3.544000e-16 6.888000e-16 8.413000e-16 8.548000e-16 8.099000e-16 7.879000e-16 7.592000e-16 6.934000e-16 6.086000e-16 5.248000e-16 4.500000e-16 3.348000e-16 2.562000e-16 2.118000e-16 1.362000e-16 9.386000e-17 6.789000e-17 5.090000e-17 3.922000e-17 3.089000e-17 2.476000e-17 2.015000e-17 1.660000e-17 1.383000e-17 1.163000e-17 9.247000e-18 3.333000e-18 8.531000e-19 3.028000e-19
 31 4.161000e-47 3.530000e-30 1.194000e-24 6.113000e-22 2.531000e-17 1.504000e-16 4.896000e-16 1.012000e-15 1.349000e-15 1.348000e-15 1.116000e-15 9.518000e-16 8.671000e-16 7.858000e-16 7.051000e-16 6.148000e-16 5.287000e-16 4.529000e-16 3.368000e-16 2.577000e-16 2.132000e-16 1.372000e-16 9.455000e-17 6.842000e-17 5.131000e-17 3.955000e-17 3.115000e-17 2.498000e-17 2.033000e-17 1.675000e-17 1.395000e-17 1.174000e-17 9.333000e-18 3.365000e-18 8.614000e-19 3.058000e-19
 32 3.963000e-46 1.105000e-29 2.579000e-24 1.097000e-21 3.253000e-17 1.814000e-16 5.630000e-16 1.121000e-15 1.456000e-15 1.434000e-15 1.158000e-15 9.639000e-16 8.592000e-16 7.633000e-16 6.850000e-16 5.999000e-16 5.183000e-16 4.457000e-16 3.335000e-16 2.564000e-16 2.125000e-16 1.374000e-16 9.495000e-17 6.883000e-17 5.169000e-17 3.988000e-17 3.144000e-17 2.522000e-17 2.054000e-17 1.693000e-17 1.411000e-17 1.187000e-17 9.440000e-18 3.407000e-18 8.727000e-19 3.098000e-19
 33 2.896000e-30 9.288000e-22 4.894000e-19 9.891000e-18 1.218000e-15 2.390000e-15 3.387000e-15 3.667000e-15 3.117000e-15 2.451000e-15 1.578000e-15 1.168000e-15 9.659000e-16 7.953000e-16 6.964000e-16 6.041000e-16 5.197000e-16 4.460000e-16 3.333000e-16 2.561000e-16 2.123000e-16 1.373000e-16 9.493000e-17 6.884000e-17 5.171000e-17 3.990000e-17 3.146000e-17 2.525000e-17 2.056000e-17 1.695000e-17 1.413000e-17 1.188000e-17 9.454000e-18 3.413000e-18 8.745000e-19 3.105000e-19
 34 2.673000e-13 2.772000e-13 2.160000e-13 1.679000e-13 5.865000e-14 3.765000e-14 2.309000e-14 1.303000e-14 7.037000e-15 4.354000e-15 2.201000e-15 1.441000e-15 1.099000e-15 8.299000e-16 7.045000e-16 6.031000e-16 5.155000e-16 4.409000e-16 3.284000e-16 2.521000e-16 2.089000e-16 1.351000e-16 9.342000e-17 6.776000e-17 5.090000e-17 3.929000e-17 3.098000e-17 2.486000e-17 2.025000e-17 1.670000e-17 1.392000e-17 1.171000e-17 9.316000e-18 3.364000e-18 8.621000e-19 3.061000e-19
 35 1.000000e-76 1.000000e-76 2.477000e-73 2.216000e-58 9.975000e-32 9.347000e-27 4.294000e-23 2.520000e-20 1.733000e-18 1.403000e-17 9.167000e-17 2.028000e-16 3.135000e-16 4.538000e-16 4.760000e-16 4.472000e-16 4.018000e-16 3.544000e-16 2.732000e-16 2.137000e-16 1.788000e-16 1.173000e-16 8.185000e-17 5.968000e-17 4.500000e-17 3.482000e-17 2.752000e-17 2.212000e-17 1.804000e-17 1.489000e-17 1.242000e-17 1.046000e-17 8.326000e-18 3.014000e-18 7.737000e-19 2.749000e-19
 36 1.000000e-76 4.904000e-59 7.128000e-44 2.392000e-36 4.633000e-23 1.234000e-20 6.955000e-19 1.322000e-17 8.284000e-17 1.885000e-16 3.473000e-16 4.181000e-16 4.543000e-16 4.936000e-16 4.951000e-16 4.694000e-16 4.303000e-16 3.872000e-16 3.084000e-16 2.467000e-16 2.091000e-16 1.404000e-16 9.928000e-17 7.304000e-17 5.542000e-17 4.308000e-17 3.416000e-17 2.753000e-17 2.250000e-17 1.860000e-17 1.554000e-17 1.310000e-17 1.045000e-17 3.797000e-18 9.769000e-19 3.473000e-19
 37 2.479000e-18 6.032000e-16 2.899000e-15 5.595000e-15 1.005000e-14 8.814000e-15 6.837000e-15 4.682000e-15 3.039000e-15 2.211000e-15 1.422000e-15 1.044000e-15 8.242000e-16 6.280000e-16 5.691000e-16 5.375000e-16 5.080000e-16 4.761000e-16 4.093000e-16 3.476000e-16 3.056000e-16 2.197000e-16 1.621000e-16 1.228000e-16 9.508000e-17 7.508000e-17 6.025000e-17 4.903000e-17 4.037000e-17 3.360000e-17 2.822000e-17 2.389000e-17 1.915000e-17 7.071000e-18 1.837000e-18 6.555000e-19
 38 6.389000e-60 1.232000e-36 5.478000e-29 3.216000e-25 1.075000e-18 1.474000e-17 8.986000e-17 3.024000e-16 5.657000e-16 6.730000e-16 6.362000e-16 5.443000e-16 4.787000e-16 4.381000e-16 4.443000e-16 4.477000e-16 4.395000e-16 4.215000e-16 3.714000e-16 3.191000e-16 2.821000e-16 2.043000e-16 1.513000e-16 1.148000e-16 8.904000e-17 7.037000e-17 5.651000e-17 4.601000e-17 3.790000e-17 3.155000e-17 2.650000e-17 2.245000e-17 1.800000e-17 6.650000e-18 1.729000e-18 6.169000e-19
 39 1.972000e-35 1.913000e-24 6.768000e-21 3.544000e-19 2.421000e-16 6.584000e-16 1.192000e-15 1.561000e-15 1.515000e-15 1.274000e-15 8.555000e-16 6.205000e-16 4.939000e-16 4.127000e-16 4.115000e-16 4.154000e-16 4.101000e-16 3.957000e-16 3.519000e-16 3.043000e-16 2.700000e-16 1.967000e-16 1.462000e-16 1.112000e-16 8.638000e-17 6.835000e-17 5.494000e-17 4.476000e-17 3.690000e-17 3.073000e-17 2.583000e-17 2.188000e-17 1.755000e-17 6.493000e-18 1.689000e-18 6.030000e-19
 40 1.000000e-76 1.485000e-49 1.185000e-37 9.323000e-32 2.100000e-21 1.544000e-19 3.316000e-18 2.972000e-17 1.099000e-16 1.872000e-16 2.508000e-16 2.514000e-16 2.440000e-16 2.622000e-16 3.010000e-16 3.307000e-16 3.444000e-16 3.440000e-16 3.186000e-16 2.816000e-16 2.525000e-16 1.871000e-16 1.403000e-16 1.073000e-16 8.364000e-17 6.635000e-17 5.343000e-17 4.360000e-17 3.598000e-17 3.000000e-17 2.523000e-17 2.139000e-17 1.717000e-17 6.367000e-18 1.659000e-18 5.924000e-19
 41 2.025000e-60 4.817000e-37 2.297000e-29 1.397000e-25 4.972000e-19 6.901000e-18 4.244000e-17 1.438000e-16 2.704000e-16 3.223000e-16 3.038000e-16 2.576000e-16 2.283000e-16 2.356000e-16 2.756000e-16 3.074000e-16 3.227000e-16 3.237000e-16 3.005000e-16 2.654000e-16 2.378000e-16 1.758000e-16 1.315000e-16 1.004000e-16 7.823000e-17 6.201000e-17 4.991000e-17 4.070000e-17 3.358000e-17 2.799000e-17 2.353000e-17 1.995000e-17 1.601000e-17 5.934000e-18 1.546000e-18 5.519000e-19
 42 1.000000e-76 8.996000e-63 1.415000e-46 1.562000e-38 2.580000e-24 1.034000e-21 7.914000e-20 1.907000e-18 1.403000e-17 3.434000e-17 6.562000e-17 7.904000e-17 9.115000e-17 1.387000e-16 1.916000e-16 2.303000e-16 2.515000e-16 2.584000e-16 2.464000e-16 2.207000e-16 1.991000e-16 1.488000e-16 1.120000e-16 8.585000e-17 6.704000e-17 5.324000e-17 4.291000e-17 3.504000e-17 2.893000e-17 2.413000e-17 2.030000e-17 1.722000e-17 1.383000e-17 5.136000e-18 1.340000e-18 4.786000e-19
 43 1.000000e-76 1.657000e-49 6.621000e-38 3.685000e-32 4.455000e-22 2.909000e-20 5.715000e-19 4.781000e-18 1.685000e-17 2.797000e-17 3.645000e-17 3.597000e-17 3.484000e-17 4.171000e-17 5.899000e-17 7.916000e-17 9.735000e-17 1.114000e-16 1.255000e-16 1.264000e-16 1.221000e-16 1.031000e-16 8.364000e-17 6.736000e-17 5.448000e-17 4.441000e-17 3.652000e-17 3.029000e-17 2.533000e-17 2.135000e-17 1.812000e-17 1.548000e-17 1.253000e-17 4.770000e-18 1.263000e-18 4.533000e-19
 44 6.513000e-35 1.242000e-23 5.502000e-20 3.224000e-18 2.698000e-15 7.625000e-15 1.421000e-14 1.904000e-14 1.876000e-14 1.590000e-14 1.062000e-14 7.303000e-15 5.118000e-15 2.732000e-15 1.771000e-15 1.296000e-15 1.023000e-15 8.472000e-16 6.318000e-16 4.999000e-16 4.257000e-16 2.932000e-16 2.125000e-16 1.595000e-16 1.229000e-16 9.672000e-17 7.746000e-17 6.293000e-17 5.177000e-17 4.304000e-17 3.612000e-17 3.057000e-17 2.449000e-17 9.024000e-18 2.342000e-18 8.351000e-19
 45 6.854000e-13 1.110000e-12 1.004000e-12 8.403000e-13 3.356000e-13 2.210000e-13 1.382000e-13 7.913000e-14 4.317000e-14 2.680000e-14 1.318000e-14 7.831000e-15 5.016000e-15 2.423000e-15 1.507000e-15 1.085000e-15 8.551000e-16 7.113000e-16 5.387000e-16 4.328000e-16 3.721000e-16 2.612000e-16 1.915000e-16 1.449000e-16 1.123000e-16 8.875000e-17 7.130000e-17 5.807000e-17 4.786000e-17 3.985000e-17 3.349000e-17 2.837000e-17 2.275000e-17 8.412000e-18 2.187000e-18 7.804000e-19
 46 1.000000e-76 1.000000e-76 1.000000e-76 1.000000e-76 6.066000e-74 9.634000e-57 6.554000e-44 5.177000e-34 3.196000e-27 1.041000e-23 2.319000e-20 7.580000e-19 5.749000e-18 4.597000e-17 1.061000e-16 1.607000e-16 2.006000e-16 2.253000e-16 2.405000e-16 2.309000e-16 2.164000e-16 1.726000e-16 1.350000e-16 1.061000e-16 8.434000e-17 6.784000e-17 5.521000e-17 4.542000e-17 3.772000e-17 3.161000e-17 2.670000e-17 2.271000e-17 1.831000e-17 6.865000e-18 1.800000e-18 6.440000e-19
 47 1.000000e-76 1.000000e-76 1.000000e-76 1.000000e-76 6.914000e-74 1.061000e-56 7.036000e-44 5.448000e-34 3.317000e-27 1.072000e-23 2.372000e-20 7.723000e-19 5.836000e-18 4.632000e-17 1.063000e-16 1.603000e-16 1.998000e-16 2.243000e-16 2.396000e-16 2.303000e-16 2.160000e-16 1.727000e-16 1.354000e-16 1.066000e-16 8.479000e-17 6.828000e-17 5.561000e-17 4.578000e-17 3.805000e-17 3.190000e-17 2.696000e-17 2.295000e-17 1.850000e-17 6.951000e-18 1.825000e-18 6.532000e-19
 48 1.000000e-76 1.000000e-76 1.000000e-76 1.000000e-76 9.532000e-74 1.333000e-56 8.248000e-44 6.051000e-34 3.548000e-27 1.124000e-23 2.439000e-20 7.865000e-19 5.902000e-18 4.630000e-17 1.054000e-16 1.582000e-16 1.965000e-16 2.204000e-16 2.352000e-16 2.262000e-16 2.124000e-16 1.702000e-16 1.336000e-16 1.053000e-16 8.391000e-17 6.764000e-17 5.514000e-17 4.543000e-17 3.779000e-17 3.170000e-17 2.680000e-17 2.282000e-17 1.842000e-17 6.931000e-18 1.822000e-18 6.526000e-19
 49 1.000000e-76 1.000000e-76 1.000000e-76 1.000000e-76 1.672000e-73 1.988000e-56 1.088000e-43 7.260000e-34 3.985000e-27 1.220000e-23 2.556000e-20 8.108000e-19 6.016000e-18 4.643000e-17 1.046000e-16 1.559000e-16 1.929000e-16 2.158000e-16 2.299000e-16 2.211000e-16 2.076000e-16 1.666000e-16 1.310000e-16 1.034000e-16 8.248000e-17 6.656000e-17 5.432000e-17 4.479000e-17 3.729000e-17 3.130000e-17 2.648000e-17 2.256000e-17 1.821000e-17 6.870000e-18 1.809000e-18 6.482000e-19
 50 1.000000e-76 1.000000e-76 1.000000e-76 1.000000e-76 1.000000e-76 1.959000e-60 1.711000e-46 9.841000e-36 2.417000e-28 1.630000e-24 7.430000e-21 3.409000e-19 3.170000e-18 3.140000e-17 7.898000e-17 1.253000e-16 1.612000e-16 1.854000e-16 2.047000e-16 2.013000e-16 1.913000e-16 1.568000e-16 1.249000e-16 9.948000e-17 7.986000e-17 6.476000e-17 5.306000e-17 4.388000e-17 3.662000e-17 3.081000e-17 2.611000e-17 2.228000e-17 1.802000e-17 6.836000e-18 1.806000e-18 6.480000e-19
 51 1.000000e-76 1.000000e-76 1.000000e-76 1.000000e-76 1.000000e-76 2.681000e-60 2.112000e-46 1.121000e-35 2.603000e-28 1.705000e-24 7.547000e-21 3.414000e-19 3.146000e-18 3.073000e-17 7.659000e-17 1.207000e-16 1.548000e-16 1.776000e-16 1.958000e-16 1.925000e-16 1.831000e-16 1.504000e-16 1.200000e-16 9.577000e-17 7.702000e-17 6.255000e-17 5.131000e-17 4.249000e-17 3.550000e-17 2.989000e-17 2.535000e-17 2.165000e-17 1.752000e-17 6.666000e-18 1.765000e-18 6.336000e-19
 52 1.000000e-76 1.000000e-76 1.000000e-76 1.000000e-76 1.000000e-76 4.375000e-60 2.947000e-46 1.385000e-35 2.957000e-28 1.852000e-24 7.847000e-21 3.475000e-19 3.159000e-18 3.029000e-17 7.461000e-17 1.166000e-16 1.487000e-16 1.700000e-16 1.868000e-16 1.835000e-16 1.746000e-16 1.435000e-16 1.148000e-16 9.176000e-17 7.392000e-17 6.013000e-17 4.940000e-17 4.097000e-17 3.426000e-17 2.888000e-17 2.452000e-17 2.095000e-17 1.698000e-17 6.479000e-18 1.719000e-18 6.177000e-19
 53 1.000000e-76 1.000000e-76 1.000000e-76 1.000000e-76 1.000000e-76 8.279000e-60 4.524000e-46 1.807000e-35 3.443000e-28 2.031000e-24 8.116000e-21 3.495000e-19 3.121000e-18 2.925000e-17 7.109000e-17 1.102000e-16 1.397000e-16 1.592000e-16 1.744000e-16 1.712000e-16 1.629000e-16 1.342000e-16 1.076000e-16 8.624000e-17 6.964000e-17 5.677000e-17 4.673000e-17 3.882000e-17 3.252000e-17 2.745000e-17 2.333000e-17 1.996000e-17 1.619000e-17 6.205000e-18 1.651000e-18 5.941000e-19
 54 1.414000e-30 1.244000e-21 9.175000e-19 2.194000e-17 3.656000e-15 7.598000e-15 1.125000e-14 1.259000e-14 1.095000e-14 8.695000e-15 5.444000e-15 3.629000e-15 2.493000e-15 1.288000e-15 8.090000e-16 5.790000e-16 4.543000e-16 3.796000e-16 2.963000e-16 2.480000e-16 2.202000e-16 1.662000e-16 1.288000e-16 1.016000e-16 8.140000e-17 6.607000e-17 5.424000e-17 4.499000e-17 3.765000e-17 3.176000e-17 2.699000e-17 2.308000e-17 1.872000e-17 7.177000e-18 1.911000e-18 6.876000e-19
 55 1.000000e-76 1.000000e-76 1.000000e-76 1.000000e-76 1.000000e-76 6.759000e-73 3.057000e-55 1.361000e-41 3.418000e-32 2.645000e-27 1.327000e-22 1.903000e-20 3.555000e-19 7.580000e-18 2.665000e-17 5.078000e-17 7.344000e-17 9.167000e-17 1.129000e-16 1.192000e-16 1.180000e-16 1.044000e-16 8.738000e-17 7.216000e-17 5.957000e-17 4.939000e-17 4.119000e-17 3.459000e-17 2.923000e-17 2.485000e-17 2.125000e-17 1.828000e-17 1.492000e-17 5.824000e-18 1.568000e-18 5.664000e-19
 56 1.000000e-76 1.000000e-76 1.000000e-76 1.000000e-76 1.000000e-76 4.026000e-71 5.159000e-54 8.612000e-41 1.093000e-31 5.903000e-27 2.079000e-22 2.520000e-20 4.243000e-19 8.037000e-18 2.671000e-17 4.924000e-17 6.976000e-17 8.593000e-17 1.044000e-16 1.094000e-16 1.081000e-16 9.540000e-17 7.996000e-17 6.616000e-17 5.475000e-17 4.550000e-17 3.803000e-17 3.200000e-17 2.709000e-17 2.307000e-17 1.976000e-17 1.701000e-17 1.391000e-17 5.458000e-18 1.475000e-18 5.335000e-19
 57 1.000000e-76 1.000000e-76 1.000000e-76 1.000000e-76 1.000000e-76 3.146000e-69 1.041000e-52 6.067000e-40 3.703000e-31 1.359000e-26 3.274000e-22 3.313000e-20 4.992000e-19 8.329000e-18 2.607000e-17 4.642000e-17 6.436000e-17 7.820000e-17 9.361000e-17 9.759000e-17 9.624000e-17 8.495000e-17 7.145000e-17 5.938000e-17 4.936000e-17 4.120000e-17 3.458000e-17 2.919000e-17 2.479000e-17 2.117000e-17 1.818000e-17 1.568000e-17 1.285000e-17 5.088000e-18 1.383000e-18 5.014000e-19
 58 1.000000e-76 8.093000e-54 1.765000e-40 7.255000e-34 3.207000e-22 4.158000e-20 1.366000e-18 1.704000e-17 7.931000e-17 1.525000e-16 2.277000e-16 2.296000e-16 2.033000e-16 1.401000e-16 1.033000e-16 8.609000e-17 7.960000e-17 7.827000e-17 7.988000e-17 8.048000e-17 7.930000e-17 7.167000e-17 6.190000e-17 5.262000e-17 4.453000e-17 3.771000e-17 3.202000e-17 2.729000e-17 2.336000e-17 2.008000e-17 1.734000e-17 1.503000e-17 1.239000e-17 4.988000e-18 1.370000e-18 4.986000e-19
 59 2.521000e-39 1.740000e-26 2.549000e-22 2.717000e-20 6.672000e-17 2.315000e-16 5.032000e-16 7.597000e-16 8.136000e-16 7.207000e-16 5.026000e-16 3.527000e-16 2.500000e-16 1.342000e-16 8.850000e-17 7.015000e-17 6.407000e-17 6.338000e-17 6.615000e-17 6.771000e-17 6.726000e-17 6.163000e-17 5.377000e-17 4.610000e-17 3.932000e-17 3.351000e-17 2.862000e-17 2.451000e-17 2.107000e-17 1.818000e-17 1.574000e-17 1.368000e-17 1.131000e-17 4.599000e-18 1.271000e-18 4.636000e-19
 60 1.000000e-76 6.244000e-62 4.275000e-46 3.114000e-38 2.433000e-24 8.449000e-22 5.813000e-20 1.289000e-18 8.949000e-18 2.124000e-17 3.904000e-17 4.343000e-17 4.087000e-17 3.037000e-17 2.493000e-17 2.558000e-17 2.998000e-17 3.568000e-17 4.532000e-17 5.042000e-17 5.184000e-17 4.981000e-17 4.464000e-17 3.903000e-17 3.380000e-17 2.917000e-17 2.517000e-17 2.174000e-17 1.882000e-17 1.634000e-17 1.422000e-17 1.242000e-17 1.032000e-17 4.261000e-18 1.190000e-18 4.356000e-19
 61 5.252000e-49 1.062000e-31 4.799000e-26 2.840000e-23 1.526000e-18 9.530000e-18 3.219000e-17 6.848000e-17 9.308000e-17 9.351000e-17 7.380000e-17 5.492000e-17 4.037000e-17 2.318000e-17 1.926000e-17 2.283000e-17 2.949000e-17 3.628000e-17 4.552000e-17 4.896000e-17 4.911000e-17 4.506000e-17 3.948000e-17 3.427000e-17 2.971000e-17 2.579000e-17 2.241000e-17 1.952000e-17 1.703000e-17 1.489000e-17 1.305000e-17 1.146000e-17 9.600000e-18 4.071000e-18 1.158000e-18 4.269000e-19
 62 1.000000e-76 1.000000e-76 1.000000e-76 1.000000e-76 1.000000e-76 1.000000e-76 1.000000e-76 1.000000e-76 1.054000e-55 3.326000e-44 5.244000e-33 9.264000e-28 1.369000e-24 3.838000e-21 1.211000e-19 7.744000e-19 2.363000e-18 4.847000e-18 1.083000e-17 1.611000e-17 1.922000e-17 2.382000e-17 2.505000e-17 2.453000e-17 2.312000e-17 2.128000e-17 1.932000e-17 1.737000e-17 1.554000e-17 1.385000e-17 1.233000e-17 1.097000e-17 9.311000e-18 4.098000e-18 1.190000e-18 4.413000e-19
 63 1.000000e-76 1.000000e-76 1.000000e-76 1.000000e-76 1.000000e-76 1.000000e-76 1.000000e-76 1.947000e-76 6.133000e-55 1.138000e-43 1.065000e-32 1.469000e-27 1.864000e-24 4.403000e-21 1.284000e-19 7.855000e-19 2.329000e-18 4.681000e-18 1.019000e-17 1.492000e-17 1.764000e-17 2.154000e-17 2.249000e-17 2.194000e-17 2.064000e-17 1.899000e-17 1.723000e-17 1.550000e-17 1.387000e-17 1.237000e-17 1.101000e-17 9.802000e-18 8.328000e-18 3.677000e-18 1.073000e-18 3.993000e-19
 64 1.000000e-76 1.000000e-76 1.000000e-76 1.000000e-76 1.000000e-76 1.000000e-76 1.000000e-76 4.009000e-75 4.216000e-54 4.389000e-43 2.326000e-32 2.446000e-27 2.629000e-24 5.155000e-21 1.381000e-19 8.043000e-19 2.311000e-18 4.544000e-18 9.620000e-18 1.383000e-17 1.619000e-17 1.942000e-17 2.008000e-17 1.948000e-17 1.827000e-17 1.678000e-17 1.522000e-17 1.368000e-17 1.224000e-17 1.091000e-17 9.716000e-18 8.647000e-18 7.348000e-18 3.246000e-18 9.471000e-19 3.522000e-19
 65 1.000000e-76 1.000000e-76 1.000000e-76 1.000000e-76 1.000000e-76 1.000000e-76 1.000000e-76 1.090000e-73 3.438000e-53 1.897000e-42 5.387000e-32 4.211000e-27 3.771000e-24 6.026000e-21 1.470000e-19 8.115000e-19 2.253000e-18 4.325000e-18 8.876000e-18 1.251000e-17 1.449000e-17 1.706000e-17 1.744000e-17 1.682000e-17 1.571000e-17 1.440000e-17 1.304000e-17 1.171000e-17 1.047000e-17 9.337000e-18 8.313000e-18 7.398000e-18 6.287000e-18 2.783000e-18 8.162000e-19 3.046000e-19
 66 1.000000e-76 1.000000e-76 1.000000e-76 1.000000e-76 1.000000e-76 1.000000e-76 1.000000e-76 1.000000e-76 1.000000e-76 1.227000e-59 1.336000e-42 1.414000e-34 1.064000e-29 2.446000e-24 5.815000e-22 1.176000e-20 7.523000e-20 2.575000e-19 1.095000e-18 2.377000e-18 3.464000e-18 5.970000e-18 7.579000e-18 8.396000e-18 8.638000e-18 8.496000e-18 8.117000e-18 7.606000e-18 7.033000e-18 6.445000e-18 5.870000e-18 5.325000e-18 4.627000e-18 2.191000e-18 6.734000e-19 2.559000e-19
 67 1.000000e-76 1.000000e-76 1.000000e-76 1.000000e-76 1.000000e-76 1.000000e-76 1.000000e-76 1.000000e-76 1.079000e-76 2.144000e-59 1.693000e-42 1.539000e-34 1.054000e-29 2.181000e-24 4.942000e-22 9.725000e-21 6.111000e-20 2.066000e-19 8.649000e-19 1.858000e-18 2.690000e-18 4.588000e-18 5.792000e-18 6.398000e-18 6.574000e-18 6.465000e-18 6.178000e-18 5.792000e-18 5.359000e-18 4.914000e-18 4.479000e-18 4.067000e-18 3.538000e-18 1.689000e-18 5.268000e-19 2.021000e-19
 68 1.000000e-76 1.000000e-76 1.000000e-76 1.000000e-76 1.000000e-76 1.000000e-76 1.000000e-76 1.000000e-76 1.000000e-76 8.481000e-62 4.863000e-44 1.135000e-35 1.388000e-30 5.499000e-25 1.678000e-22 3.913000e-21 2.742000e-20 1.000000e-19 4.602000e-19 1.045000e-18 1.557000e-18 2.783000e-18 3.606000e-18 4.052000e-18 4.216000e-18 4.185000e-18 4.030000e-18 3.801000e-18 3.536000e-18 3.257000e-18 2.981000e-18 2.716000e-18 2.374000e-18 1.160000e-18 3.744000e-19 1.464000e-19
 69 1.000000e-76 1.000000e-76 1.000000e-76 1.000000e-76 1.000000e-76 1.000000e-76 1.000000e-76 2.155000e-69 1.021000e-50 6.151000e-41 1.981000e-31 5.499000e-27 2.606000e-24 2.041000e-21 3.599000e-20 1.662000e-19 4.160000e-19 7.517000e-19 1.470000e-18 2.062000e-18 2.405000e-18 2.920000e-18 3.083000e-18 3.060000e-18 2.933000e-18 2.750000e-18 2.539000e-18 2.321000e-18 2.107000e-18 1.904000e-18 1.717000e-18 1.547000e-18 1.336000e-18 6.480000e-19 2.199000e-19 8.919000e-20
 70 1.000000e-76 1.000000e-76 1.000000e-76 1.000000e-76 1.000000e-76 1.000000e-76 1.000000e-76 1.000000e-76 1.000000e-76 1.000000e-76 1.000000e-76 1.000000e-76 1.000000e-76 1.000000e-76 1.000000e-76 6.454000e-70 2.269000e-59 4.591000e-52 7.343000e-43 2.075000e-37 1.664000e-34 1.081000e-29 5.486000e-27 2.798000e-25 4.047000e-24 2.733000e-23 1.128000e-22 3.321000e-22 7.698000e-22 1.495000e-21 2.542000e-21 3.896000e-21 6.207000e-21 1.799000e-20 1.665000e-20 9.126000e-21
 71 1.000000e-76 1.000000e-76 1.000000e-76 1.000000e-76 1.000000e-76 1.000000e-76 1.000000e-76 1.000000e-76 1.000000e-76 1.000000e-76 1.000000e-76 1.000000e-76 1.000000e-76 1.000000e-76 1.000000e-76 4.662000e-70 2.023000e-59 4.726000e-52 9.058000e-43 2.856000e-37 2.433000e-34 1.753000e-29 9.448000e-27 5.005000e-25 7.418000e-24 5.090000e-23 2.121000e-22 6.286000e-22 1.462000e-21 2.847000e-21 4.845000e-21 7.430000e-21 1.184000e-20 3.428000e-20 3.169000e-20 1.737000e-20
 72 1.000000e-76 1.000000e-76 1.000000e-76 1.000000e-76 1.000000e-76 1.000000e-76 1.000000e-76 1.000000e-76 1.000000e-76 1.000000e-76 1.000000e-76 1.000000e-76 1.000000e-76 1.000000e-76 1.000000e-76 1.000000e-76 1.000000e-76 1.000000e-76 1.000000e-76 1.000000e-76 1.000000e-76 1.000000e-76 1.000000e-76 1.000000e-76 1.000000e-76 1.000000e-76 1.000000e-76 1.000000e-76 1.000000e-76 1.000000e-76 1.000000e-76 1.000000e-76 1.000000e-76 1.000000e-76 1.000000e-76 1.000000e-76
