n   Temperature [K]
 36 5.802259e+03 1.160452e+04 1.740678e+04 2.320904e+04 5.802259e+04 8.123163e+04 1.160452e+05 1.740678e+05 2.669039e+05 3.713446e+05 6.034349e+05 8.587343e+05 1.160452e+06 1.914745e+06 2.727062e+06 3.597401e+06 4.525762e+06 5.512146e+06 7.600959e+06 9.805818e+06 1.160452e+07 1.672211e+07 2.233870e+07 2.847749e+07 3.516169e+07 4.241451e+07 5.025917e+07 5.871886e+07 6.781680e+07 7.757620e+07 8.802027e+07 9.917221e+07 1.160452e+08 2.320904e+08 5.802259e+08 1.160452e+09
Q   Rate [m3/s]
  1 1.000000e-76 1.507000e-61 1.020000e-46 2.432000e-39 2.857000e-26 7.185000e-24 3.949000e-22 7.453000e-21 4.666000e-20 1.052000e-19 1.843000e-19 2.006000e-19 1.863000e-19 1.343000e-19 9.593000e-20 7.075000e-20 5.388000e-20 4.217000e-20 2.783000e-20 1.982000e-20 1.578000e-20 9.542000e-21 6.364000e-21 4.514000e-21 3.342000e-21 2.553000e-21 1.999000e-21 1.595000e-21 1.294000e-21 1.063000e-21 8.838000e-22 7.420000e-22 5.890000e-22 2.114000e-22 5.403000e-23 1.917000e-23
  2 1.920000e-17 2.270000e-17 1.847000e-17 1.468000e-17 5.333000e-18 3.449000e-18 2.128000e-18 1.216000e-18 7.163000e-19 5.443000e-19 4.399000e-19 3.789000e-19 3.169000e-19 2.090000e-19 1.446000e-19 1.049000e-19 7.912000e-20 6.150000e-20 4.022000e-20 2.847000e-20 2.257000e-20 1.355000e-20 8.988000e-21 6.351000e-21 4.687000e-21 3.572000e-21 2.790000e-21 2.223000e-21 1.801000e-21 1.478000e-21 1.228000e-21 1.030000e-21 8.165000e-22 2.920000e-22 7.446000e-23 2.640000e-23
  3 3.893000e-18 2.866000e-17 5.049000e-17 6.366000e-17 6.340000e-17 5.109000e-17 3.738000e-17 2.429000e-17 1.459000e-17 9.667000e-18 5.254000e-18 3.370000e-18 2.296000e-18 1.192000e-18 7.387000e-19 5.036000e-19 3.648000e-19 2.757000e-19 1.739000e-19 1.203000e-19 9.421000e-20 5.526000e-20 3.612000e-20 2.526000e-20 1.850000e-20 1.402000e-20 1.090000e-20 8.654000e-21 6.986000e-21 5.720000e-21 4.740000e-21 3.968000e-21 3.139000e-21 1.115000e-21 2.830000e-22 1.001000e-22
  4 3.134000e-19 1.295000e-17 3.646000e-17 5.756000e-17 1.083000e-16 1.068000e-16 9.302000e-17 7.015000e-17 4.692000e-17 3.274000e-17 1.836000e-17 1.176000e-17 7.930000e-18 4.025000e-18 2.457000e-18 1.658000e-18 1.193000e-18 8.969000e-19 5.617000e-19 3.868000e-19 3.019000e-19 1.761000e-19 1.147000e-19 8.002000e-20 5.849000e-20 4.425000e-20 3.437000e-20 2.725000e-20 2.198000e-20 1.798000e-20 1.489000e-20 1.246000e-20 9.853000e-21 3.493000e-21 8.851000e-22 3.131000e-22
  5 1.428000e-48 1.916000e-31 7.582000e-26 4.249000e-23 2.549000e-18 1.842000e-17 7.423000e-17 1.907000e-16 3.047000e-16 3.370000e-16 2.945000e-16 2.308000e-16 1.752000e-16 1.008000e-16 6.497000e-17 4.517000e-17 3.310000e-17 2.521000e-17 1.603000e-17 1.113000e-17 8.729000e-18 5.126000e-18 3.350000e-18 2.341000e-18 1.713000e-18 1.297000e-18 1.007000e-18 7.992000e-19 6.448000e-19 5.276000e-19 4.369000e-19 3.656000e-19 2.891000e-19 1.025000e-19 2.597000e-20 9.186000e-21
  6 1.231000e-27 6.176000e-22 3.777000e-20 2.601000e-19 4.798000e-18 8.349000e-18 1.938000e-17 5.382000e-17 1.099000e-16 1.443000e-16 1.527000e-16 1.319000e-16 1.066000e-16 6.593000e-17 4.395000e-17 3.116000e-17 2.312000e-17 1.776000e-17 1.142000e-17 7.985000e-18 6.283000e-18 3.712000e-18 2.434000e-18 1.705000e-18 1.250000e-18 9.472000e-19 7.366000e-19 5.848000e-19 4.720000e-19 3.864000e-19 3.202000e-19 2.680000e-19 2.120000e-19 7.524000e-20 1.908000e-20 6.750000e-21
  7 1.136000e-58 8.162000e-37 1.226000e-29 4.256000e-26 7.090000e-20 1.027000e-18 7.512000e-18 3.306000e-17 8.047000e-17 1.128000e-16 1.257000e-16 1.108000e-16 9.051000e-17 5.658000e-17 3.789000e-17 2.693000e-17 2.001000e-17 1.539000e-17 9.912000e-18 6.936000e-18 5.460000e-18 3.229000e-18 2.119000e-18 1.484000e-18 1.088000e-18 8.251000e-19 6.418000e-19 5.095000e-19 4.114000e-19 3.368000e-19 2.791000e-19 2.336000e-19 1.848000e-19 6.560000e-20 1.664000e-20 5.887000e-21
  8 8.678000e-56 1.702000e-35 7.668000e-29 1.460000e-25 8.883000e-20 1.112000e-18 7.588000e-18 3.289000e-17 8.101000e-17 1.150000e-16 1.302000e-16 1.158000e-16 9.510000e-17 5.984000e-17 4.020000e-17 2.862000e-17 2.129000e-17 1.639000e-17 1.057000e-17 7.398000e-18 5.827000e-18 3.448000e-18 2.263000e-18 1.586000e-18 1.163000e-18 8.821000e-19 6.862000e-19 5.449000e-19 4.399000e-19 3.602000e-19 2.985000e-19 2.499000e-19 1.977000e-19 7.019000e-20 1.780000e-20 6.300000e-21
  9 1.896000e-47 2.686000e-31 5.005000e-26 1.902000e-23 4.838000e-19 2.933000e-18 1.170000e-17 3.677000e-17 8.068000e-17 1.130000e-16 1.309000e-16 1.191000e-16 9.971000e-17 6.429000e-17 4.373000e-17 3.137000e-17 2.346000e-17 1.812000e-17 1.173000e-17 8.237000e-18 6.497000e-18 3.855000e-18 2.534000e-18 1.778000e-18 1.305000e-18 9.899000e-19 7.704000e-19 6.119000e-19 4.942000e-19 4.047000e-19 3.354000e-19 2.808000e-19 2.222000e-19 7.894000e-20 2.003000e-20 7.087000e-21
 10 2.142000e-35 2.961000e-25 5.472000e-22 2.071000e-20 8.152000e-18 2.157000e-17 4.391000e-17 7.842000e-17 1.174000e-16 1.384000e-16 1.406000e-16 1.224000e-16 1.004000e-16 6.363000e-17 4.304000e-17 3.079000e-17 2.300000e-17 1.774000e-17 1.148000e-17 8.059000e-18 6.356000e-18 3.770000e-18 2.479000e-18 1.739000e-18 1.277000e-18 9.684000e-19 7.537000e-19 5.987000e-19 4.835000e-19 3.960000e-19 3.282000e-19 2.748000e-19 2.175000e-19 7.726000e-20 1.960000e-20 6.938000e-21
 11 1.219000e-24 7.652000e-20 2.341000e-18 1.140000e-17 1.104000e-16 1.404000e-16 1.593000e-16 1.738000e-16 1.787000e-16 1.718000e-16 1.476000e-16 1.230000e-16 1.000000e-16 6.422000e-17 4.407000e-17 3.187000e-17 2.399000e-17 1.862000e-17 1.215000e-17 8.568000e-18 6.777000e-18 4.040000e-18 2.664000e-18 1.873000e-18 1.376000e-18 1.045000e-18 8.141000e-19 6.470000e-19 5.228000e-19 4.284000e-19 3.551000e-19 2.975000e-19 2.355000e-19 8.372000e-20 2.126000e-20 7.524000e-21
 12 1.000000e-76 9.270000e-65 2.660000e-48 4.063000e-40 1.690000e-25 9.423000e-23 1.018000e-20 3.782000e-19 4.845000e-18 1.875000e-17 6.450000e-17 1.018000e-16 1.206000e-16 1.157000e-16 9.460000e-17 7.543000e-17 6.039000e-17 4.891000e-17 3.363000e-17 2.447000e-17 1.968000e-17 1.206000e-17 8.074000e-18 5.732000e-18 4.241000e-18 3.237000e-18 2.531000e-18 2.017000e-18 1.634000e-18 1.341000e-18 1.114000e-18 9.338000e-19 7.403000e-19 2.644000e-19 6.729000e-20 2.384000e-20
 13 5.962000e-25 1.444000e-19 6.927000e-18 4.224000e-17 6.036000e-16 7.947000e-16 8.618000e-16 8.183000e-16 7.174000e-16 6.214000e-16 4.602000e-16 3.435000e-16 2.558000e-16 1.454000e-16 9.350000e-17 6.498000e-17 4.763000e-17 3.627000e-17 2.308000e-17 1.603000e-17 1.257000e-17 7.387000e-18 4.828000e-18 3.374000e-18 2.469000e-18 1.870000e-18 1.453000e-18 1.152000e-18 9.298000e-19 7.608000e-19 6.301000e-19 5.273000e-19 4.170000e-19 1.478000e-19 3.746000e-20 1.325000e-20
 14 1.460000e-29 5.602000e-22 1.455000e-19 2.063000e-18 1.346000e-16 2.365000e-16 3.194000e-16 3.675000e-16 3.877000e-16 3.845000e-16 3.360000e-16 2.740000e-16 2.160000e-16 1.310000e-16 8.683000e-17 6.140000e-17 4.551000e-17 3.494000e-17 2.245000e-17 1.570000e-17 1.235000e-17 7.299000e-18 4.788000e-18 3.354000e-18 2.459000e-18 1.864000e-18 1.450000e-18 1.151000e-18 9.293000e-19 7.609000e-19 6.304000e-19 5.278000e-19 4.175000e-19 1.482000e-19 3.760000e-20 1.330000e-20
 15 1.141000e-33 5.875000e-24 7.809000e-21 2.506000e-19 7.105000e-17 1.645000e-16 2.707000e-16 3.572000e-16 4.100000e-16 4.279000e-16 4.003000e-16 3.404000e-16 2.761000e-16 1.734000e-16 1.169000e-16 8.351000e-17 6.230000e-17 4.805000e-17 3.107000e-17 2.180000e-17 1.719000e-17 1.020000e-17 6.704000e-18 4.704000e-18 3.453000e-18 2.620000e-18 2.039000e-18 1.620000e-18 1.308000e-18 1.072000e-18 8.882000e-19 7.438000e-19 5.886000e-19 2.092000e-19 5.309000e-20 1.879000e-20
 16 1.205000e-37 7.049000e-26 4.538000e-22 3.205000e-20 3.756000e-17 1.137000e-16 2.271000e-16 3.429000e-16 4.256000e-16 4.641000e-16 4.607000e-16 4.069000e-16 3.391000e-16 2.204000e-16 1.510000e-16 1.089000e-16 8.180000e-17 6.337000e-17 4.122000e-17 2.903000e-17 2.293000e-17 1.365000e-17 8.996000e-18 6.321000e-18 4.644000e-18 3.527000e-18 2.747000e-18 2.183000e-18 1.764000e-18 1.445000e-18 1.198000e-18 1.003000e-18 7.944000e-19 2.825000e-19 7.174000e-20 2.540000e-20
 17 1.723000e-41 9.685000e-28 2.856000e-23 4.317000e-21 1.990000e-17 7.801000e-17 1.883000e-16 3.249000e-16 4.348000e-16 4.917000e-16 5.123000e-16 4.675000e-16 3.991000e-16 2.673000e-16 1.860000e-16 1.354000e-16 1.023000e-16 7.957000e-17 5.204000e-17 3.678000e-17 2.911000e-17 1.739000e-17 1.148000e-17 8.077000e-18 5.940000e-18 4.514000e-18 3.517000e-18 2.797000e-18 2.261000e-18 1.853000e-18 1.536000e-18 1.287000e-18 1.019000e-18 3.627000e-19 9.215000e-20 3.263000e-20
 18 4.982000e-45 1.863000e-29 2.225000e-24 6.772000e-22 1.099000e-17 5.473000e-17 1.574000e-16 3.077000e-16 4.417000e-16 5.160000e-16 5.612000e-16 5.281000e-16 4.615000e-16 3.187000e-16 2.252000e-16 1.655000e-16 1.258000e-16 9.827000e-17 6.463000e-17 4.583000e-17 3.636000e-17 2.178000e-17 1.441000e-17 1.015000e-17 7.474000e-18 5.683000e-18 4.431000e-18 3.525000e-18 2.850000e-18 2.336000e-18 1.938000e-18 1.624000e-18 1.286000e-18 4.581000e-19 1.164000e-19 4.123000e-20
 19 2.405000e-48 4.573000e-31 2.024000e-25 1.186000e-22 6.256000e-18 3.896000e-17 1.322000e-16 2.910000e-16 4.458000e-16 5.330000e-16 5.924000e-16 5.662000e-16 5.012000e-16 3.525000e-16 2.516000e-16 1.859000e-16 1.419000e-16 1.112000e-16 7.341000e-17 5.219000e-17 4.146000e-17 2.490000e-17 1.650000e-17 1.164000e-17 8.574000e-18 6.524000e-18 5.089000e-18 4.049000e-18 3.275000e-18 2.686000e-18 2.228000e-18 1.867000e-18 1.479000e-18 5.272000e-19 1.341000e-19 4.748000e-20
 20 2.381000e-51 1.592000e-32 2.309000e-26 2.448000e-23 3.757000e-18 2.867000e-17 1.130000e-16 2.777000e-16 4.527000e-16 5.554000e-16 6.374000e-16 6.249000e-16 5.648000e-16 4.088000e-16 2.962000e-16 2.209000e-16 1.696000e-16 1.335000e-16 8.868000e-17 6.327000e-17 5.035000e-17 3.035000e-17 2.015000e-17 1.423000e-17 1.049000e-17 7.988000e-18 6.234000e-18 4.963000e-18 4.016000e-18 3.294000e-18 2.733000e-18 2.291000e-18 1.815000e-18 6.474000e-19 1.647000e-19 5.833000e-20
 21 8.245000e-57 3.285000e-35 4.008000e-28 1.233000e-24 1.287000e-18 1.414000e-17 7.319000e-17 2.210000e-16 4.106000e-16 5.360000e-16 6.586000e-16 6.753000e-16 6.317000e-16 4.785000e-16 3.549000e-16 2.684000e-16 2.080000e-16 1.648000e-16 1.104000e-16 7.914000e-17 6.315000e-17 3.824000e-17 2.545000e-17 1.801000e-17 1.329000e-17 1.013000e-17 7.911000e-18 6.301000e-18 5.100000e-18 4.185000e-18 3.473000e-18 2.912000e-18 2.308000e-18 8.237000e-19 2.096000e-19 7.426000e-20
 22 2.335000e-59 1.905000e-36 6.360000e-29 3.235000e-25 8.356000e-19 1.091000e-17 6.421000e-17 2.132000e-16 4.184000e-16 5.573000e-16 6.993000e-16 7.317000e-16 6.977000e-16 5.439000e-16 4.098000e-16 3.130000e-16 2.442000e-16 1.944000e-16 1.310000e-16 9.427000e-17 7.539000e-17 4.581000e-17 3.056000e-17 2.165000e-17 1.599000e-17 1.220000e-17 9.530000e-18 7.593000e-18 6.148000e-18 5.046000e-18 4.189000e-18 3.513000e-18 2.785000e-18 9.945000e-19 2.532000e-19 8.970000e-20
 23 1.354000e-61 1.561000e-37 1.260000e-29 9.966000e-26 5.697000e-19 8.654000e-18 5.701000e-17 2.059000e-16 4.240000e-16 5.733000e-16 7.254000e-16 7.662000e-16 7.389000e-16 5.876000e-16 4.480000e-16 3.448000e-16 2.703000e-16 2.160000e-16 1.463000e-16 1.056000e-16 8.463000e-17 5.159000e-17 3.448000e-17 2.445000e-17 1.809000e-17 1.380000e-17 1.079000e-17 8.599000e-18 6.965000e-18 5.718000e-18 4.748000e-18 3.982000e-18 3.157000e-18 1.128000e-18 2.873000e-19 1.018000e-19
 24 1.995000e-63 2.027000e-38 3.380000e-30 3.842000e-26 4.219000e-19 7.258000e-18 5.246000e-17 2.031000e-16 4.352000e-16 5.954000e-16 7.568000e-16 8.051000e-16 7.844000e-16 6.358000e-16 4.905000e-16 3.804000e-16 2.998000e-16 2.405000e-16 1.638000e-16 1.186000e-16 9.521000e-17 5.822000e-17 3.898000e-17 2.768000e-17 2.049000e-17 1.565000e-17 1.224000e-17 9.758000e-18 7.906000e-18 6.492000e-18 5.392000e-18 4.524000e-18 3.587000e-18 1.283000e-18 3.268000e-19 1.158000e-19
 25 6.119000e-65 3.774000e-39 1.148000e-30 1.763000e-26 3.325000e-19 6.341000e-18 4.950000e-17 2.031000e-16 4.497000e-16 6.205000e-16 7.882000e-16 8.408000e-16 8.250000e-16 6.793000e-16 5.296000e-16 4.136000e-16 3.276000e-16 2.638000e-16 1.805000e-16 1.312000e-16 1.055000e-16 6.469000e-17 4.339000e-17 3.085000e-17 2.286000e-17 1.746000e-17 1.367000e-17 1.090000e-17 8.836000e-18 7.257000e-18 6.029000e-18 5.059000e-18 4.013000e-18 1.436000e-18 3.659000e-19 1.297000e-19
 26 5.835000e-66 1.231000e-39 5.642000e-31 1.063000e-26 2.901000e-19 5.934000e-18 4.883000e-17 2.084000e-16 4.713000e-16 6.523000e-16 8.226000e-16 8.753000e-16 8.616000e-16 7.178000e-16 5.647000e-16 4.437000e-16 3.531000e-16 2.852000e-16 1.961000e-16 1.429000e-16 1.151000e-16 7.081000e-17 4.758000e-17 3.387000e-17 2.512000e-17 1.920000e-17 1.503000e-17 1.200000e-17 9.727000e-18 7.991000e-18 6.641000e-18 5.573000e-18 4.421000e-18 1.583000e-18 4.036000e-19 1.431000e-19
 27 1.000000e-76 1.944000e-59 3.768000e-44 1.460000e-36 3.664000e-23 1.025000e-20 5.996000e-19 1.172000e-17 7.476000e-17 1.724000e-16 3.393000e-16 4.559000e-16 5.527000e-16 6.578000e-16 6.436000e-16 5.814000e-16 5.087000e-16 4.399000e-16 3.301000e-16 2.536000e-16 2.101000e-16 1.355000e-16 9.345000e-17 6.765000e-17 5.074000e-17 3.911000e-17 3.081000e-17 2.471000e-17 2.011000e-17 1.657000e-17 1.380000e-17 1.161000e-17 9.230000e-18 3.327000e-18 8.516000e-19 3.023000e-19
 28 1.000000e-76 3.351000e-54 1.183000e-40 6.190000e-34 4.222000e-22 5.945000e-20 2.078000e-18 2.721000e-17 1.312000e-16 2.601000e-16 4.349000e-16 5.338000e-16 6.111000e-16 6.904000e-16 6.654000e-16 5.980000e-16 5.222000e-16 4.511000e-16 3.383000e-16 2.599000e-16 2.153000e-16 1.388000e-16 9.579000e-17 6.934000e-17 5.201000e-17 4.009000e-17 3.158000e-17 2.532000e-17 2.061000e-17 1.698000e-17 1.415000e-17 1.189000e-17 9.459000e-18 3.410000e-18 8.728000e-19 3.098000e-19
 29 1.000000e-76 2.025000e-48 8.550000e-37 4.891000e-31 6.212000e-21 4.095000e-19 8.101000e-18 6.814000e-17 2.413000e-16 4.054000e-16 5.686000e-16 6.342000e-16 6.837000e-16 7.325000e-16 6.966000e-16 6.236000e-16 5.439000e-16 4.698000e-16 3.525000e-16 2.709000e-16 2.245000e-16 1.449000e-16 9.999000e-17 7.240000e-17 5.432000e-17 4.187000e-17 3.299000e-17 2.646000e-17 2.153000e-17 1.774000e-17 1.478000e-17 1.243000e-17 9.885000e-18 3.564000e-18 9.123000e-19 3.238000e-19
 30 5.350000e-71 4.264000e-42 1.413000e-32 7.157000e-28 1.158000e-19 3.325000e-18 3.528000e-17 1.827000e-16 4.617000e-16 6.476000e-16 7.525000e-16 7.583000e-16 7.652000e-16 7.686000e-16 7.165000e-16 6.364000e-16 5.531000e-16 4.769000e-16 3.573000e-16 2.745000e-16 2.275000e-16 1.468000e-16 1.014000e-16 7.340000e-17 5.507000e-17 4.246000e-17 3.346000e-17 2.683000e-17 2.184000e-17 1.800000e-17 1.500000e-17 1.261000e-17 1.003000e-17 3.617000e-18 9.260000e-19 3.287000e-19
 31 2.902000e-57 3.152000e-35 5.374000e-28 1.953000e-24 2.755000e-18 3.206000e-17 1.727000e-16 5.282000e-16 9.247000e-16 1.067000e-15 1.014000e-15 9.176000e-16 8.629000e-16 8.074000e-16 7.356000e-16 6.474000e-16 5.602000e-16 4.820000e-16 3.604000e-16 2.768000e-16 2.293000e-16 1.479000e-16 1.022000e-16 7.400000e-17 5.553000e-17 4.282000e-17 3.374000e-17 2.706000e-17 2.203000e-17 1.816000e-17 1.513000e-17 1.272000e-17 1.012000e-17 3.650000e-18 9.346000e-19 3.318000e-19
 32 1.889000e-42 7.877000e-28 4.531000e-23 9.566000e-21 8.042000e-17 3.527000e-16 9.141000e-16 1.582000e-15 1.864000e-15 1.743000e-15 1.339000e-15 1.087000e-15 9.541000e-16 8.342000e-16 7.437000e-16 6.490000e-16 5.593000e-16 4.802000e-16 3.585000e-16 2.752000e-16 2.279000e-16 1.471000e-16 1.016000e-16 7.361000e-17 5.525000e-17 4.261000e-17 3.358000e-17 2.694000e-17 2.193000e-17 1.808000e-17 1.506000e-17 1.267000e-17 1.008000e-17 3.635000e-18 9.311000e-19 3.306000e-19
 33 8.562000e-42 1.698000e-27 7.626000e-23 1.423000e-20 9.569000e-17 4.022000e-16 1.010000e-15 1.705000e-15 1.974000e-15 1.828000e-15 1.378000e-15 1.097000e-15 9.438000e-16 8.091000e-16 7.214000e-16 6.324000e-16 5.477000e-16 4.723000e-16 3.550000e-16 2.737000e-16 2.273000e-16 1.474000e-16 1.021000e-16 7.414000e-17 5.572000e-17 4.302000e-17 3.393000e-17 2.724000e-17 2.219000e-17 1.830000e-17 1.525000e-17 1.283000e-17 1.021000e-17 3.687000e-18 9.448000e-19 3.355000e-19
 34 2.692000e-25 2.956000e-19 2.347000e-17 1.841000e-16 4.129000e-15 5.857000e-15 6.509000e-15 5.832000e-15 4.345000e-15 3.185000e-15 1.899000e-15 1.341000e-15 1.068000e-15 8.448000e-16 7.327000e-16 6.351000e-16 5.473000e-16 4.707000e-16 3.530000e-16 2.720000e-16 2.259000e-16 1.465000e-16 1.015000e-16 7.371000e-17 5.541000e-17 4.279000e-17 3.376000e-17 2.710000e-17 2.208000e-17 1.821000e-17 1.518000e-17 1.277000e-17 1.016000e-17 3.671000e-18 9.410000e-19 3.342000e-19
 35 1.000000e-76 1.000000e-76 1.000000e-76 1.135000e-61 5.190000e-33 1.172000e-27 1.038000e-23 1.010000e-20 9.810000e-19 9.521000e-18 7.448000e-17 1.801000e-16 2.944000e-16 4.547000e-16 4.912000e-16 4.689000e-16 4.255000e-16 3.778000e-16 2.935000e-16 2.306000e-16 1.934000e-16 1.273000e-16 8.898000e-17 6.496000e-17 4.901000e-17 3.795000e-17 3.000000e-17 2.412000e-17 1.967000e-17 1.624000e-17 1.355000e-17 1.141000e-17 9.086000e-18 3.290000e-18 8.446000e-19 3.001000e-19
 36 1.000000e-76 1.000000e-76 8.162000e-75 1.750000e-59 3.813000e-32 4.846000e-27 2.811000e-23 1.982000e-20 1.545000e-18 1.330000e-17 9.114000e-17 2.042000e-16 3.171000e-16 4.622000e-16 4.884000e-16 4.616000e-16 4.168000e-16 3.690000e-16 2.861000e-16 2.246000e-16 1.883000e-16 1.241000e-16 8.674000e-17 6.335000e-17 4.782000e-17 3.703000e-17 2.928000e-17 2.355000e-17 1.921000e-17 1.586000e-17 1.324000e-17 1.115000e-17 8.878000e-18 3.216000e-18 8.260000e-19 2.935000e-19
 37 1.000000e-76 5.094000e-57 1.607000e-42 2.514000e-35 1.231000e-22 2.523000e-20 1.169000e-18 1.907000e-17 1.076000e-16 2.319000e-16 4.042000e-16 4.699000e-16 4.959000e-16 5.183000e-16 5.132000e-16 4.852000e-16 4.450000e-16 4.010000e-16 3.205000e-16 2.571000e-16 2.183000e-16 1.471000e-16 1.042000e-16 7.681000e-17 5.834000e-17 4.539000e-17 3.601000e-17 2.904000e-17 2.374000e-17 1.964000e-17 1.641000e-17 1.384000e-17 1.104000e-17 4.014000e-18 1.033000e-18 3.675000e-19
 38 1.000000e-76 9.234000e-46 4.848000e-35 9.778000e-30 1.902000e-20 8.770000e-19 1.327000e-17 9.061000e-17 2.772000e-16 4.275000e-16 5.212000e-16 5.019000e-16 4.724000e-16 4.561000e-16 4.658000e-16 4.693000e-16 4.607000e-16 4.424000e-16 3.913000e-16 3.376000e-16 2.992000e-16 2.179000e-16 1.620000e-16 1.232000e-16 9.577000e-17 7.580000e-17 6.094000e-17 4.965000e-17 4.094000e-17 3.410000e-17 2.866000e-17 2.428000e-17 1.948000e-17 7.207000e-18 1.875000e-18 6.692000e-19
 39 3.355000e-54 9.155000e-34 4.571000e-27 8.992000e-24 4.200000e-18 3.959000e-17 1.821000e-16 4.927000e-16 7.915000e-16 8.688000e-16 7.566000e-16 6.178000e-16 5.237000e-16 4.555000e-16 4.527000e-16 4.530000e-16 4.441000e-16 4.262000e-16 3.768000e-16 3.249000e-16 2.879000e-16 2.095000e-16 1.556000e-16 1.183000e-16 9.192000e-17 7.273000e-17 5.846000e-17 4.763000e-17 3.926000e-17 3.270000e-17 2.748000e-17 2.328000e-17 1.867000e-17 6.908000e-18 1.797000e-18 6.415000e-19
 40 8.276000e-29 4.009000e-21 1.125000e-18 1.659000e-17 1.159000e-15 2.041000e-15 2.668000e-15 2.712000e-15 2.205000e-15 1.690000e-15 1.033000e-15 7.111000e-16 5.435000e-16 4.293000e-16 4.183000e-16 4.189000e-16 4.128000e-16 3.985000e-16 3.557000e-16 3.088000e-16 2.746000e-16 2.011000e-16 1.499000e-16 1.143000e-16 8.892000e-17 7.044000e-17 5.668000e-17 4.621000e-17 3.812000e-17 3.176000e-17 2.670000e-17 2.263000e-17 1.816000e-17 6.728000e-18 1.752000e-18 6.255000e-19
 41 1.000000e-76 8.864000e-49 3.954000e-37 2.325000e-31 3.103000e-21 2.065000e-19 4.114000e-18 3.479000e-17 1.235000e-16 2.060000e-16 2.696000e-16 2.655000e-16 2.526000e-16 2.622000e-16 2.975000e-16 3.266000e-16 3.411000e-16 3.420000e-16 3.191000e-16 2.836000e-16 2.552000e-16 1.903000e-16 1.432000e-16 1.098000e-16 8.581000e-17 6.817000e-17 5.496000e-17 4.489000e-17 3.707000e-17 3.092000e-17 2.602000e-17 2.207000e-17 1.772000e-17 6.583000e-18 1.717000e-18 6.132000e-19
 42 3.739000e-58 6.664000e-36 1.340000e-28 5.290000e-25 8.656000e-19 1.036000e-17 5.702000e-17 1.773000e-16 3.138000e-16 3.624000e-16 3.303000e-16 2.739000e-16 2.369000e-16 2.351000e-16 2.718000e-16 3.032000e-16 3.194000e-16 3.217000e-16 3.008000e-16 2.672000e-16 2.402000e-16 1.787000e-16 1.342000e-16 1.028000e-16 8.017000e-17 6.363000e-17 5.127000e-17 4.185000e-17 3.455000e-17 2.881000e-17 2.424000e-17 2.055000e-17 1.650000e-17 6.125000e-18 1.597000e-18 5.703000e-19
 43 1.000000e-76 2.886000e-62 3.107000e-46 2.838000e-38 3.331000e-24 1.250000e-21 9.118000e-20 2.115000e-18 1.516000e-17 3.659000e-17 6.882000e-17 8.158000e-17 9.209000e-17 1.361000e-16 1.872000e-16 2.257000e-16 2.476000e-16 2.555000e-16 2.455000e-16 2.212000e-16 2.003000e-16 1.506000e-16 1.138000e-16 8.745000e-17 6.841000e-17 5.441000e-17 4.390000e-17 3.587000e-17 2.964000e-17 2.474000e-17 2.083000e-17 1.767000e-17 1.420000e-17 5.280000e-18 1.379000e-18 4.926000e-19
 44 1.000000e-76 1.359000e-48 2.708000e-37 1.064000e-31 6.881000e-22 3.988000e-20 7.165000e-19 5.590000e-18 1.877000e-17 3.038000e-17 3.854000e-17 3.729000e-17 3.534000e-17 4.060000e-17 5.668000e-17 7.612000e-17 9.401000e-17 1.081000e-16 1.230000e-16 1.249000e-16 1.213000e-16 1.034000e-16 8.434000e-17 6.821000e-17 5.533000e-17 4.520000e-17 3.723000e-17 3.092000e-17 2.589000e-17 2.184000e-17 1.855000e-17 1.585000e-17 1.285000e-17 4.901000e-18 1.299000e-18 4.667000e-19
 45 1.515000e-27 6.143000e-20 1.625000e-17 2.326000e-16 1.540000e-14 2.685000e-14 3.484000e-14 3.520000e-14 2.851000e-14 2.180000e-14 1.315000e-14 8.615000e-15 5.859000e-15 3.016000e-15 1.915000e-15 1.380000e-15 1.078000e-15 8.860000e-16 6.551000e-16 5.166000e-16 4.394000e-16 3.025000e-16 2.195000e-16 1.649000e-16 1.272000e-16 1.001000e-16 8.025000e-17 6.524000e-17 5.369000e-17 4.465000e-17 3.749000e-17 3.173000e-17 2.543000e-17 9.380000e-18 2.436000e-18 8.688000e-19
 46 1.000000e-76 1.000000e-76 1.000000e-76 1.000000e-76 1.053000e-75 5.343000e-58 8.685000e-45 1.351000e-34 1.336000e-27 5.578000e-24 1.587000e-20 5.826000e-19 4.743000e-18 4.100000e-17 9.789000e-17 1.510000e-16 1.908000e-16 2.160000e-16 2.330000e-16 2.250000e-16 2.116000e-16 1.697000e-16 1.332000e-16 1.049000e-16 8.345000e-17 6.718000e-17 5.471000e-17 4.502000e-17 3.740000e-17 3.135000e-17 2.648000e-17 2.253000e-17 1.816000e-17 6.811000e-18 1.786000e-18 6.390000e-19
 47 1.000000e-76 1.000000e-76 1.000000e-76 1.000000e-76 1.069000e-75 5.450000e-58 8.888000e-45 1.386000e-34 1.373000e-27 5.739000e-24 1.634000e-20 5.999000e-19 4.879000e-18 4.200000e-17 9.987000e-17 1.537000e-16 1.940000e-16 2.198000e-16 2.373000e-16 2.296000e-16 2.161000e-16 1.738000e-16 1.367000e-16 1.078000e-16 8.589000e-17 6.922000e-17 5.641000e-17 4.645000e-17 3.862000e-17 3.238000e-17 2.737000e-17 2.330000e-17 1.878000e-17 7.057000e-18 1.853000e-18 6.631000e-19
 48 1.000000e-76 1.000000e-76 1.000000e-76 1.000000e-76 1.277000e-75 6.202000e-58 9.756000e-45 1.479000e-34 1.437000e-27 5.943000e-24 1.675000e-20 6.117000e-19 4.954000e-18 4.230000e-17 9.996000e-17 1.533000e-16 1.930000e-16 2.184000e-16 2.359000e-16 2.285000e-16 2.153000e-16 1.736000e-16 1.367000e-16 1.080000e-16 8.613000e-17 6.948000e-17 5.668000e-17 4.671000e-17 3.886000e-17 3.260000e-17 2.757000e-17 2.348000e-17 1.894000e-17 7.129000e-18 1.874000e-18 6.709000e-19
 49 1.000000e-76 1.000000e-76 1.000000e-76 1.000000e-76 1.925000e-75 8.305000e-58 1.195000e-44 1.691000e-34 1.566000e-27 6.316000e-24 1.736000e-20 6.263000e-19 5.030000e-18 4.239000e-17 9.933000e-17 1.515000e-16 1.901000e-16 2.148000e-16 2.318000e-16 2.245000e-16 2.117000e-16 1.710000e-16 1.349000e-16 1.067000e-16 8.521000e-17 6.881000e-17 5.618000e-17 4.634000e-17 3.858000e-17 3.239000e-17 2.740000e-17 2.335000e-17 1.885000e-17 7.107000e-18 1.871000e-18 6.702000e-19
 50 1.000000e-76 1.000000e-76 1.000000e-76 1.000000e-76 3.544000e-75 1.280000e-57 1.613000e-44 2.059000e-34 1.774000e-27 6.888000e-24 1.824000e-20 6.462000e-19 5.128000e-18 4.250000e-17 9.851000e-17 1.491000e-16 1.864000e-16 2.100000e-16 2.261000e-16 2.190000e-16 2.065000e-16 1.670000e-16 1.319000e-16 1.045000e-16 8.356000e-17 6.755000e-17 5.521000e-17 4.557000e-17 3.797000e-17 3.190000e-17 2.701000e-17 2.302000e-17 1.860000e-17 7.028000e-18 1.853000e-18 6.642000e-19
 51 1.000000e-76 1.000000e-76 1.000000e-76 1.000000e-76 1.000000e-76 6.882000e-62 1.659000e-47 2.102000e-36 8.945000e-29 8.060000e-25 4.884000e-21 2.564000e-19 2.590000e-18 2.802000e-17 7.314000e-17 1.183000e-16 1.542000e-16 1.789000e-16 2.001000e-16 1.984000e-16 1.895000e-16 1.567000e-16 1.255000e-16 1.004000e-16 8.077000e-17 6.564000e-17 5.386000e-17 4.460000e-17 3.726000e-17 3.138000e-17 2.661000e-17 2.272000e-17 1.839000e-17 6.991000e-18 1.850000e-18 6.640000e-19
 52 1.000000e-76 1.000000e-76 1.000000e-76 1.000000e-76 1.000000e-76 9.762000e-62 2.099000e-47 2.433000e-36 9.730000e-29 8.486000e-25 4.979000e-21 2.574000e-19 2.573000e-18 2.745000e-17 7.097000e-17 1.141000e-16 1.480000e-16 1.714000e-16 1.913000e-16 1.896000e-16 1.812000e-16 1.501000e-16 1.205000e-16 9.650000e-17 7.781000e-17 6.332000e-17 5.203000e-17 4.314000e-17 3.608000e-17 3.041000e-17 2.581000e-17 2.205000e-17 1.786000e-17 6.810000e-18 1.805000e-18 6.486000e-19
 53 1.000000e-76 1.000000e-76 1.000000e-76 1.000000e-76 1.000000e-76 1.627000e-61 2.971000e-47 3.032000e-36 1.110000e-28 9.242000e-25 5.179000e-21 2.620000e-19 2.582000e-18 2.703000e-17 6.906000e-17 1.101000e-16 1.421000e-16 1.639000e-16 1.822000e-16 1.804000e-16 1.724000e-16 1.430000e-16 1.150000e-16 9.226000e-17 7.453000e-17 6.075000e-17 4.999000e-17 4.151000e-17 3.475000e-17 2.932000e-17 2.491000e-17 2.130000e-17 1.727000e-17 6.608000e-18 1.756000e-18 6.314000e-19
 54 1.000000e-76 1.000000e-76 1.000000e-76 1.000000e-76 1.000000e-76 3.198000e-61 4.683000e-47 4.025000e-36 1.308000e-28 1.022000e-24 5.384000e-21 2.644000e-19 2.557000e-18 2.615000e-17 6.591000e-17 1.041000e-16 1.336000e-16 1.535000e-16 1.702000e-16 1.684000e-16 1.609000e-16 1.337000e-16 1.078000e-16 8.670000e-17 7.020000e-17 5.735000e-17 4.728000e-17 3.933000e-17 3.298000e-17 2.786000e-17 2.370000e-17 2.029000e-17 1.647000e-17 6.329000e-18 1.687000e-18 6.073000e-19
 55 2.439000e-23 5.231000e-18 2.410000e-16 1.440000e-15 1.979000e-14 2.557000e-14 2.649000e-14 2.248000e-14 1.612000e-14 1.156000e-14 6.550000e-15 4.163000e-15 2.777000e-15 1.387000e-15 8.553000e-16 6.035000e-16 4.680000e-16 3.874000e-16 2.990000e-16 2.491000e-16 2.209000e-16 1.667000e-16 1.294000e-16 1.023000e-16 8.205000e-17 6.669000e-17 5.481000e-17 4.550000e-17 3.811000e-17 3.218000e-17 2.736000e-17 2.341000e-17 1.900000e-17 7.301000e-18 1.947000e-18 7.010000e-19
 56 1.000000e-76 1.000000e-76 1.000000e-76 1.000000e-76 1.000000e-76 1.582000e-74 2.223000e-56 2.390000e-42 1.108000e-32 1.185000e-27 8.170000e-23 1.363000e-20 2.793000e-19 6.591000e-18 2.421000e-17 4.720000e-17 6.925000e-17 8.733000e-17 1.091000e-16 1.161000e-16 1.156000e-16 1.032000e-16 8.690000e-17 7.206000e-17 5.966000e-17 4.958000e-17 4.144000e-17 3.484000e-17 2.948000e-17 2.509000e-17 2.148000e-17 1.849000e-17 1.510000e-17 5.915000e-18 1.596000e-18 5.769000e-19
 57 1.000000e-76 1.000000e-76 1.000000e-76 1.000000e-76 1.000000e-76 1.038000e-72 4.013000e-55 1.582000e-41 3.649000e-32 2.701000e-27 1.296000e-22 1.820000e-20 3.355000e-19 7.015000e-18 2.432000e-17 4.587000e-17 6.589000e-17 8.197000e-17 1.009000e-16 1.067000e-16 1.059000e-16 9.432000e-17 7.951000e-17 6.606000e-17 5.482000e-17 4.567000e-17 3.825000e-17 3.223000e-17 2.732000e-17 2.329000e-17 1.997000e-17 1.721000e-17 1.408000e-17 5.544000e-18 1.502000e-18 5.435000e-19
 58 1.000000e-76 1.000000e-76 1.000000e-76 1.000000e-76 1.000000e-76 8.934000e-71 8.665000e-54 1.165000e-40 1.272000e-31 6.344000e-27 2.066000e-22 2.413000e-20 3.969000e-19 7.293000e-18 2.379000e-17 4.330000e-17 6.084000e-17 7.462000e-17 9.045000e-17 9.508000e-17 9.422000e-17 8.391000e-17 7.097000e-17 5.922000e-17 4.937000e-17 4.130000e-17 3.473000e-17 2.937000e-17 2.497000e-17 2.135000e-17 1.835000e-17 1.585000e-17 1.300000e-17 5.165000e-18 1.407000e-18 5.105000e-19
 59 1.000000e-76 1.489000e-57 5.716000e-43 9.862000e-36 5.764000e-23 1.222000e-20 5.804000e-19 9.648000e-18 5.482000e-17 1.171000e-16 1.939000e-16 2.053000e-16 1.874000e-16 1.334000e-16 9.920000e-17 8.245000e-17 7.591000e-17 7.448000e-17 7.625000e-17 7.734000e-17 7.661000e-17 7.001000e-17 6.094000e-17 5.208000e-17 4.425000e-17 3.760000e-17 3.201000e-17 2.734000e-17 2.345000e-17 2.019000e-17 1.745000e-17 1.515000e-17 1.250000e-17 5.055000e-18 1.393000e-18 5.072000e-19
 60 5.209000e-46 7.918000e-30 1.510000e-24 5.805000e-22 1.435000e-17 7.730000e-17 2.337000e-16 4.560000e-16 5.838000e-16 5.682000e-16 4.347000e-16 3.187000e-16 2.321000e-16 1.282000e-16 8.510000e-17 6.717000e-17 6.102000e-17 6.025000e-17 6.317000e-17 6.516000e-17 6.509000e-17 6.029000e-17 5.298000e-17 4.566000e-17 3.909000e-17 3.342000e-17 2.861000e-17 2.456000e-17 2.114000e-17 1.827000e-17 1.584000e-17 1.378000e-17 1.141000e-17 4.658000e-18 1.292000e-18 4.714000e-19
 61 1.000000e-76 3.381000e-66 6.242000e-49 2.361000e-40 3.577000e-25 2.186000e-22 2.297000e-20 7.080000e-19 6.181000e-18 1.656000e-17 3.427000e-17 4.034000e-17 3.930000e-17 3.027000e-17 2.485000e-17 2.509000e-17 2.908000e-17 3.450000e-17 4.399000e-17 4.920000e-17 5.077000e-17 4.912000e-17 4.422000e-17 3.878000e-17 3.368000e-17 2.914000e-17 2.519000e-17 2.180000e-17 1.890000e-17 1.642000e-17 1.431000e-17 1.251000e-17 1.041000e-17 4.315000e-18 1.208000e-18 4.426000e-19
 62 1.291000e-56 1.670000e-35 1.401000e-28 3.572000e-25 2.661000e-19 2.742000e-18 1.348000e-17 3.841000e-17 6.398000e-17 7.155000e-17 6.273000e-17 4.908000e-17 3.721000e-17 2.207000e-17 1.850000e-17 2.203000e-17 2.861000e-17 3.539000e-17 4.474000e-17 4.834000e-17 4.860000e-17 4.471000e-17 3.922000e-17 3.407000e-17 2.957000e-17 2.569000e-17 2.236000e-17 1.949000e-17 1.703000e-17 1.490000e-17 1.307000e-17 1.150000e-17 9.639000e-18 4.104000e-18 1.172000e-18 4.322000e-19
 63 1.000000e-76 1.000000e-76 1.000000e-76 1.000000e-76 1.000000e-76 1.000000e-76 1.000000e-76 1.000000e-76 8.948000e-57 5.667000e-45 1.772000e-33 4.335000e-28 7.828000e-25 2.746000e-21 9.602000e-20 6.512000e-19 2.063000e-18 4.342000e-18 1.002000e-17 1.516000e-17 1.824000e-17 2.291000e-17 2.427000e-17 2.389000e-17 2.260000e-17 2.088000e-17 1.901000e-17 1.714000e-17 1.537000e-17 1.372000e-17 1.224000e-17 1.090000e-17 9.271000e-18 4.103000e-18 1.196000e-18 4.441000e-19
 64 1.000000e-76 1.000000e-76 1.000000e-76 1.000000e-76 1.000000e-76 1.000000e-76 1.000000e-76 1.000000e-76 5.434000e-56 2.000000e-44 3.668000e-33 6.963000e-28 1.076000e-24 3.168000e-21 1.022000e-19 6.623000e-19 2.038000e-18 4.201000e-18 9.440000e-18 1.405000e-17 1.676000e-17 2.072000e-17 2.178000e-17 2.136000e-17 2.017000e-17 1.862000e-17 1.695000e-17 1.529000e-17 1.371000e-17 1.225000e-17 1.092000e-17 9.735000e-18 8.285000e-18 3.678000e-18 1.078000e-18 4.015000e-19
 65 1.000000e-76 1.000000e-76 1.000000e-76 1.000000e-76 1.000000e-76 1.000000e-76 1.000000e-76 1.043000e-76 3.914000e-55 7.972000e-44 8.171000e-33 1.176000e-27 1.533000e-24 3.730000e-21 1.103000e-19 6.799000e-19 2.026000e-18 4.084000e-18 8.915000e-18 1.303000e-17 1.539000e-17 1.869000e-17 1.945000e-17 1.896000e-17 1.785000e-17 1.645000e-17 1.495000e-17 1.348000e-17 1.208000e-17 1.080000e-17 9.628000e-18 8.581000e-18 7.304000e-18 3.245000e-18 9.502000e-19 3.538000e-19
 66 1.000000e-76 1.000000e-76 1.000000e-76 1.000000e-76 1.000000e-76 1.000000e-76 1.000000e-76 3.056000e-75 3.353000e-54 3.570000e-43 1.934000e-32 2.056000e-27 2.224000e-24 4.392000e-21 1.180000e-19 6.888000e-19 1.981000e-18 3.898000e-18 8.244000e-18 1.182000e-17 1.380000e-17 1.644000e-17 1.692000e-17 1.638000e-17 1.536000e-17 1.412000e-17 1.282000e-17 1.155000e-17 1.034000e-17 9.240000e-18 8.240000e-18 7.344000e-18 6.252000e-18 2.782000e-18 8.190000e-19 3.060000e-19
 67 1.000000e-76 1.000000e-76 1.000000e-76 1.000000e-76 1.000000e-76 1.000000e-76 1.000000e-76 1.000000e-76 1.000000e-76 1.678000e-61 9.550000e-44 2.220000e-35 2.710000e-30 1.071000e-24 3.264000e-22 7.607000e-21 5.329000e-20 1.943000e-19 8.942000e-19 2.031000e-18 3.030000e-18 5.424000e-18 7.031000e-18 7.896000e-18 8.205000e-18 8.134000e-18 7.820000e-18 7.365000e-18 6.840000e-18 6.291000e-18 5.747000e-18 5.228000e-18 4.556000e-18 2.178000e-18 6.735000e-19 2.566000e-19
 68 1.000000e-76 1.000000e-76 1.000000e-76 1.000000e-76 1.000000e-76 1.000000e-76 1.000000e-76 1.000000e-76 1.000000e-76 2.863000e-61 1.193000e-43 2.390000e-35 2.664000e-30 9.504000e-25 2.764000e-22 6.272000e-21 4.319000e-20 1.556000e-19 7.050000e-19 1.585000e-18 2.352000e-18 4.166000e-18 5.370000e-18 6.013000e-18 6.241000e-18 6.185000e-18 5.948000e-18 5.605000e-18 5.208000e-18 4.793000e-18 4.382000e-18 3.989000e-18 3.481000e-18 1.677000e-18 5.265000e-19 2.025000e-19
 69 1.000000e-76 1.000000e-76 1.000000e-76 1.000000e-76 1.000000e-76 1.000000e-76 1.000000e-76 1.000000e-76 1.000000e-76 9.752000e-64 3.123000e-45 1.651000e-36 3.339000e-31 2.325000e-25 9.183000e-23 2.482000e-21 1.912000e-20 7.443000e-20 3.718000e-19 8.853000e-19 1.353000e-18 2.516000e-18 3.331000e-18 3.797000e-18 3.991000e-18 3.994000e-18 3.870000e-18 3.670000e-18 3.429000e-18 3.170000e-18 2.910000e-18 2.659000e-18 2.331000e-18 1.150000e-18 3.737000e-19 1.466000e-19
 70 1.000000e-76 1.000000e-76 1.000000e-76 1.000000e-76 1.000000e-76 1.000000e-76 1.000000e-76 6.466000e-71 1.039000e-51 1.193000e-41 7.241000e-32 2.716000e-27 1.549000e-24 1.493000e-21 2.893000e-20 1.409000e-19 3.640000e-19 6.718000e-19 1.347000e-18 1.916000e-18 2.252000e-18 2.768000e-18 2.945000e-18 2.940000e-18 2.832000e-18 2.666000e-18 2.471000e-18 2.265000e-18 2.062000e-18 1.868000e-18 1.688000e-18 1.523000e-18 1.318000e-18 6.430000e-19 2.195000e-19 8.937000e-20
 71 1.000000e-76 1.000000e-76 1.000000e-76 1.000000e-76 1.000000e-76 1.000000e-76 1.000000e-76 1.000000e-76 1.000000e-76 1.000000e-76 1.000000e-76 1.000000e-76 1.000000e-76 1.000000e-76 1.000000e-76 1.830000e-71 1.326000e-60 4.412000e-53 1.319000e-43 5.415000e-38 5.313000e-35 4.853000e-30 3.000000e-27 1.738000e-25 2.744000e-24 1.976000e-23 8.557000e-23 2.618000e-22 6.253000e-22 1.245000e-21 2.160000e-21 3.370000e-21 5.478000e-21 1.689000e-20 1.625000e-20 9.027000e-21
 72 1.000000e-76 1.000000e-76 1.000000e-76 1.000000e-76 1.000000e-76 1.000000e-76 1.000000e-76 1.000000e-76 1.000000e-76 1.000000e-76 1.000000e-76 1.000000e-76 1.000000e-76 1.000000e-76 1.000000e-76 1.316000e-71 1.179000e-60 4.533000e-53 1.623000e-43 7.428000e-38 7.734000e-35 7.830000e-30 5.142000e-27 3.095000e-25 5.012000e-24 3.668000e-23 1.605000e-22 4.942000e-22 1.185000e-21 2.366000e-21 4.110000e-21 6.415000e-21 1.043000e-20 3.212000e-20 3.086000e-20 1.714000e-20
 73 1.000000e-76 1.000000e-76 1.000000e-76 1.000000e-76 1.000000e-76 1.000000e-76 1.000000e-76 1.000000e-76 1.000000e-76 1.000000e-76 1.000000e-76 1.000000e-76 1.000000e-76 1.000000e-76 1.000000e-76 1.000000e-76 1.000000e-76 1.000000e-76 1.000000e-76 1.000000e-76 1.000000e-76 1.000000e-76 1.000000e-76 1.000000e-76 1.000000e-76 1.000000e-76 1.000000e-76 1.000000e-76 1.000000e-76 1.000000e-76 1.000000e-76 1.000000e-76 1.000000e-76 1.000000e-76 1.000000e-76 1.000000e-76
