n   Temperature [K]
 36 5.802259e+03 1.160452e+04 1.740678e+04 2.320904e+04 5.802259e+04 8.123163e+04 1.160452e+05 1.740678e+05 2.669039e+05 3.713446e+05 6.034349e+05 8.587343e+05 1.160452e+06 1.914745e+06 2.727062e+06 3.597401e+06 4.525762e+06 5.512146e+06 7.600959e+06 9.805818e+06 1.160452e+07 1.672211e+07 2.233870e+07 2.847749e+07 3.516169e+07 4.241451e+07 5.025917e+07 5.871886e+07 6.781680e+07 7.757620e+07 8.802027e+07 9.917221e+07 1.160452e+08 2.320904e+08 5.802259e+08 1.160452e+09
Q   Rate [m3/s]
  1 1.000000e-76 7.296000e-76 3.041000e-56 1.844000e-46 4.809000e-29 8.166000e-26 1.881000e-23 1.083000e-21 1.473000e-20 5.006000e-20 1.312000e-19 1.729000e-19 1.807000e-19 1.486000e-19 1.128000e-19 8.613000e-20 6.705000e-20 5.328000e-20 3.584000e-20 2.581000e-20 2.066000e-20 1.262000e-20 8.471000e-21 6.034000e-21 4.480000e-21 3.430000e-21 2.690000e-21 2.150000e-21 1.746000e-21 1.436000e-21 1.195000e-21 1.004000e-21 7.975000e-22 2.870000e-22 7.348000e-23 2.609000e-23
  2 6.535000e-15 7.390000e-15 6.500000e-15 5.483000e-15 2.304000e-15 1.540000e-15 9.741000e-16 5.635000e-16 3.097000e-16 1.931000e-16 9.545000e-17 5.695000e-17 3.659000e-17 1.747000e-17 1.035000e-17 6.860000e-18 4.875000e-18 3.635000e-18 2.251000e-18 1.539000e-18 1.197000e-18 6.931000e-19 4.494000e-19 3.125000e-19 2.279000e-19 1.721000e-19 1.335000e-19 1.057000e-19 8.521000e-20 6.966000e-20 5.765000e-20 4.821000e-20 3.810000e-20 1.348000e-20 3.411000e-21 1.206000e-21
  3 1.236000e-15 6.498000e-16 4.353000e-16 3.398000e-16 1.803000e-16 1.379000e-16 9.867000e-17 6.360000e-17 3.795000e-17 2.483000e-17 1.304000e-17 8.111000e-18 5.395000e-18 2.714000e-18 1.657000e-18 1.120000e-18 8.067000e-19 6.074000e-19 3.813000e-19 2.630000e-19 2.055000e-19 1.202000e-19 7.840000e-20 5.476000e-20 4.007000e-20 3.033000e-20 2.357000e-20 1.871000e-20 1.510000e-20 1.236000e-20 1.024000e-20 8.568000e-21 6.777000e-21 2.405000e-21 6.101000e-22 2.159000e-22
  4 5.031000e-19 2.599000e-17 7.810000e-17 1.268000e-16 2.563000e-16 2.600000e-16 2.323000e-16 1.792000e-16 1.215000e-16 8.497000e-17 4.727000e-17 2.995000e-17 2.000000e-17 1.000000e-17 6.060000e-18 4.070000e-18 2.918000e-18 2.189000e-18 1.366000e-18 9.387000e-19 7.318000e-19 4.259000e-19 2.769000e-19 1.929000e-19 1.409000e-19 1.065000e-19 8.268000e-20 6.553000e-20 5.284000e-20 4.322000e-20 3.578000e-20 2.993000e-20 2.366000e-20 8.379000e-21 2.122000e-21 7.506000e-22
  5 1.092000e-16 4.783000e-16 6.046000e-16 6.055000e-16 4.419000e-16 3.990000e-16 3.532000e-16 2.868000e-16 2.081000e-16 1.523000e-16 8.901000e-17 5.776000e-17 3.913000e-17 1.986000e-17 1.210000e-17 8.153000e-18 5.856000e-18 4.398000e-18 2.749000e-18 1.890000e-18 1.474000e-18 8.582000e-19 5.582000e-19 3.889000e-19 2.840000e-19 2.147000e-19 1.667000e-19 1.321000e-19 1.065000e-19 8.712000e-20 7.212000e-20 6.033000e-20 4.769000e-20 1.689000e-20 4.277000e-21 1.513000e-21
  6 1.922000e-19 1.845000e-17 6.514000e-17 1.084000e-16 1.855000e-16 1.953000e-16 1.978000e-16 1.829000e-16 1.476000e-16 1.150000e-16 7.191000e-17 4.830000e-17 3.345000e-17 1.743000e-17 1.075000e-17 7.293000e-18 5.262000e-18 3.965000e-18 2.489000e-18 1.716000e-18 1.340000e-18 7.823000e-19 5.096000e-19 3.555000e-19 2.599000e-19 1.966000e-19 1.527000e-19 1.210000e-19 9.764000e-20 7.988000e-20 6.614000e-20 5.534000e-20 4.376000e-20 1.551000e-20 3.929000e-21 1.390000e-21
  7 2.860000e-61 4.958000e-38 2.130000e-30 1.232000e-26 4.613000e-20 7.435000e-19 5.736000e-18 2.580000e-17 6.326000e-17 8.892000e-17 9.934000e-17 8.777000e-17 7.183000e-17 4.501000e-17 3.018000e-17 2.146000e-17 1.596000e-17 1.228000e-17 7.910000e-18 5.536000e-18 4.359000e-18 2.578000e-18 1.692000e-18 1.185000e-18 8.693000e-19 6.590000e-19 5.126000e-19 4.070000e-19 3.286000e-19 2.690000e-19 2.229000e-19 1.866000e-19 1.476000e-19 5.241000e-20 1.329000e-20 4.703000e-21
  8 1.402000e-65 3.619000e-40 8.234000e-32 1.095000e-27 1.756000e-20 3.707000e-19 3.622000e-18 2.097000e-17 6.553000e-17 1.078000e-16 1.434000e-16 1.387000e-16 1.202000e-16 8.051000e-17 5.568000e-17 4.031000e-17 3.033000e-17 2.352000e-17 1.531000e-17 1.078000e-17 8.514000e-18 5.063000e-18 3.333000e-18 2.340000e-18 1.719000e-18 1.304000e-18 1.015000e-18 8.066000e-19 6.515000e-19 5.337000e-19 4.423000e-19 3.704000e-19 2.931000e-19 1.042000e-19 2.643000e-20 9.354000e-21
  9 2.763000e-69 6.273000e-42 6.452000e-33 1.829000e-28 1.101000e-20 2.864000e-19 3.182000e-18 2.000000e-17 6.533000e-17 1.092000e-16 1.466000e-16 1.420000e-16 1.231000e-16 8.229000e-17 5.686000e-17 4.114000e-17 3.094000e-17 2.398000e-17 1.560000e-17 1.098000e-17 8.677000e-18 5.160000e-18 3.397000e-18 2.385000e-18 1.751000e-18 1.329000e-18 1.035000e-18 8.221000e-19 6.641000e-19 5.439000e-19 4.508000e-19 3.775000e-19 2.988000e-19 1.062000e-19 2.694000e-20 9.535000e-21
 10 5.443000e-61 5.860000e-38 2.147000e-30 1.145000e-26 3.628000e-20 5.726000e-19 4.624000e-18 2.421000e-17 7.321000e-17 1.195000e-16 1.585000e-16 1.531000e-16 1.326000e-16 8.869000e-17 6.130000e-17 4.437000e-17 3.337000e-17 2.587000e-17 1.684000e-17 1.186000e-17 9.367000e-18 5.571000e-18 3.669000e-18 2.576000e-18 1.892000e-18 1.436000e-18 1.118000e-18 8.883000e-19 7.176000e-19 5.878000e-19 4.872000e-19 4.080000e-19 3.229000e-19 1.148000e-19 2.913000e-20 1.031000e-20
 11 1.755000e-51 3.582000e-33 3.498000e-27 3.043000e-24 3.316000e-19 2.479000e-18 1.075000e-17 3.515000e-17 8.352000e-17 1.268000e-16 1.639000e-16 1.592000e-16 1.392000e-16 9.454000e-17 6.594000e-17 4.800000e-17 3.624000e-17 2.818000e-17 1.840000e-17 1.299000e-17 1.027000e-17 6.124000e-18 4.038000e-18 2.838000e-18 2.085000e-18 1.584000e-18 1.233000e-18 9.802000e-19 7.920000e-19 6.489000e-19 5.379000e-19 4.505000e-19 3.566000e-19 1.268000e-19 3.219000e-20 1.139000e-20
 12 5.546000e-37 6.603000e-26 2.501000e-22 1.355000e-20 9.936000e-18 2.831000e-17 5.775000e-17 1.001000e-16 1.497000e-16 1.804000e-16 1.920000e-16 1.730000e-16 1.455000e-16 9.541000e-17 6.566000e-17 4.747000e-17 3.570000e-17 2.768000e-17 1.802000e-17 1.270000e-17 1.004000e-17 5.976000e-18 3.937000e-18 2.767000e-18 2.033000e-18 1.543000e-18 1.202000e-18 9.550000e-19 7.716000e-19 6.322000e-19 5.241000e-19 4.389000e-19 3.474000e-19 1.235000e-19 3.135000e-20 1.110000e-20
 13 2.398000e-24 1.465000e-19 4.441000e-18 2.153000e-17 2.039000e-16 2.506000e-16 2.657000e-16 2.664000e-16 2.641000e-16 2.542000e-16 2.197000e-16 1.836000e-16 1.498000e-16 9.693000e-17 6.690000e-17 4.859000e-17 3.669000e-17 2.855000e-17 1.868000e-17 1.321000e-17 1.046000e-17 6.247000e-18 4.125000e-18 2.902000e-18 2.134000e-18 1.622000e-18 1.264000e-18 1.005000e-18 8.120000e-19 6.655000e-19 5.518000e-19 4.623000e-19 3.660000e-19 1.302000e-19 3.307000e-20 1.171000e-20
 14 1.000000e-76 3.641000e-71 1.581000e-52 2.901000e-43 8.295000e-27 1.021000e-23 2.084000e-21 1.283000e-19 2.296000e-18 1.090000e-17 4.956000e-17 9.297000e-17 1.241000e-16 1.376000e-16 1.207000e-16 1.003000e-16 8.242000e-17 6.801000e-17 4.788000e-17 3.534000e-17 2.863000e-17 1.777000e-17 1.199000e-17 8.553000e-18 6.350000e-18 4.858000e-18 3.805000e-18 3.038000e-18 2.463000e-18 2.024000e-18 1.682000e-18 1.411000e-18 1.120000e-18 4.008000e-19 1.021000e-19 3.620000e-20
 15 7.007000e-34 6.901000e-24 1.139000e-20 4.072000e-19 1.402000e-16 3.359000e-16 5.626000e-16 7.304000e-16 7.824000e-16 7.576000e-16 6.413000e-16 5.177000e-16 4.069000e-16 2.471000e-16 1.641000e-16 1.162000e-16 8.627000e-17 6.628000e-17 4.264000e-17 2.982000e-17 2.347000e-17 1.387000e-17 9.098000e-18 6.373000e-18 4.671000e-18 3.540000e-18 2.753000e-18 2.185000e-18 1.764000e-18 1.444000e-18 1.197000e-18 1.002000e-18 7.923000e-19 2.812000e-19 7.129000e-20 2.522000e-20
 16 1.743000e-38 2.706000e-26 2.412000e-22 2.005000e-20 3.148000e-17 1.007000e-16 2.094000e-16 3.249000e-16 4.084000e-16 4.468000e-16 4.452000e-16 3.945000e-16 3.297000e-16 2.150000e-16 1.477000e-16 1.066000e-16 8.011000e-17 6.209000e-17 4.039000e-17 2.844000e-17 2.246000e-17 1.336000e-17 8.793000e-18 6.174000e-18 4.533000e-18 3.440000e-18 2.678000e-18 2.128000e-18 1.719000e-18 1.408000e-18 1.167000e-18 9.771000e-19 7.732000e-19 2.748000e-19 6.972000e-20 2.468000e-20
 17 1.306000e-42 2.702000e-28 1.230000e-23 2.311000e-21 1.575000e-17 6.651000e-17 1.696000e-16 3.045000e-16 4.174000e-16 4.777000e-16 5.047000e-16 4.647000e-16 3.992000e-16 2.696000e-16 1.883000e-16 1.374000e-16 1.039000e-16 8.093000e-17 5.297000e-17 3.744000e-17 2.963000e-17 1.769000e-17 1.167000e-17 8.208000e-18 6.034000e-18 4.583000e-18 3.570000e-18 2.838000e-18 2.293000e-18 1.879000e-18 1.558000e-18 1.305000e-18 1.033000e-18 3.674000e-19 9.329000e-20 3.302000e-20
 18 1.625000e-46 3.431000e-30 7.298000e-25 2.963000e-22 8.085000e-18 4.443000e-17 1.375000e-16 2.840000e-16 4.216000e-16 4.997000e-16 5.505000e-16 5.216000e-16 4.579000e-16 3.181000e-16 2.255000e-16 1.660000e-16 1.263000e-16 9.873000e-17 6.497000e-17 4.607000e-17 3.653000e-17 2.188000e-17 1.446000e-17 1.019000e-17 7.495000e-18 5.697000e-18 4.440000e-18 3.531000e-18 2.855000e-18 2.340000e-18 1.940000e-18 1.626000e-18 1.287000e-18 4.582000e-19 1.164000e-19 4.121000e-20
 19 4.130000e-50 6.149000e-32 5.404000e-26 4.461000e-23 4.363000e-18 3.056000e-17 1.132000e-16 2.664000e-16 4.264000e-16 5.220000e-16 5.972000e-16 5.814000e-16 5.215000e-16 3.729000e-16 2.683000e-16 1.992000e-16 1.524000e-16 1.197000e-16 7.920000e-17 5.635000e-17 4.478000e-17 2.690000e-17 1.782000e-17 1.257000e-17 9.255000e-18 7.040000e-18 5.490000e-18 4.368000e-18 3.532000e-18 2.896000e-18 2.402000e-18 2.013000e-18 1.594000e-18 5.679000e-19 1.443000e-19 5.111000e-20
 20 1.754000e-53 1.408000e-33 4.673000e-27 7.496000e-24 2.425000e-18 2.132000e-17 9.347000e-17 2.491000e-16 4.284000e-16 5.393000e-16 6.340000e-16 6.292000e-16 5.734000e-16 4.193000e-16 3.053000e-16 2.284000e-16 1.757000e-16 1.384000e-16 9.201000e-17 6.566000e-17 5.226000e-17 3.149000e-17 2.090000e-17 1.475000e-17 1.087000e-17 8.276000e-18 6.458000e-18 5.140000e-18 4.158000e-18 3.410000e-18 2.829000e-18 2.371000e-18 1.878000e-18 6.696000e-19 1.703000e-19 6.030000e-20
 21 1.528000e-56 4.564000e-35 5.059000e-28 1.483000e-24 1.420000e-18 1.535000e-17 7.845000e-17 2.343000e-16 4.309000e-16 5.582000e-16 6.800000e-16 6.952000e-16 6.499000e-16 4.925000e-16 3.655000e-16 2.765000e-16 2.143000e-16 1.698000e-16 1.137000e-16 8.147000e-17 6.499000e-17 3.932000e-17 2.615000e-17 1.849000e-17 1.365000e-17 1.039000e-17 8.115000e-18 6.462000e-18 5.229000e-18 4.290000e-18 3.560000e-18 2.985000e-18 2.365000e-18 8.436000e-19 2.146000e-19 7.602000e-20
 22 3.355000e-59 2.329000e-36 7.370000e-29 3.650000e-25 8.981000e-19 1.162000e-17 6.790000e-17 2.241000e-16 4.367000e-16 5.779000e-16 7.175000e-16 7.461000e-16 7.088000e-16 5.507000e-16 4.144000e-16 3.163000e-16 2.466000e-16 1.962000e-16 1.321000e-16 9.498000e-17 7.591000e-17 4.608000e-17 3.071000e-17 2.174000e-17 1.606000e-17 1.224000e-17 9.561000e-18 7.616000e-18 6.165000e-18 5.059000e-18 4.200000e-18 3.521000e-18 2.791000e-18 9.962000e-19 2.535000e-19 8.982000e-20
 23 5.250000e-65 3.192000e-39 9.663000e-31 1.480000e-26 2.780000e-19 5.297000e-18 4.135000e-17 1.704000e-16 3.838000e-16 5.431000e-16 7.175000e-16 7.743000e-16 7.572000e-16 6.125000e-16 4.708000e-16 3.640000e-16 2.863000e-16 2.292000e-16 1.555000e-16 1.124000e-16 9.008000e-17 5.492000e-17 3.670000e-17 2.603000e-17 1.925000e-17 1.468000e-17 1.148000e-17 9.148000e-18 7.409000e-18 6.081000e-18 5.050000e-18 4.235000e-18 3.358000e-18 1.199000e-18 3.054000e-19 1.082000e-19
 24 3.337000e-67 2.739000e-40 1.974000e-31 4.667000e-27 1.914000e-19 4.231000e-18 3.691000e-17 1.654000e-16 3.916000e-16 5.637000e-16 7.518000e-16 8.186000e-16 8.098000e-16 6.686000e-16 5.204000e-16 4.056000e-16 3.207000e-16 2.578000e-16 1.759000e-16 1.276000e-16 1.024000e-16 6.264000e-17 4.194000e-17 2.978000e-17 2.204000e-17 1.683000e-17 1.316000e-17 1.049000e-17 8.501000e-18 6.980000e-18 5.797000e-18 4.863000e-18 3.856000e-18 1.379000e-18 3.511000e-19 1.244000e-19
 25 4.370000e-69 3.336000e-41 5.057000e-32 1.733000e-27 1.387000e-19 3.484000e-18 3.344000e-17 1.610000e-16 3.980000e-16 5.808000e-16 7.767000e-16 8.482000e-16 8.446000e-16 7.080000e-16 5.568000e-16 4.370000e-16 3.472000e-16 2.801000e-16 1.920000e-16 1.397000e-16 1.123000e-16 6.892000e-17 4.623000e-17 3.287000e-17 2.435000e-17 1.860000e-17 1.455000e-17 1.161000e-17 9.408000e-18 7.727000e-18 6.419000e-18 5.385000e-18 4.271000e-18 1.528000e-18 3.894000e-19 1.380000e-19
 26 1.464000e-70 6.472000e-42 1.761000e-32 8.090000e-28 1.097000e-19 3.045000e-18 3.150000e-17 1.606000e-16 4.106000e-16 6.052000e-16 8.089000e-16 8.840000e-16 8.849000e-16 7.522000e-16 5.975000e-16 4.721000e-16 3.769000e-16 3.051000e-16 2.102000e-16 1.534000e-16 1.236000e-16 7.605000e-17 5.111000e-17 3.638000e-17 2.697000e-17 2.062000e-17 1.614000e-17 1.288000e-17 1.044000e-17 8.579000e-18 7.128000e-18 5.982000e-18 4.745000e-18 1.699000e-18 4.330000e-19 1.535000e-19
 27 1.530000e-71 2.203000e-42 8.889000e-33 4.971000e-28 9.606000e-20 2.853000e-18 3.105000e-17 1.644000e-16 4.297000e-16 6.362000e-16 8.446000e-16 9.191000e-16 9.214000e-16 7.909000e-16 6.335000e-16 5.035000e-16 4.037000e-16 3.279000e-16 2.269000e-16 1.661000e-16 1.340000e-16 8.272000e-17 5.569000e-17 3.969000e-17 2.945000e-17 2.253000e-17 1.765000e-17 1.409000e-17 1.142000e-17 9.386000e-18 7.801000e-18 6.547000e-18 5.195000e-18 1.861000e-18 4.746000e-19 1.683000e-19
 28 4.097000e-72 1.195000e-42 6.101000e-33 3.838000e-28 9.164000e-20 2.834000e-18 3.179000e-17 1.722000e-16 4.554000e-16 6.740000e-16 8.828000e-16 9.490000e-16 9.449000e-16 8.086000e-16 6.484000e-16 5.163000e-16 4.147000e-16 3.373000e-16 2.340000e-16 1.715000e-16 1.385000e-16 8.569000e-17 5.776000e-17 4.120000e-17 3.060000e-17 2.342000e-17 1.835000e-17 1.465000e-17 1.188000e-17 9.769000e-18 8.120000e-18 6.816000e-18 5.410000e-18 1.939000e-18 4.947000e-19 1.754000e-19
 29 1.000000e-76 9.568000e-58 5.459000e-43 1.148000e-35 9.580000e-23 2.173000e-20 1.086000e-18 1.879000e-17 1.099000e-16 2.402000e-16 4.354000e-16 5.458000e-16 6.294000e-16 7.237000e-16 7.103000e-16 6.475000e-16 5.713000e-16 4.975000e-16 3.772000e-16 2.918000e-16 2.426000e-16 1.575000e-16 1.091000e-16 7.920000e-17 5.952000e-17 4.595000e-17 3.623000e-17 2.908000e-17 2.368000e-17 1.953000e-17 1.627000e-17 1.369000e-17 1.089000e-17 3.931000e-18 1.007000e-18 3.576000e-19
 30 1.000000e-76 8.496000e-52 5.092000e-39 1.098000e-32 1.518000e-21 1.577000e-19 4.387000e-18 4.811000e-17 2.048000e-16 3.781000e-16 5.739000e-16 6.537000e-16 7.087000e-16 7.694000e-16 7.438000e-16 6.749000e-16 5.948000e-16 5.180000e-16 3.929000e-16 3.042000e-16 2.531000e-16 1.644000e-16 1.140000e-16 8.273000e-17 6.218000e-17 4.801000e-17 3.786000e-17 3.039000e-17 2.475000e-17 2.041000e-17 1.701000e-17 1.431000e-17 1.138000e-17 4.109000e-18 1.053000e-18 3.738000e-19
 31 1.000000e-76 2.660000e-45 1.098000e-34 1.965000e-29 3.080000e-20 1.363000e-18 2.000000e-17 1.333000e-16 4.013000e-16 6.161000e-16 7.728000e-16 7.946000e-16 8.046000e-16 8.150000e-16 7.703000e-16 6.928000e-16 6.081000e-16 5.283000e-16 4.000000e-16 3.094000e-16 2.573000e-16 1.671000e-16 1.158000e-16 8.405000e-17 6.317000e-17 4.877000e-17 3.846000e-17 3.087000e-17 2.514000e-17 2.073000e-17 1.728000e-17 1.453000e-17 1.156000e-17 4.174000e-18 1.069000e-18 3.797000e-19
 32 2.494000e-63 3.210000e-38 5.791000e-30 6.848000e-26 8.073000e-19 1.408000e-17 1.027000e-16 3.977000e-16 8.202000e-16 1.030000e-15 1.053000e-15 9.718000e-16 9.160000e-16 8.603000e-16 7.925000e-16 7.052000e-16 6.157000e-16 5.334000e-16 4.027000e-16 3.112000e-16 2.587000e-16 1.679000e-16 1.164000e-16 8.449000e-17 6.350000e-17 4.903000e-17 3.867000e-17 3.104000e-17 2.528000e-17 2.084000e-17 1.737000e-17 1.462000e-17 1.163000e-17 4.198000e-18 1.076000e-18 3.820000e-19
 33 3.705000e-48 1.237000e-30 6.602000e-25 4.247000e-22 2.653000e-17 1.705000e-16 5.883000e-16 1.273000e-15 1.750000e-15 1.774000e-15 1.458000e-15 1.202000e-15 1.051000e-15 9.107000e-16 8.160000e-16 7.178000e-16 6.233000e-16 5.384000e-16 4.055000e-16 3.130000e-16 2.601000e-16 1.688000e-16 1.170000e-16 8.495000e-17 6.386000e-17 4.931000e-17 3.889000e-17 3.122000e-17 2.543000e-17 2.097000e-17 1.748000e-17 1.470000e-17 1.170000e-17 4.225000e-18 1.083000e-18 3.845000e-19
 34 8.080000e-32 1.777000e-22 1.779000e-19 4.956000e-18 1.087000e-15 2.381000e-15 3.666000e-15 4.232000e-15 3.760000e-15 3.025000e-15 1.973000e-15 1.448000e-15 1.177000e-15 9.482000e-16 8.305000e-16 7.244000e-16 6.268000e-16 5.406000e-16 4.068000e-16 3.140000e-16 2.610000e-16 1.695000e-16 1.175000e-16 8.540000e-17 6.422000e-17 4.960000e-17 3.913000e-17 3.142000e-17 2.559000e-17 2.111000e-17 1.760000e-17 1.481000e-17 1.178000e-17 4.256000e-18 1.091000e-18 3.875000e-19
 35 3.760000e-32 1.223000e-22 1.395000e-19 4.148000e-18 1.023000e-15 2.292000e-15 3.588000e-15 4.196000e-15 3.763000e-15 3.040000e-15 1.980000e-15 1.438000e-15 1.152000e-15 9.105000e-16 7.954000e-16 6.959000e-16 6.045000e-16 5.234000e-16 3.963000e-16 3.073000e-16 2.562000e-16 1.672000e-16 1.163000e-16 8.463000e-17 6.373000e-17 4.928000e-17 3.891000e-17 3.126000e-17 2.548000e-17 2.102000e-17 1.753000e-17 1.476000e-17 1.175000e-17 4.248000e-18 1.090000e-18 3.871000e-19
 36 3.298000e-14 1.119000e-13 1.294000e-13 1.225000e-13 6.108000e-14 4.196000e-14 2.708000e-14 1.589000e-14 8.821000e-15 5.531000e-15 2.799000e-15 1.793000e-15 1.323000e-15 9.564000e-16 8.085000e-16 6.972000e-16 6.014000e-16 5.187000e-16 3.914000e-16 3.031000e-16 2.525000e-16 1.647000e-16 1.146000e-16 8.341000e-17 6.283000e-17 4.858000e-17 3.837000e-17 3.083000e-17 2.513000e-17 2.073000e-17 1.729000e-17 1.456000e-17 1.159000e-17 4.192000e-18 1.076000e-18 3.820000e-19
 37 1.000000e-76 1.000000e-76 1.000000e-76 4.896000e-64 6.494000e-34 2.790000e-28 4.020000e-24 5.738000e-21 7.296000e-19 8.116000e-18 7.119000e-17 1.785000e-16 2.964000e-16 4.668000e-16 5.127000e-16 4.961000e-16 4.550000e-16 4.073000e-16 3.202000e-16 2.534000e-16 2.135000e-16 1.417000e-16 9.949000e-17 7.286000e-17 5.510000e-17 4.273000e-17 3.382000e-17 2.722000e-17 2.222000e-17 1.836000e-17 1.532000e-17 1.291000e-17 1.028000e-17 3.730000e-18 9.587000e-19 3.407000e-19
 38 1.000000e-76 1.000000e-76 7.362000e-76 2.015000e-60 1.164000e-32 2.103000e-27 1.641000e-23 1.473000e-20 1.357000e-18 1.268000e-17 9.262000e-17 2.107000e-16 3.279000e-16 4.805000e-16 5.129000e-16 4.897000e-16 4.460000e-16 3.977000e-16 3.116000e-16 2.463000e-16 2.074000e-16 1.377000e-16 9.669000e-17 7.084000e-17 5.359000e-17 4.157000e-17 3.291000e-17 2.649000e-17 2.163000e-17 1.787000e-17 1.492000e-17 1.257000e-17 1.002000e-17 3.636000e-18 9.346000e-19 3.322000e-19
 39 1.000000e-76 2.095000e-52 1.988000e-39 5.391000e-33 1.127000e-21 1.267000e-19 3.740000e-18 4.303000e-17 1.911000e-16 3.638000e-16 5.593000e-16 6.041000e-16 6.004000e-16 5.811000e-16 5.710000e-16 5.560000e-16 5.332000e-16 5.045000e-16 4.403000e-16 3.787000e-16 3.357000e-16 2.455000e-16 1.834000e-16 1.401000e-16 1.092000e-16 8.665000e-17 6.980000e-17 5.697000e-17 4.704000e-17 3.922000e-17 3.300000e-17 2.798000e-17 2.247000e-17 8.337000e-18 2.173000e-18 7.761000e-19
 40 1.879000e-67 2.466000e-40 2.078000e-31 5.312000e-27 2.507000e-19 5.694000e-18 5.065000e-17 2.288000e-16 5.252000e-16 6.957000e-16 7.266000e-16 6.414000e-16 5.637000e-16 4.947000e-16 4.856000e-16 4.820000e-16 4.714000e-16 4.529000e-16 4.028000e-16 3.497000e-16 3.113000e-16 2.287000e-16 1.711000e-16 1.307000e-16 1.019000e-16 8.083000e-17 6.510000e-17 5.312000e-17 4.385000e-17 3.656000e-17 3.075000e-17 2.607000e-17 2.093000e-17 7.764000e-18 2.023000e-18 7.225000e-19
 41 9.342000e-42 1.601000e-27 6.845000e-23 1.246000e-20 8.021000e-17 3.344000e-16 8.342000e-16 1.402000e-15 1.617000e-15 1.490000e-15 1.088000e-15 8.067000e-16 6.349000e-16 4.967000e-16 4.717000e-16 4.641000e-16 4.528000e-16 4.347000e-16 3.864000e-16 3.353000e-16 2.984000e-16 2.191000e-16 1.637000e-16 1.250000e-16 9.745000e-17 7.728000e-17 6.223000e-17 5.078000e-17 4.191000e-17 3.494000e-17 2.938000e-17 2.491000e-17 2.000000e-17 7.417000e-18 1.933000e-18 6.903000e-19
 42 9.976000e-15 4.588000e-14 5.874000e-14 5.851000e-14 3.196000e-14 2.234000e-14 1.460000e-14 8.659000e-15 4.840000e-15 3.044000e-15 1.525000e-15 9.438000e-16 6.653000e-16 4.680000e-16 4.336000e-16 4.260000e-16 4.177000e-16 4.033000e-16 3.621000e-16 3.164000e-16 2.827000e-16 2.090000e-16 1.569000e-16 1.201000e-16 9.377000e-17 7.447000e-17 6.004000e-17 4.903000e-17 4.049000e-17 3.377000e-17 2.842000e-17 2.410000e-17 1.936000e-17 7.191000e-18 1.876000e-18 6.701000e-19
 43 1.000000e-76 3.724000e-47 4.899000e-36 1.564000e-30 6.956000e-21 3.755000e-19 6.395000e-18 4.786000e-17 1.561000e-16 2.489000e-16 3.106000e-16 2.958000e-16 2.712000e-16 2.629000e-16 2.905000e-16 3.178000e-16 3.334000e-16 3.368000e-16 3.186000e-16 2.863000e-16 2.594000e-16 1.959000e-16 1.487000e-16 1.146000e-16 8.990000e-17 7.163000e-17 5.789000e-17 4.736000e-17 3.917000e-17 3.272000e-17 2.756000e-17 2.339000e-17 1.880000e-17 7.005000e-18 1.830000e-18 6.543000e-19
 44 1.477000e-53 1.368000e-33 4.764000e-27 7.827000e-24 2.643000e-18 2.342000e-17 1.029000e-16 2.684000e-16 4.206000e-16 4.555000e-16 3.886000e-16 3.087000e-16 2.554000e-16 2.344000e-16 2.641000e-16 2.941000e-16 3.117000e-16 3.163000e-16 3.000000e-16 2.694000e-16 2.438000e-16 1.836000e-16 1.390000e-16 1.070000e-16 8.376000e-17 6.667000e-17 5.383000e-17 4.401000e-17 3.638000e-17 3.037000e-17 2.558000e-17 2.170000e-17 1.744000e-17 6.493000e-18 1.696000e-18 6.061000e-19
 45 1.000000e-76 3.215000e-61 1.576000e-45 9.712000e-38 5.616000e-24 1.842000e-21 1.214000e-19 2.603000e-18 1.766000e-17 4.141000e-17 7.549000e-17 8.696000e-17 9.436000e-17 1.316000e-16 1.791000e-16 2.168000e-16 2.396000e-16 2.494000e-16 2.431000e-16 2.215000e-16 2.019000e-16 1.537000e-16 1.170000e-16 9.040000e-17 7.098000e-17 5.660000e-17 4.577000e-17 3.746000e-17 3.100000e-17 2.590000e-17 2.182000e-17 1.853000e-17 1.490000e-17 5.559000e-18 1.454000e-18 5.200000e-19
 46 1.000000e-76 8.155000e-47 4.193000e-36 8.371000e-31 1.598000e-21 7.343000e-20 1.108000e-18 7.551000e-18 2.307000e-17 3.553000e-17 4.281000e-17 3.999000e-17 3.643000e-17 3.856000e-17 5.232000e-17 7.031000e-17 8.758000e-17 1.017000e-16 1.180000e-16 1.217000e-16 1.192000e-16 1.036000e-16 8.552000e-17 6.974000e-17 5.692000e-17 4.671000e-17 3.861000e-17 3.216000e-17 2.698000e-17 2.280000e-17 1.940000e-17 1.660000e-17 1.347000e-17 5.164000e-18 1.373000e-18 4.938000e-19
 47 1.105000e-11 5.502000e-12 3.357000e-12 2.309000e-12 6.473000e-13 3.985000e-13 2.368000e-13 1.304000e-13 6.922000e-14 4.235000e-14 2.053000e-14 1.212000e-14 7.727000e-15 3.686000e-15 2.243000e-15 1.569000e-15 1.199000e-15 9.692000e-16 7.035000e-16 5.503000e-16 4.668000e-16 3.209000e-16 2.331000e-16 1.754000e-16 1.355000e-16 1.069000e-16 8.574000e-17 6.977000e-17 5.747000e-17 4.783000e-17 4.018000e-17 3.403000e-17 2.729000e-17 1.009000e-17 2.623000e-18 9.359000e-19
 48 1.000000e-76 1.000000e-76 1.000000e-76 1.000000e-76 1.000000e-76 1.455000e-60 1.427000e-46 8.977000e-36 2.347000e-28 1.636000e-24 7.704000e-21 3.591000e-19 3.377000e-18 3.401000e-17 8.645000e-17 1.380000e-16 1.782000e-16 2.052000e-16 2.266000e-16 2.223000e-16 2.110000e-16 1.721000e-16 1.365000e-16 1.082000e-16 8.656000e-17 6.994000e-17 5.712000e-17 4.711000e-17 3.921000e-17 3.291000e-17 2.784000e-17 2.371000e-17 1.913000e-17 7.202000e-18 1.892000e-18 6.777000e-19
 49 1.000000e-76 1.000000e-76 1.000000e-76 1.000000e-76 1.000000e-76 1.609000e-60 1.542000e-46 9.538000e-36 2.464000e-28 1.707000e-24 7.986000e-21 3.710000e-19 3.479000e-18 3.483000e-17 8.812000e-17 1.402000e-16 1.809000e-16 2.082000e-16 2.300000e-16 2.260000e-16 2.147000e-16 1.756000e-16 1.395000e-16 1.108000e-16 8.868000e-17 7.173000e-17 5.862000e-17 4.838000e-17 4.030000e-17 3.385000e-17 2.864000e-17 2.440000e-17 1.970000e-17 7.429000e-18 1.954000e-18 7.001000e-19
 50 1.000000e-76 1.000000e-76 1.000000e-76 1.000000e-76 1.000000e-76 2.018000e-60 1.810000e-46 1.063000e-35 2.650000e-28 1.801000e-24 8.269000e-21 3.806000e-19 3.547000e-18 3.515000e-17 8.830000e-17 1.399000e-16 1.799000e-16 2.067000e-16 2.283000e-16 2.244000e-16 2.133000e-16 1.748000e-16 1.391000e-16 1.106000e-16 8.865000e-17 7.178000e-17 5.872000e-17 4.850000e-17 4.042000e-17 3.397000e-17 2.876000e-17 2.451000e-17 1.980000e-17 7.481000e-18 1.971000e-18 7.064000e-19
 51 1.000000e-76 1.000000e-76 1.000000e-76 1.000000e-76 1.000000e-76 2.938000e-60 2.349000e-46 1.261000e-35 2.954000e-28 1.943000e-24 8.639000e-21 3.915000e-19 3.611000e-18 3.527000e-17 8.778000e-17 1.382000e-16 1.770000e-16 2.030000e-16 2.238000e-16 2.200000e-16 2.092000e-16 1.717000e-16 1.368000e-16 1.089000e-16 8.741000e-17 7.085000e-17 5.801000e-17 4.795000e-17 3.999000e-17 3.363000e-17 2.849000e-17 2.430000e-17 1.964000e-17 7.435000e-18 1.962000e-18 7.034000e-19
 52 1.000000e-76 1.000000e-76 1.000000e-76 1.000000e-76 1.000000e-76 5.006000e-60 3.398000e-46 1.607000e-35 3.444000e-28 2.162000e-24 9.178000e-21 4.069000e-19 3.700000e-18 3.547000e-17 8.726000e-17 1.363000e-16 1.737000e-16 1.986000e-16 2.182000e-16 2.144000e-16 2.038000e-16 1.674000e-16 1.336000e-16 1.065000e-16 8.555000e-17 6.941000e-17 5.689000e-17 4.707000e-17 3.929000e-17 3.306000e-17 2.802000e-17 2.391000e-17 1.934000e-17 7.339000e-18 1.939000e-18 6.959000e-19
 53 1.000000e-76 1.000000e-76 1.000000e-76 1.000000e-76 1.000000e-76 7.235000e-65 1.392000e-49 8.872000e-38 1.162000e-29 1.893000e-25 2.054000e-21 1.422000e-19 1.700000e-18 2.208000e-17 6.222000e-17 1.048000e-16 1.402000e-16 1.658000e-16 1.901000e-16 1.917000e-16 1.850000e-16 1.558000e-16 1.261000e-16 1.016000e-16 8.224000e-17 6.710000e-17 5.524000e-17 4.587000e-17 3.840000e-17 3.239000e-17 2.751000e-17 2.352000e-17 1.906000e-17 7.280000e-18 1.932000e-18 6.942000e-19
 54 1.000000e-76 1.000000e-76 1.000000e-76 1.000000e-76 1.000000e-76 1.089000e-64 1.834000e-49 1.054000e-37 1.284000e-29 2.015000e-25 2.106000e-21 1.432000e-19 1.693000e-18 2.164000e-17 6.041000e-17 1.011000e-16 1.346000e-16 1.587000e-16 1.815000e-16 1.830000e-16 1.766000e-16 1.489000e-16 1.208000e-16 9.749000e-17 7.904000e-17 6.459000e-17 5.324000e-17 4.426000e-17 3.710000e-17 3.132000e-17 2.663000e-17 2.278000e-17 1.848000e-17 7.078000e-18 1.882000e-18 6.769000e-19
 55 1.000000e-76 1.000000e-76 1.000000e-76 1.000000e-76 1.000000e-76 1.956000e-64 2.734000e-49 1.359000e-37 1.496000e-29 2.226000e-25 2.208000e-21 1.465000e-19 1.704000e-18 2.135000e-17 5.887000e-17 9.767000e-17 1.293000e-16 1.518000e-16 1.729000e-16 1.740000e-16 1.678000e-16 1.416000e-16 1.151000e-16 9.305000e-17 7.557000e-17 6.186000e-17 5.107000e-17 4.251000e-17 3.567000e-17 3.015000e-17 2.566000e-17 2.197000e-17 1.784000e-17 6.858000e-18 1.828000e-18 6.581000e-19
 56 1.000000e-76 1.000000e-76 1.000000e-76 1.000000e-76 1.000000e-76 4.033000e-64 4.452000e-49 1.842000e-37 1.785000e-29 2.483000e-25 2.305000e-21 1.481000e-19 1.689000e-18 2.066000e-17 5.621000e-17 9.242000e-17 1.216000e-16 1.421000e-16 1.613000e-16 1.621000e-16 1.564000e-16 1.322000e-16 1.077000e-16 8.728000e-17 7.105000e-17 5.828000e-17 4.821000e-17 4.021000e-17 3.379000e-17 2.860000e-17 2.437000e-17 2.089000e-17 1.699000e-17 6.561000e-18 1.755000e-18 6.324000e-19
 57 1.000000e-76 1.000000e-76 1.000000e-76 1.000000e-76 1.000000e-76 1.000000e-76 5.756000e-60 1.008000e-44 3.260000e-34 9.706000e-29 1.830000e-23 4.927000e-21 1.355000e-19 4.433000e-18 1.887000e-17 3.996000e-17 6.178000e-17 8.078000e-17 1.056000e-16 1.155000e-16 1.167000e-16 1.067000e-16 9.102000e-17 7.606000e-17 6.328000e-17 5.277000e-17 4.421000e-17 3.724000e-17 3.156000e-17 2.689000e-17 2.304000e-17 1.984000e-17 1.623000e-17 6.369000e-18 1.721000e-18 6.223000e-19
 58 1.000000e-76 1.000000e-76 1.000000e-76 1.000000e-76 1.000000e-76 1.000000e-76 1.028000e-58 6.733000e-44 1.098000e-33 2.278000e-28 3.012000e-23 6.849000e-21 1.697000e-19 4.933000e-18 1.983000e-17 4.058000e-17 6.134000e-17 7.898000e-17 1.014000e-16 1.099000e-16 1.106000e-16 1.006000e-16 8.573000e-17 7.168000e-17 5.971000e-17 4.986000e-17 4.183000e-17 3.528000e-17 2.993000e-17 2.553000e-17 2.190000e-17 1.888000e-17 1.545000e-17 6.089000e-18 1.649000e-18 5.971000e-19
 59 1.000000e-76 1.000000e-76 1.000000e-76 1.000000e-76 1.000000e-76 5.793000e-76 2.147000e-57 4.906000e-43 3.845000e-33 5.423000e-28 4.907000e-23 9.314000e-21 2.065000e-19 5.290000e-18 2.003000e-17 3.958000e-17 5.852000e-17 7.426000e-17 9.382000e-17 1.010000e-16 1.013000e-16 9.188000e-17 7.836000e-17 6.563000e-17 5.480000e-17 4.587000e-17 3.856000e-17 3.260000e-17 2.771000e-17 2.368000e-17 2.034000e-17 1.755000e-17 1.439000e-17 5.704000e-18 1.551000e-18 5.625000e-19
 60 1.000000e-76 1.000000e-76 1.000000e-76 1.000000e-76 1.000000e-76 6.067000e-74 5.315000e-56 3.958000e-42 1.421000e-32 1.328000e-27 8.021000e-23 1.256000e-20 2.474000e-19 5.541000e-18 1.969000e-17 3.752000e-17 5.420000e-17 6.775000e-17 8.422000e-17 9.002000e-17 9.008000e-17 8.167000e-17 6.986000e-17 5.876000e-17 4.928000e-17 4.142000e-17 3.497000e-17 2.966000e-17 2.530000e-17 2.168000e-17 1.867000e-17 1.615000e-17 1.328000e-17 5.312000e-18 1.454000e-18 5.284000e-19
 61 1.000000e-76 3.012000e-66 9.284000e-49 4.538000e-40 1.091000e-24 7.277000e-22 8.168000e-20 2.650000e-18 2.398000e-17 6.546000e-17 1.380000e-16 1.639000e-16 1.605000e-16 1.233000e-16 9.378000e-17 7.764000e-17 7.059000e-17 6.859000e-17 7.005000e-17 7.168000e-17 7.161000e-17 6.677000e-17 5.897000e-17 5.094000e-17 4.364000e-17 3.731000e-17 3.194000e-17 2.740000e-17 2.358000e-17 2.037000e-17 1.765000e-17 1.536000e-17 1.271000e-17 5.184000e-18 1.436000e-18 5.242000e-19
 62 7.693000e-62 9.644000e-38 8.005000e-30 6.421000e-26 3.763000e-19 5.744000e-18 3.793000e-17 1.359000e-16 2.655000e-16 3.229000e-16 3.075000e-16 2.502000e-16 1.943000e-16 1.150000e-16 7.791000e-17 6.125000e-17 5.514000e-17 5.424000e-17 5.739000e-17 6.012000e-17 6.073000e-17 5.753000e-17 5.130000e-17 4.467000e-17 3.853000e-17 3.315000e-17 2.852000e-17 2.459000e-17 2.124000e-17 1.841000e-17 1.601000e-17 1.396000e-17 1.159000e-17 4.771000e-18 1.330000e-18 4.865000e-19
 63 1.000000e-76 4.837000e-76 1.714000e-55 2.841000e-45 3.881000e-27 8.665000e-24 2.407000e-21 1.580000e-19 2.334000e-18 8.252000e-18 2.243000e-17 3.005000e-17 3.171000e-17 2.661000e-17 2.236000e-17 2.258000e-17 2.624000e-17 3.142000e-17 4.088000e-17 4.644000e-17 4.835000e-17 4.752000e-17 4.318000e-17 3.814000e-17 3.330000e-17 2.894000e-17 2.513000e-17 2.182000e-17 1.897000e-17 1.653000e-17 1.444000e-17 1.265000e-17 1.055000e-17 4.408000e-18 1.241000e-18 4.555000e-19
 64 1.597000e-74 1.862000e-44 1.509000e-34 1.195000e-29 4.326000e-21 1.448000e-19 1.723000e-18 9.761000e-18 2.622000e-17 3.773000e-17 4.239000e-17 3.732000e-17 3.041000e-17 1.955000e-17 1.694000e-17 2.057000e-17 2.710000e-17 3.386000e-17 4.340000e-17 4.726000e-17 4.769000e-17 4.408000e-17 3.872000e-17 3.367000e-17 2.926000e-17 2.547000e-17 2.221000e-17 1.941000e-17 1.699000e-17 1.490000e-17 1.310000e-17 1.154000e-17 9.699000e-18 4.164000e-18 1.196000e-18 4.422000e-19
 65 1.000000e-76 1.000000e-76 1.000000e-76 1.000000e-76 1.000000e-76 1.000000e-76 1.000000e-76 1.000000e-76 5.928000e-59 1.547000e-46 1.946000e-34 9.231000e-29 2.503000e-25 1.386000e-21 5.973000e-20 4.563000e-19 1.561000e-18 3.462000e-18 8.523000e-18 1.337000e-17 1.638000e-17 2.114000e-17 2.272000e-17 2.259000e-17 2.156000e-17 2.006000e-17 1.837000e-17 1.665000e-17 1.499000e-17 1.345000e-17 1.203000e-17 1.075000e-17 9.174000e-18 4.107000e-18 1.206000e-18 4.490000e-19
 66 1.000000e-76 1.000000e-76 1.000000e-76 1.000000e-76 1.000000e-76 1.000000e-76 1.000000e-76 1.000000e-76 3.950000e-58 5.838000e-46 4.198000e-34 1.526000e-28 3.515000e-25 1.620000e-21 6.421000e-20 4.676000e-19 1.551000e-18 3.367000e-18 8.063000e-18 1.244000e-17 1.509000e-17 1.916000e-17 2.042000e-17 2.021000e-17 1.924000e-17 1.789000e-17 1.637000e-17 1.484000e-17 1.337000e-17 1.199000e-17 1.073000e-17 9.590000e-18 8.190000e-18 3.677000e-18 1.085000e-18 4.055000e-19
 67 1.000000e-76 1.000000e-76 1.000000e-76 1.000000e-76 1.000000e-76 1.000000e-76 1.000000e-76 1.000000e-76 3.122000e-57 2.486000e-45 9.737000e-34 2.651000e-28 5.113000e-25 1.931000e-21 6.984000e-20 4.828000e-19 1.549000e-18 3.284000e-18 7.634000e-18 1.156000e-17 1.388000e-17 1.730000e-17 1.824000e-17 1.794000e-17 1.702000e-17 1.579000e-17 1.443000e-17 1.307000e-17 1.177000e-17 1.056000e-17 9.446000e-18 8.443000e-18 7.211000e-18 3.239000e-18 9.556000e-19 3.568000e-19
 68 1.000000e-76 1.000000e-76 1.000000e-76 1.000000e-76 1.000000e-76 1.000000e-76 1.000000e-76 1.000000e-76 2.940000e-56 1.192000e-44 2.403000e-33 4.771000e-28 7.576000e-25 2.302000e-21 7.536000e-20 4.921000e-19 1.522000e-18 3.146000e-18 7.079000e-18 1.050000e-17 1.247000e-17 1.524000e-17 1.588000e-17 1.551000e-17 1.465000e-17 1.355000e-17 1.237000e-17 1.119000e-17 1.007000e-17 9.028000e-18 8.077000e-18 7.219000e-18 6.166000e-18 2.774000e-18 8.226000e-19 3.083000e-19
 69 1.000000e-76 1.000000e-76 1.000000e-76 1.000000e-76 1.000000e-76 1.000000e-76 1.000000e-76 1.000000e-76 1.000000e-76 1.937000e-65 3.623000e-46 4.436000e-37 1.503000e-31 1.866000e-25 9.611000e-23 3.021000e-21 2.565000e-20 1.068000e-19 5.808000e-19 1.454000e-18 2.281000e-18 4.427000e-18 5.999000e-18 6.935000e-18 7.359000e-18 7.415000e-18 7.223000e-18 6.876000e-18 6.443000e-18 5.971000e-18 5.490000e-18 5.021000e-18 4.404000e-18 2.148000e-18 6.727000e-19 2.576000e-19
 70 1.000000e-76 1.000000e-76 1.000000e-76 1.000000e-76 1.000000e-76 1.000000e-76 1.000000e-76 1.000000e-76 1.000000e-76 3.139000e-65 4.384000e-46 4.671000e-37 1.453000e-31 1.639000e-25 8.080000e-23 2.477000e-21 2.069000e-20 8.522000e-20 4.567000e-19 1.132000e-18 1.767000e-18 3.397000e-18 4.577000e-18 5.276000e-18 5.591000e-18 5.632000e-18 5.487000e-18 5.226000e-18 4.900000e-18 4.544000e-18 4.181000e-18 3.827000e-18 3.360000e-18 1.651000e-18 5.252000e-19 2.031000e-19
 71 1.000000e-76 1.000000e-76 1.000000e-76 1.000000e-76 1.000000e-76 1.000000e-76 1.000000e-76 1.000000e-76 1.000000e-76 7.840000e-68 9.477000e-48 2.818000e-38 1.648000e-32 3.771000e-26 2.570000e-23 9.480000e-22 8.919000e-21 3.988000e-20 2.370000e-19 6.244000e-19 1.006000e-18 2.036000e-18 2.823000e-18 3.315000e-18 3.561000e-18 3.623000e-18 3.558000e-18 3.411000e-18 3.216000e-18 2.996000e-18 2.768000e-18 2.543000e-18 2.244000e-18 1.128000e-18 3.719000e-19 1.469000e-19
 72 1.000000e-76 1.000000e-76 1.000000e-76 1.000000e-76 1.000000e-76 1.000000e-76 1.000000e-76 5.066000e-74 9.837000e-54 4.201000e-43 9.276000e-33 6.432000e-28 5.351000e-25 7.875000e-22 1.851000e-20 1.004000e-19 2.772000e-19 5.345000e-19 1.128000e-18 1.652000e-18 1.970000e-18 2.482000e-18 2.680000e-18 2.706000e-18 2.631000e-18 2.498000e-18 2.332000e-18 2.152000e-18 1.970000e-18 1.794000e-18 1.627000e-18 1.473000e-18 1.281000e-18 6.320000e-19 2.184000e-19 8.963000e-20
 73 1.000000e-76 1.000000e-76 1.000000e-76 1.000000e-76 1.000000e-76 1.000000e-76 1.000000e-76 1.000000e-76 1.000000e-76 1.000000e-76 1.000000e-76 1.000000e-76 1.000000e-76 1.000000e-76 1.000000e-76 1.234000e-74 3.958000e-63 3.664000e-55 3.946000e-45 3.470000e-39 5.131000e-36 9.386000e-31 8.680000e-28 6.525000e-26 1.235000e-24 1.014000e-23 4.850000e-23 1.603000e-22 4.076000e-22 8.539000e-22 1.545000e-21 2.498000e-21 4.233000e-21 1.481000e-20 1.544000e-20 8.816000e-21
 74 1.000000e-76 1.000000e-76 1.000000e-76 1.000000e-76 1.000000e-76 1.000000e-76 1.000000e-76 1.000000e-76 1.000000e-76 1.000000e-76 1.000000e-76 1.000000e-76 1.000000e-76 1.000000e-76 1.000000e-76 8.693000e-75 3.465000e-63 3.721000e-55 4.820000e-45 4.732000e-39 7.431000e-36 1.509000e-30 1.484000e-27 1.161000e-25 2.254000e-24 1.884000e-23 9.109000e-23 3.033000e-22 7.744000e-22 1.627000e-21 2.948000e-21 4.769000e-21 8.083000e-21 2.822000e-20 2.936000e-20 1.676000e-20
 75 1.000000e-76 1.000000e-76 1.000000e-76 1.000000e-76 1.000000e-76 1.000000e-76 1.000000e-76 1.000000e-76 1.000000e-76 1.000000e-76 1.000000e-76 1.000000e-76 1.000000e-76 1.000000e-76 1.000000e-76 1.000000e-76 1.000000e-76 1.000000e-76 1.000000e-76 1.000000e-76 1.000000e-76 1.000000e-76 1.000000e-76 1.000000e-76 1.000000e-76 1.000000e-76 1.000000e-76 1.000000e-76 1.000000e-76 1.000000e-76 1.000000e-76 1.000000e-76 1.000000e-76 1.000000e-76 1.000000e-76 1.000000e-76
