n   Temperature [K]
 36 5.802259e+03 1.160452e+04 1.740678e+04 2.320904e+04 5.802259e+04 8.123163e+04 1.160452e+05 1.740678e+05 2.669039e+05 3.713446e+05 6.034349e+05 8.587343e+05 1.160452e+06 1.914745e+06 2.727062e+06 3.597401e+06 4.525762e+06 5.512146e+06 7.600959e+06 9.805818e+06 1.160452e+07 1.672211e+07 2.233870e+07 2.847749e+07 3.516169e+07 4.241451e+07 5.025917e+07 5.871886e+07 6.781680e+07 7.757620e+07 8.802027e+07 9.917221e+07 1.160452e+08 2.320904e+08 5.802259e+08 1.160452e+09
Q   Rate [m3/s]
  1 1.000000e-76 1.000000e-76 4.601000e-66 6.586000e-54 4.278000e-32 5.564000e-28 6.079000e-25 1.194000e-22 3.847000e-21 2.064000e-20 8.484000e-20 1.386000e-19 1.653000e-19 1.577000e-19 1.281000e-19 1.017000e-19 8.112000e-20 6.557000e-20 4.504000e-20 3.284000e-20 2.646000e-20 1.634000e-20 1.103000e-20 7.891000e-21 5.876000e-21 4.509000e-21 3.541000e-21 2.834000e-21 2.304000e-21 1.897000e-21 1.579000e-21 1.328000e-21 1.056000e-21 3.808000e-22 9.764000e-23 3.469000e-23
  2 2.597000e-17 5.727000e-17 6.300000e-17 5.962000e-17 3.105000e-17 2.165000e-17 1.414000e-17 8.389000e-18 4.698000e-18 2.982000e-18 1.591000e-18 1.075000e-18 7.972000e-19 4.894000e-19 3.375000e-19 2.466000e-19 1.874000e-19 1.466000e-19 9.684000e-20 6.897000e-20 5.489000e-20 3.316000e-20 2.209000e-20 1.565000e-20 1.157000e-20 8.835000e-21 6.911000e-21 5.513000e-21 4.469000e-21 3.671000e-21 3.051000e-21 2.561000e-21 2.032000e-21 7.285000e-22 1.860000e-22 6.599000e-23
  3 5.266000e-16 5.240000e-16 4.271000e-16 3.640000e-16 2.272000e-16 1.813000e-16 1.345000e-16 8.940000e-17 5.455000e-17 3.605000e-17 1.901000e-17 1.181000e-17 7.835000e-18 3.935000e-18 2.403000e-18 1.626000e-18 1.172000e-18 8.832000e-19 5.550000e-19 3.830000e-19 2.995000e-19 1.752000e-19 1.143000e-19 7.985000e-20 5.843000e-20 4.424000e-20 3.439000e-20 2.728000e-20 2.202000e-20 1.802000e-20 1.493000e-20 1.250000e-20 9.885000e-21 3.509000e-21 8.899000e-22 3.149000e-22
  4 9.792000e-20 1.337000e-17 5.495000e-17 1.033000e-16 2.687000e-16 2.888000e-16 2.710000e-16 2.179000e-16 1.523000e-16 1.082000e-16 6.107000e-17 3.893000e-17 2.611000e-17 1.313000e-17 7.982000e-18 5.373000e-18 3.858000e-18 2.897000e-18 1.812000e-18 1.246000e-18 9.719000e-19 5.661000e-19 3.684000e-19 2.568000e-19 1.876000e-19 1.418000e-19 1.101000e-19 8.730000e-20 7.040000e-20 5.759000e-20 4.768000e-20 3.989000e-20 3.154000e-20 1.117000e-20 2.830000e-21 1.001000e-21
  5 5.327000e-16 1.118000e-15 1.104000e-15 9.746000e-16 5.450000e-16 4.632000e-16 3.946000e-16 3.140000e-16 2.260000e-16 1.650000e-16 9.627000e-17 6.247000e-17 4.234000e-17 2.154000e-17 1.315000e-17 8.869000e-18 6.377000e-18 4.793000e-18 2.999000e-18 2.064000e-18 1.610000e-18 9.382000e-19 6.106000e-19 4.256000e-19 3.109000e-19 2.351000e-19 1.825000e-19 1.447000e-19 1.167000e-19 9.545000e-20 7.903000e-20 6.612000e-20 5.227000e-20 1.852000e-20 4.690000e-21 1.659000e-21
  6 2.134000e-20 8.627000e-18 4.914000e-17 1.037000e-16 2.609000e-16 2.897000e-16 3.058000e-16 2.944000e-16 2.460000e-16 1.954000e-16 1.245000e-16 8.424000e-17 5.859000e-17 3.065000e-17 1.894000e-17 1.286000e-17 9.289000e-18 7.002000e-18 4.398000e-18 3.032000e-18 2.368000e-18 1.382000e-18 9.004000e-19 6.280000e-19 4.590000e-19 3.472000e-19 2.696000e-19 2.137000e-19 1.724000e-19 1.410000e-19 1.168000e-19 9.769000e-20 7.723000e-20 2.736000e-20 6.932000e-21 2.452000e-21
  7 7.021000e-23 5.806000e-19 9.040000e-18 3.146000e-17 1.841000e-16 2.334000e-16 2.733000e-16 2.913000e-16 2.666000e-16 2.241000e-16 1.516000e-16 1.057000e-16 7.489000e-17 3.999000e-17 2.494000e-17 1.702000e-17 1.233000e-17 9.316000e-18 5.867000e-18 4.052000e-18 3.168000e-18 1.852000e-18 1.207000e-18 8.424000e-19 6.159000e-19 4.660000e-19 3.619000e-19 2.870000e-19 2.315000e-19 1.894000e-19 1.569000e-19 1.312000e-19 1.038000e-19 3.678000e-20 9.318000e-21 3.296000e-21
  8 2.544000e-25 3.377000e-20 1.326000e-18 7.322000e-18 9.479000e-17 1.365000e-16 1.760000e-16 2.063000e-16 2.066000e-16 1.838000e-16 1.324000e-16 9.540000e-17 6.902000e-17 3.776000e-17 2.382000e-17 1.637000e-17 1.191000e-17 9.022000e-18 5.703000e-18 3.948000e-18 3.091000e-18 1.811000e-18 1.182000e-18 8.259000e-19 6.043000e-19 4.575000e-19 3.554000e-19 2.820000e-19 2.275000e-19 1.862000e-19 1.542000e-19 1.291000e-19 1.021000e-19 3.619000e-20 9.174000e-21 3.246000e-21
  9 2.157000e-62 4.101000e-39 1.820000e-31 1.087000e-27 8.112000e-21 1.946000e-19 2.153000e-18 1.382000e-17 4.831000e-17 8.880000e-17 1.420000e-16 1.555000e-16 1.476000e-16 1.108000e-16 8.112000e-17 6.076000e-17 4.673000e-17 3.681000e-17 2.444000e-17 1.742000e-17 1.385000e-17 8.327000e-18 5.516000e-18 3.889000e-18 2.864000e-18 2.178000e-18 1.698000e-18 1.351000e-18 1.092000e-18 8.953000e-19 7.426000e-19 6.221000e-19 4.927000e-19 1.754000e-19 4.456000e-20 1.578000e-20
 10 2.447000e-76 1.886000e-45 2.868000e-35 3.114000e-30 2.074000e-21 8.486000e-20 1.330000e-18 1.126000e-17 4.785000e-17 9.481000e-17 1.544000e-16 1.655000e-16 1.531000e-16 1.104000e-16 7.902000e-17 5.836000e-17 4.447000e-17 3.479000e-17 2.290000e-17 1.623000e-17 1.287000e-17 7.702000e-18 5.089000e-18 3.581000e-18 2.634000e-18 2.001000e-18 1.560000e-18 1.240000e-18 1.002000e-18 8.212000e-19 6.809000e-19 5.704000e-19 4.516000e-19 1.607000e-19 4.079000e-20 1.444000e-20
 11 2.012000e-75 4.507000e-45 4.751000e-35 4.496000e-30 2.772000e-21 1.117000e-19 1.679000e-18 1.343000e-17 5.444000e-17 1.052000e-16 1.668000e-16 1.764000e-16 1.618000e-16 1.155000e-16 8.231000e-17 6.063000e-17 4.611000e-17 3.604000e-17 2.368000e-17 1.677000e-17 1.329000e-17 7.949000e-18 5.250000e-18 3.694000e-18 2.717000e-18 2.064000e-18 1.608000e-18 1.279000e-18 1.033000e-18 8.468000e-19 7.022000e-19 5.882000e-19 4.657000e-19 1.657000e-19 4.206000e-20 1.489000e-20
 12 4.136000e-65 6.828000e-40 1.338000e-31 1.650000e-27 2.164000e-20 4.135000e-19 3.657000e-18 2.047000e-17 6.881000e-17 1.238000e-16 1.868000e-16 1.940000e-16 1.763000e-16 1.248000e-16 8.862000e-17 6.516000e-17 4.950000e-17 3.866000e-17 2.538000e-17 1.797000e-17 1.424000e-17 8.511000e-18 5.621000e-18 3.955000e-18 2.908000e-18 2.210000e-18 1.722000e-18 1.369000e-18 1.106000e-18 9.065000e-19 7.517000e-19 6.296000e-19 4.985000e-19 1.773000e-19 4.503000e-20 1.594000e-20
 13 1.615000e-54 1.449000e-34 4.995000e-28 8.163000e-25 2.740000e-19 2.466000e-18 1.162000e-17 3.800000e-17 9.102000e-17 1.439000e-16 2.014000e-16 2.062000e-16 1.871000e-16 1.331000e-16 9.498000e-17 7.007000e-17 5.337000e-17 4.175000e-17 2.749000e-17 1.949000e-17 1.546000e-17 9.255000e-18 6.118000e-18 4.307000e-18 3.169000e-18 2.409000e-18 1.877000e-18 1.493000e-18 1.207000e-18 9.890000e-19 8.201000e-19 6.871000e-19 5.440000e-19 1.936000e-19 4.917000e-20 1.741000e-20
 14 1.922000e-37 5.194000e-26 2.585000e-22 1.605000e-20 1.495000e-17 4.368000e-17 8.727000e-17 1.410000e-16 1.992000e-16 2.381000e-16 2.588000e-16 2.388000e-16 2.048000e-16 1.380000e-16 9.635000e-17 7.029000e-17 5.317000e-17 4.140000e-17 2.711000e-17 1.916000e-17 1.517000e-17 9.061000e-18 5.981000e-18 4.208000e-18 3.094000e-18 2.351000e-18 1.832000e-18 1.456000e-18 1.177000e-18 9.645000e-19 7.998000e-19 6.700000e-19 5.304000e-19 1.887000e-19 4.792000e-20 1.697000e-20
 15 8.392000e-23 1.125000e-18 2.057000e-17 7.743000e-17 4.636000e-16 5.152000e-16 4.921000e-16 4.345000e-16 3.905000e-16 3.645000e-16 3.133000e-16 2.627000e-16 2.152000e-16 1.404000e-16 9.741000e-17 7.103000e-17 5.378000e-17 4.193000e-17 2.752000e-17 1.949000e-17 1.545000e-17 9.248000e-18 6.114000e-18 4.305000e-18 3.168000e-18 2.408000e-18 1.877000e-18 1.493000e-18 1.207000e-18 9.894000e-19 8.206000e-19 6.875000e-19 5.444000e-19 1.938000e-19 4.923000e-20 1.743000e-20
 16 1.000000e-76 1.000000e-76 1.154000e-56 2.461000e-46 5.388000e-28 1.401000e-24 4.937000e-22 4.738000e-20 1.151000e-18 6.411000e-18 3.608000e-17 7.857000e-17 1.172000e-16 1.497000e-16 1.409000e-16 1.220000e-16 1.030000e-16 8.665000e-17 6.251000e-17 4.682000e-17 3.823000e-17 2.404000e-17 1.635000e-17 1.172000e-17 8.732000e-18 6.698000e-18 5.256000e-18 4.202000e-18 3.412000e-18 2.806000e-18 2.334000e-18 1.960000e-18 1.556000e-18 5.583000e-19 1.425000e-19 5.053000e-20
 17 3.360000e-43 1.999000e-28 1.294000e-23 2.900000e-21 2.712000e-17 1.216000e-16 3.228000e-16 5.882000e-16 7.786000e-16 8.387000e-16 8.006000e-16 6.945000e-16 5.745000e-16 3.722000e-16 2.554000e-16 1.844000e-16 1.386000e-16 1.075000e-16 6.992000e-17 4.924000e-17 3.890000e-17 2.313000e-17 1.522000e-17 1.069000e-17 7.847000e-18 5.954000e-18 4.635000e-18 3.682000e-18 2.973000e-18 2.435000e-18 2.018000e-18 1.690000e-18 1.337000e-18 4.751000e-19 1.205000e-19 4.266000e-20
 18 1.041000e-47 8.762000e-31 2.956000e-25 1.511000e-22 6.245000e-18 3.713000e-17 1.218000e-16 2.627000e-16 3.996000e-16 4.782000e-16 5.317000e-16 5.068000e-16 4.472000e-16 3.128000e-16 2.225000e-16 1.641000e-16 1.250000e-16 9.782000e-17 6.443000e-17 4.570000e-17 3.624000e-17 2.169000e-17 1.433000e-17 1.009000e-17 7.420000e-18 5.638000e-18 4.393000e-18 3.492000e-18 2.823000e-18 2.313000e-18 1.918000e-18 1.607000e-18 1.272000e-18 4.524000e-19 1.149000e-19 4.066000e-20
 19 1.137000e-51 1.035000e-32 1.664000e-26 1.857000e-23 3.127000e-18 2.428000e-17 9.713000e-17 2.424000e-16 4.025000e-16 5.013000e-16 5.837000e-16 5.743000e-16 5.190000e-16 3.748000e-16 2.710000e-16 2.018000e-16 1.547000e-16 1.216000e-16 8.058000e-17 5.737000e-17 4.559000e-17 2.739000e-17 1.814000e-17 1.278000e-17 9.413000e-18 7.158000e-18 5.581000e-18 4.439000e-18 3.589000e-18 2.942000e-18 2.440000e-18 2.045000e-18 1.619000e-18 5.764000e-19 1.464000e-19 5.185000e-20
 20 2.538000e-55 1.726000e-34 1.169000e-27 2.677000e-24 1.644000e-18 1.634000e-17 7.846000e-17 2.242000e-16 4.035000e-16 5.192000e-16 6.245000e-16 6.283000e-16 5.783000e-16 4.283000e-16 3.139000e-16 2.357000e-16 1.817000e-16 1.434000e-16 9.549000e-17 6.820000e-17 5.429000e-17 3.272000e-17 2.171000e-17 1.532000e-17 1.129000e-17 8.592000e-18 6.703000e-18 5.333000e-18 4.314000e-18 3.537000e-18 2.935000e-18 2.459000e-18 1.948000e-18 6.940000e-19 1.764000e-19 6.247000e-20
 21 1.165000e-58 4.091000e-36 1.031000e-28 4.558000e-25 9.141000e-19 1.138000e-17 6.461000e-17 2.092000e-16 4.058000e-16 5.384000e-16 6.671000e-16 6.859000e-16 6.430000e-16 4.890000e-16 3.635000e-16 2.753000e-16 2.135000e-16 1.692000e-16 1.133000e-16 8.120000e-17 6.476000e-17 3.916000e-17 2.603000e-17 1.840000e-17 1.357000e-17 1.033000e-17 8.066000e-18 6.421000e-18 5.195000e-18 4.261000e-18 3.536000e-18 2.964000e-18 2.348000e-18 8.373000e-19 2.129000e-19 7.541000e-20
 22 8.998000e-62 1.244000e-37 1.067000e-29 8.696000e-26 5.249000e-19 8.058000e-18 5.351000e-17 1.949000e-16 4.059000e-16 5.541000e-16 7.037000e-16 7.368000e-16 7.022000e-16 5.473000e-16 4.125000e-16 3.150000e-16 2.457000e-16 1.955000e-16 1.316000e-16 9.465000e-17 7.563000e-17 4.588000e-17 3.056000e-17 2.162000e-17 1.597000e-17 1.217000e-17 9.501000e-18 7.567000e-18 6.125000e-18 5.025000e-18 4.171000e-18 3.497000e-18 2.771000e-18 9.887000e-19 2.515000e-19 8.910000e-20
 23 1.750000e-64 5.946000e-39 1.482000e-30 2.061000e-26 3.250000e-19 5.990000e-18 4.560000e-17 1.842000e-16 4.082000e-16 5.713000e-16 7.432000e-16 7.950000e-16 7.734000e-16 6.224000e-16 4.775000e-16 3.688000e-16 2.898000e-16 2.319000e-16 1.572000e-16 1.135000e-16 9.091000e-17 5.537000e-17 3.697000e-17 2.620000e-17 1.937000e-17 1.477000e-17 1.154000e-17 9.196000e-18 7.446000e-18 6.111000e-18 5.074000e-18 4.255000e-18 3.373000e-18 1.204000e-18 3.065000e-19 1.086000e-19
 24 7.084000e-67 4.075000e-40 2.609000e-31 5.811000e-27 2.142000e-19 4.640000e-18 3.987000e-17 1.764000e-16 4.135000e-16 5.908000e-16 7.794000e-16 8.435000e-16 8.317000e-16 6.848000e-16 5.326000e-16 4.150000e-16 3.280000e-16 2.636000e-16 1.797000e-16 1.303000e-16 1.045000e-16 6.388000e-17 4.274000e-17 3.033000e-17 2.244000e-17 1.713000e-17 1.339000e-17 1.067000e-17 8.646000e-18 7.098000e-18 5.895000e-18 4.944000e-18 3.920000e-18 1.401000e-18 3.567000e-19 1.264000e-19
 25 6.173000e-73 4.119000e-43 2.771000e-33 2.001000e-28 6.123000e-20 1.985000e-18 2.308000e-17 1.289000e-16 3.530000e-16 5.429000e-16 7.628000e-16 8.527000e-16 8.622000e-16 7.362000e-16 5.842000e-16 4.609000e-16 3.674000e-16 2.970000e-16 2.041000e-16 1.486000e-16 1.196000e-16 7.342000e-17 4.925000e-17 3.502000e-17 2.594000e-17 1.981000e-17 1.550000e-17 1.236000e-17 1.002000e-17 8.228000e-18 6.835000e-18 5.734000e-18 4.547000e-18 1.626000e-18 4.143000e-19 1.469000e-19
 26 8.927000e-75 5.281000e-44 7.353000e-34 7.638000e-29 4.499000e-20 1.653000e-18 2.109000e-17 1.265000e-16 3.620000e-16 5.653000e-16 7.978000e-16 8.944000e-16 9.102000e-16 7.893000e-16 6.331000e-16 5.030000e-16 4.030000e-16 3.271000e-16 2.259000e-16 1.650000e-16 1.330000e-16 8.192000e-17 5.506000e-17 3.920000e-17 2.906000e-17 2.221000e-17 1.739000e-17 1.387000e-17 1.125000e-17 9.239000e-18 7.676000e-18 6.441000e-18 5.109000e-18 1.828000e-18 4.660000e-19 1.652000e-19
 27 3.263000e-76 1.065000e-44 2.619000e-34 3.616000e-29 3.555000e-20 1.440000e-18 1.976000e-17 1.254000e-16 3.712000e-16 5.859000e-16 8.256000e-16 9.227000e-16 9.406000e-16 8.235000e-16 6.659000e-16 5.322000e-16 4.282000e-16 3.486000e-16 2.419000e-16 1.772000e-16 1.431000e-16 8.836000e-17 5.949000e-17 4.240000e-17 3.146000e-17 2.407000e-17 1.885000e-17 1.504000e-17 1.220000e-17 1.002000e-17 8.331000e-18 6.991000e-18 5.547000e-18 1.987000e-18 5.065000e-19 1.796000e-19
 28 1.000000e-76 3.430000e-45 1.272000e-34 2.157000e-29 3.068000e-20 1.333000e-18 1.929000e-17 1.274000e-16 3.864000e-16 6.142000e-16 8.613000e-16 9.581000e-16 9.770000e-16 8.624000e-16 7.028000e-16 5.649000e-16 4.565000e-16 3.728000e-16 2.598000e-16 1.909000e-16 1.544000e-16 9.562000e-17 6.450000e-17 4.602000e-17 3.418000e-17 2.616000e-17 2.050000e-17 1.637000e-17 1.328000e-17 1.091000e-17 9.071000e-18 7.614000e-18 6.043000e-18 2.165000e-18 5.524000e-19 1.958000e-19
 29 1.000000e-76 1.764000e-45 8.415000e-35 1.618000e-29 2.887000e-20 1.310000e-18 1.958000e-17 1.325000e-16 4.077000e-16 6.491000e-16 9.017000e-16 9.939000e-16 1.010000e-15 8.931000e-16 7.313000e-16 5.902000e-16 4.784000e-16 3.916000e-16 2.739000e-16 2.017000e-16 1.634000e-16 1.015000e-16 6.854000e-17 4.896000e-17 3.639000e-17 2.787000e-17 2.185000e-17 1.745000e-17 1.416000e-17 1.164000e-17 9.680000e-18 8.127000e-18 6.451000e-18 2.313000e-18 5.903000e-19 2.093000e-19
 30 1.000000e-76 1.601000e-45 8.103000e-35 1.605000e-29 3.020000e-20 1.384000e-18 2.085000e-17 1.419000e-16 4.371000e-16 6.932000e-16 9.485000e-16 1.032000e-15 1.040000e-15 9.174000e-16 7.527000e-16 6.090000e-16 4.947000e-16 4.058000e-16 2.846000e-16 2.100000e-16 1.703000e-16 1.060000e-16 7.170000e-17 5.127000e-17 3.814000e-17 2.922000e-17 2.292000e-17 1.832000e-17 1.487000e-17 1.222000e-17 1.016000e-17 8.536000e-18 6.777000e-18 2.431000e-18 6.207000e-19 2.202000e-19
 31 1.000000e-76 3.115000e-55 2.767000e-41 2.296000e-34 3.593000e-22 5.925000e-20 2.332000e-18 3.348000e-17 1.719000e-16 3.496000e-16 5.768000e-16 6.730000e-16 7.341000e-16 8.051000e-16 7.892000e-16 7.250000e-16 6.452000e-16 5.661000e-16 4.340000e-16 3.382000e-16 2.825000e-16 1.847000e-16 1.286000e-16 9.360000e-17 7.049000e-17 5.450000e-17 4.303000e-17 3.457000e-17 2.817000e-17 2.324000e-17 1.938000e-17 1.631000e-17 1.298000e-17 4.693000e-18 1.203000e-18 4.274000e-19
 32 1.000000e-76 1.438000e-48 7.722000e-37 4.982000e-31 7.858000e-21 5.399000e-19 1.102000e-17 9.491000e-17 3.415000e-16 5.751000e-16 7.823000e-16 8.240000e-16 8.391000e-16 8.560000e-16 8.192000e-16 7.455000e-16 6.606000e-16 5.784000e-16 4.426000e-16 3.447000e-16 2.878000e-16 1.882000e-16 1.309000e-16 9.533000e-17 7.179000e-17 5.550000e-17 4.382000e-17 3.520000e-17 2.868000e-17 2.366000e-17 1.973000e-17 1.661000e-17 1.322000e-17 4.778000e-18 1.225000e-18 4.351000e-19
 33 1.355000e-69 2.590000e-41 5.331000e-32 2.129000e-27 2.245000e-19 5.941000e-18 5.928000e-17 2.928000e-16 7.153000e-16 9.811000e-16 1.084000e-15 1.024000e-15 9.688000e-16 9.115000e-16 8.470000e-16 7.609000e-16 6.698000e-16 5.842000e-16 4.453000e-16 3.462000e-16 2.888000e-16 1.886000e-16 1.311000e-16 9.542000e-17 7.184000e-17 5.553000e-17 4.384000e-17 3.521000e-17 2.869000e-17 2.367000e-17 1.973000e-17 1.661000e-17 1.322000e-17 4.777000e-18 1.225000e-18 4.350000e-19
 34 5.412000e-54 1.635000e-33 8.447000e-27 1.690000e-23 8.138000e-18 7.717000e-17 3.566000e-16 9.677000e-16 1.559000e-15 1.715000e-15 1.518000e-15 1.279000e-15 1.122000e-15 9.719000e-16 8.773000e-16 7.788000e-16 6.817000e-16 5.928000e-16 4.506000e-16 3.500000e-16 2.919000e-16 1.906000e-16 1.325000e-16 9.647000e-17 7.264000e-17 5.615000e-17 4.433000e-17 3.561000e-17 2.902000e-17 2.394000e-17 1.996000e-17 1.680000e-17 1.337000e-17 4.835000e-18 1.240000e-18 4.403000e-19
 35 2.729000e-37 3.655000e-25 3.101000e-21 2.515000e-19 3.777000e-16 1.193000e-15 2.418000e-15 3.456000e-15 3.563000e-15 3.098000e-15 2.165000e-15 1.618000e-15 1.310000e-15 1.039000e-15 9.086000e-16 7.960000e-16 6.923000e-16 6.000000e-16 4.548000e-16 3.529000e-16 2.942000e-16 1.921000e-16 1.336000e-16 9.725000e-17 7.323000e-17 5.662000e-17 4.471000e-17 3.592000e-17 2.927000e-17 2.415000e-17 2.014000e-17 1.695000e-17 1.349000e-17 4.879000e-18 1.252000e-18 4.445000e-19
 36 1.655000e-19 2.752000e-16 2.510000e-15 6.674000e-15 2.134000e-14 2.089000e-14 1.757000e-14 1.268000e-14 8.126000e-15 5.496000e-15 2.992000e-15 1.977000e-15 1.481000e-15 1.084000e-15 9.228000e-16 8.000000e-16 6.927000e-16 5.990000e-16 4.534000e-16 3.517000e-16 2.933000e-16 1.915000e-16 1.333000e-16 9.707000e-17 7.313000e-17 5.656000e-17 4.467000e-17 3.589000e-17 2.926000e-17 2.414000e-17 2.014000e-17 1.695000e-17 1.349000e-17 4.881000e-18 1.252000e-18 4.448000e-19
 37 3.605000e-21 4.084000e-17 7.061000e-16 2.585000e-15 1.470000e-14 1.605000e-14 1.466000e-14 1.128000e-14 7.556000e-15 5.231000e-15 2.903000e-15 1.921000e-15 1.430000e-15 1.031000e-15 8.748000e-16 7.600000e-16 6.604000e-16 5.733000e-16 4.366000e-16 3.402000e-16 2.845000e-16 1.867000e-16 1.304000e-16 9.513000e-17 7.178000e-17 5.557000e-17 4.393000e-17 3.532000e-17 2.881000e-17 2.379000e-17 1.985000e-17 1.671000e-17 1.331000e-17 4.820000e-18 1.237000e-18 4.396000e-19
 38 1.000000e-76 1.000000e-76 1.000000e-76 8.982000e-69 9.276000e-36 1.414000e-29 5.244000e-25 1.553000e-21 3.266000e-19 4.733000e-18 5.371000e-17 1.518000e-16 2.708000e-16 4.634000e-16 5.303000e-16 5.260000e-16 4.904000e-16 4.441000e-16 3.545000e-16 2.831000e-16 2.396000e-16 1.603000e-16 1.131000e-16 8.306000e-17 6.294000e-17 4.889000e-17 3.874000e-17 3.121000e-17 2.549000e-17 2.107000e-17 1.760000e-17 1.483000e-17 1.182000e-17 4.293000e-18 1.104000e-18 3.925000e-19
 39 1.000000e-76 1.000000e-76 1.000000e-76 5.134000e-66 1.097000e-34 8.346000e-29 1.852000e-24 3.681000e-21 5.845000e-19 7.257000e-18 6.972000e-17 1.797000e-16 3.012000e-16 4.794000e-16 5.327000e-16 5.211000e-16 4.823000e-16 4.349000e-16 3.457000e-16 2.757000e-16 2.332000e-16 1.560000e-16 1.100000e-16 8.082000e-17 6.126000e-17 4.759000e-17 3.771000e-17 3.039000e-17 2.482000e-17 2.052000e-17 1.714000e-17 1.444000e-17 1.152000e-17 4.184000e-18 1.076000e-18 3.827000e-19
 40 1.000000e-76 1.000000e-76 1.861000e-69 1.257000e-55 5.424000e-31 2.128000e-26 5.425000e-23 2.381000e-20 1.621000e-18 1.404000e-17 9.944000e-17 2.237000e-16 3.448000e-16 5.011000e-16 5.370000e-16 5.164000e-16 4.736000e-16 4.249000e-16 3.361000e-16 2.675000e-16 2.261000e-16 1.512000e-16 1.066000e-16 7.837000e-17 5.941000e-17 4.617000e-17 3.660000e-17 2.949000e-17 2.410000e-17 1.992000e-17 1.664000e-17 1.403000e-17 1.119000e-17 4.066000e-18 1.046000e-18 3.721000e-19
 41 1.000000e-76 3.740000e-47 6.517000e-36 2.395000e-30 1.371000e-20 7.769000e-19 1.372000e-17 1.061000e-16 3.593000e-16 5.949000e-16 7.951000e-16 7.937000e-16 7.411000e-16 6.536000e-16 6.141000e-16 5.858000e-16 5.567000e-16 5.248000e-16 4.580000e-16 3.950000e-16 3.511000e-16 2.584000e-16 1.939000e-16 1.486000e-16 1.162000e-16 9.237000e-17 7.453000e-17 6.091000e-17 5.034000e-17 4.201000e-17 3.537000e-17 3.001000e-17 2.411000e-17 8.969000e-18 2.341000e-18 8.366000e-19
 42 2.863000e-55 3.182000e-34 2.537000e-27 6.308000e-24 4.490000e-18 4.586000e-17 2.241000e-16 6.351000e-16 1.054000e-15 1.177000e-15 1.035000e-15 8.334000e-16 6.828000e-16 5.420000e-16 5.084000e-16 4.954000e-16 4.813000e-16 4.619000e-16 4.124000e-16 3.599000e-16 3.217000e-16 2.384000e-16 1.793000e-16 1.376000e-16 1.076000e-16 8.555000e-17 6.902000e-17 5.641000e-17 4.661000e-17 3.890000e-17 3.275000e-17 2.779000e-17 2.232000e-17 8.302000e-18 2.167000e-18 7.743000e-19
 43 6.247000e-28 1.365000e-20 2.936000e-18 3.792000e-17 2.086000e-15 3.510000e-15 4.434000e-15 4.389000e-15 3.504000e-15 2.659000e-15 1.599000e-15 1.071000e-15 7.813000e-16 5.476000e-16 4.940000e-16 4.759000e-16 4.608000e-16 4.418000e-16 3.942000e-16 3.439000e-16 3.073000e-16 2.276000e-16 1.711000e-16 1.312000e-16 1.026000e-16 8.154000e-17 6.578000e-17 5.375000e-17 4.442000e-17 3.707000e-17 3.120000e-17 2.647000e-17 2.127000e-17 7.908000e-18 2.064000e-18 7.376000e-19
 44 1.000000e-76 1.000000e-76 1.000000e-76 1.000000e-76 1.559000e-42 1.874000e-34 1.840000e-28 6.946000e-24 8.533000e-21 3.108000e-19 8.479000e-18 3.534000e-17 7.931000e-17 1.840000e-16 2.618000e-16 3.104000e-16 3.353000e-16 3.428000e-16 3.275000e-16 2.957000e-16 2.686000e-16 2.040000e-16 1.553000e-16 1.201000e-16 9.434000e-17 7.528000e-17 6.090000e-17 4.987000e-17 4.128000e-17 3.449000e-17 2.907000e-17 2.468000e-17 1.985000e-17 7.407000e-18 1.937000e-18 6.927000e-19
 45 1.000000e-76 1.160000e-45 4.958000e-35 9.021000e-30 1.458000e-20 6.489000e-19 9.563000e-18 6.397000e-17 1.929000e-16 2.951000e-16 3.530000e-16 3.266000e-16 2.902000e-16 2.636000e-16 2.830000e-16 3.080000e-16 3.242000e-16 3.295000e-16 3.159000e-16 2.870000e-16 2.618000e-16 2.003000e-16 1.533000e-16 1.188000e-16 9.357000e-17 7.479000e-17 6.057000e-17 4.965000e-17 4.113000e-17 3.439000e-17 2.900000e-17 2.464000e-17 1.983000e-17 7.408000e-18 1.939000e-18 6.938000e-19
 46 4.028000e-49 2.322000e-31 1.488000e-25 1.048000e-22 7.715000e-18 5.115000e-17 1.807000e-16 3.981000e-16 5.544000e-16 5.642000e-16 4.520000e-16 3.455000e-16 2.749000e-16 2.341000e-16 2.564000e-16 2.845000e-16 3.029000e-16 3.095000e-16 2.976000e-16 2.701000e-16 2.460000e-16 1.875000e-16 1.431000e-16 1.107000e-16 8.699000e-17 6.943000e-17 5.618000e-17 4.601000e-17 3.809000e-17 3.183000e-17 2.683000e-17 2.279000e-17 1.833000e-17 6.842000e-18 1.790000e-18 6.403000e-19
 47 1.000000e-76 2.452000e-60 6.194000e-45 2.741000e-37 8.727000e-24 2.555000e-21 1.546000e-19 3.103000e-18 2.010000e-17 4.600000e-17 8.175000e-17 9.209000e-17 9.672000e-17 1.277000e-16 1.719000e-16 2.085000e-16 2.320000e-16 2.431000e-16 2.401000e-16 2.211000e-16 2.027000e-16 1.562000e-16 1.199000e-16 9.307000e-17 7.335000e-17 5.865000e-17 4.752000e-17 3.897000e-17 3.229000e-17 2.701000e-17 2.278000e-17 1.936000e-17 1.558000e-17 5.829000e-18 1.528000e-18 5.466000e-19
 48 5.627000e-76 3.745000e-45 5.422000e-35 5.744000e-30 3.505000e-21 1.296000e-19 1.662000e-18 9.976000e-18 2.791000e-17 4.102000e-17 4.715000e-17 4.272000e-17 3.759000e-17 3.677000e-17 4.829000e-17 6.486000e-17 8.144000e-17 9.550000e-17 1.128000e-16 1.180000e-16 1.168000e-16 1.033000e-16 8.636000e-17 7.102000e-17 5.831000e-17 4.807000e-17 3.987000e-17 3.331000e-17 2.801000e-17 2.372000e-17 2.021000e-17 1.732000e-17 1.408000e-17 5.421000e-18 1.446000e-18 5.204000e-19
 49 1.000000e-76 1.000000e-76 1.000000e-76 1.000000e-76 1.000000e-76 3.919000e-63 2.389000e-48 6.228000e-37 4.378000e-29 5.141000e-25 4.041000e-21 2.402000e-19 2.619000e-18 3.089000e-17 8.364000e-17 1.376000e-16 1.808000e-16 2.104000e-16 2.352000e-16 2.326000e-16 2.217000e-16 1.823000e-16 1.452000e-16 1.155000e-16 9.257000e-17 7.494000e-17 6.128000e-17 5.060000e-17 4.216000e-17 3.542000e-17 2.998000e-17 2.555000e-17 2.064000e-17 7.789000e-18 2.051000e-18 7.349000e-19
 50 1.000000e-76 1.000000e-76 1.000000e-76 1.000000e-76 1.000000e-76 3.606000e-63 2.189000e-48 5.688000e-37 3.989000e-29 4.678000e-25 3.672000e-21 2.182000e-19 2.377000e-18 2.801000e-17 7.601000e-17 1.256000e-16 1.659000e-16 1.942000e-16 2.194000e-16 2.187000e-16 2.095000e-16 1.738000e-16 1.392000e-16 1.112000e-16 8.936000e-17 7.248000e-17 5.936000e-17 4.907000e-17 4.092000e-17 3.440000e-17 2.913000e-17 2.484000e-17 2.007000e-17 7.583000e-18 1.997000e-18 7.157000e-19
 51 1.000000e-76 1.000000e-76 1.000000e-76 1.000000e-76 1.000000e-76 4.329000e-63 2.503000e-48 6.263000e-37 4.279000e-29 4.949000e-25 3.832000e-21 2.261000e-19 2.452000e-18 2.868000e-17 7.738000e-17 1.274000e-16 1.679000e-16 1.964000e-16 2.219000e-16 2.214000e-16 2.122000e-16 1.764000e-16 1.416000e-16 1.132000e-16 9.110000e-17 7.397000e-17 6.063000e-17 5.016000e-17 4.185000e-17 3.520000e-17 2.983000e-17 2.544000e-17 2.057000e-17 7.784000e-18 2.052000e-18 7.359000e-19
 52 1.000000e-76 1.000000e-76 1.000000e-76 1.000000e-76 1.000000e-76 5.999000e-63 3.148000e-48 7.300000e-37 4.731000e-29 5.322000e-25 4.010000e-21 2.335000e-19 2.511000e-18 2.900000e-17 7.763000e-17 1.271000e-16 1.670000e-16 1.949000e-16 2.199000e-16 2.194000e-16 2.104000e-16 1.752000e-16 1.408000e-16 1.128000e-16 9.083000e-17 7.382000e-17 6.056000e-17 5.013000e-17 4.186000e-17 3.523000e-17 2.987000e-17 2.549000e-17 2.061000e-17 7.818000e-18 2.064000e-18 7.405000e-19
 53 1.000000e-76 1.000000e-76 1.000000e-76 1.000000e-76 1.000000e-76 9.661000e-63 4.379000e-48 9.064000e-37 5.427000e-29 5.855000e-25 4.235000e-21 2.418000e-19 2.567000e-18 2.917000e-17 7.727000e-17 1.257000e-16 1.644000e-16 1.913000e-16 2.153000e-16 2.147000e-16 2.059000e-16 1.716000e-16 1.381000e-16 1.108000e-16 8.931000e-17 7.265000e-17 5.965000e-17 4.943000e-17 4.130000e-17 3.478000e-17 2.950000e-17 2.519000e-17 2.039000e-17 7.748000e-18 2.049000e-18 7.355000e-19
 54 1.000000e-76 1.000000e-76 1.000000e-76 1.000000e-76 1.000000e-76 1.799000e-62 6.735000e-48 1.202000e-36 6.488000e-29 6.629000e-25 4.544000e-21 2.529000e-19 2.642000e-18 2.940000e-17 7.696000e-17 1.241000e-16 1.614000e-16 1.872000e-16 2.099000e-16 2.091000e-16 2.005000e-16 1.671000e-16 1.346000e-16 1.081000e-16 8.724000e-17 7.104000e-17 5.839000e-17 4.842000e-17 4.049000e-17 3.413000e-17 2.897000e-17 2.474000e-17 2.004000e-17 7.635000e-18 2.023000e-18 7.265000e-19
 55 1.000000e-76 1.000000e-76 1.000000e-76 1.000000e-76 1.000000e-76 6.073000e-68 9.961000e-52 3.361000e-39 1.403000e-30 4.214000e-26 8.337000e-22 7.681000e-20 1.093000e-18 1.717000e-17 5.247000e-17 9.228000e-17 1.268000e-16 1.527000e-16 1.797000e-16 1.844000e-16 1.797000e-16 1.540000e-16 1.262000e-16 1.024000e-16 8.337000e-17 6.831000e-17 5.642000e-17 4.697000e-17 3.941000e-17 3.330000e-17 2.833000e-17 2.425000e-17 1.969000e-17 7.553000e-18 2.010000e-18 7.231000e-19
 56 1.000000e-76 1.000000e-76 1.000000e-76 1.000000e-76 1.000000e-76 9.728000e-68 1.370000e-51 4.105000e-39 1.578000e-30 4.537000e-26 8.601000e-22 7.764000e-20 1.091000e-18 1.685000e-17 5.098000e-17 8.904000e-17 1.217000e-16 1.462000e-16 1.715000e-16 1.757000e-16 1.713000e-16 1.470000e-16 1.206000e-16 9.810000e-17 7.997000e-17 6.563000e-17 5.428000e-17 4.524000e-17 3.800000e-17 3.214000e-17 2.737000e-17 2.344000e-17 1.905000e-17 7.332000e-18 1.956000e-18 7.042000e-19
 57 1.000000e-76 1.000000e-76 1.000000e-76 1.000000e-76 1.000000e-76 1.834000e-67 2.110000e-51 5.404000e-39 1.862000e-30 5.054000e-26 9.054000e-22 7.955000e-20 1.099000e-18 1.663000e-17 4.968000e-17 8.601000e-17 1.169000e-16 1.397000e-16 1.631000e-16 1.669000e-16 1.625000e-16 1.396000e-16 1.147000e-16 9.343000e-17 7.630000e-17 6.272000e-17 5.195000e-17 4.336000e-17 3.647000e-17 3.088000e-17 2.632000e-17 2.256000e-17 1.836000e-17 7.091000e-18 1.897000e-18 6.836000e-19
 58 1.000000e-76 1.000000e-76 1.000000e-76 1.000000e-76 1.000000e-76 4.090000e-67 3.627000e-51 7.586000e-39 2.270000e-30 5.722000e-26 9.527000e-22 8.085000e-20 1.093000e-18 1.611000e-17 4.747000e-17 8.141000e-17 1.099000e-16 1.308000e-16 1.521000e-16 1.553000e-16 1.512000e-16 1.300000e-16 1.071000e-16 8.742000e-17 7.156000e-17 5.895000e-17 4.893000e-17 4.091000e-17 3.446000e-17 2.923000e-17 2.494000e-17 2.141000e-17 1.744000e-17 6.771000e-18 1.817000e-18 6.558000e-19
 59 1.000000e-76 1.000000e-76 1.000000e-76 1.000000e-76 1.000000e-76 1.000000e-76 1.983000e-62 2.334000e-46 2.838000e-35 1.700000e-29 6.368000e-24 2.377000e-21 7.982000e-20 3.258000e-18 1.526000e-17 3.403000e-17 5.432000e-17 7.260000e-17 9.768000e-17 1.089000e-16 1.112000e-16 1.037000e-16 8.958000e-17 7.550000e-17 6.321000e-17 5.297000e-17 4.454000e-17 3.764000e-17 3.197000e-17 2.731000e-17 2.344000e-17 2.022000e-17 1.656000e-17 6.542000e-18 1.775000e-18 6.427000e-19
 60 1.000000e-76 1.000000e-76 1.000000e-76 1.000000e-76 1.000000e-76 1.000000e-76 4.054000e-61 1.703000e-45 1.011000e-34 4.151000e-29 1.073000e-23 3.355000e-21 1.011000e-19 3.645000e-18 1.610000e-17 3.465000e-17 5.403000e-17 7.106000e-17 9.380000e-17 1.036000e-16 1.053000e-16 9.764000e-17 8.424000e-17 7.103000e-17 5.954000e-17 4.995000e-17 4.207000e-17 3.560000e-17 3.028000e-17 2.589000e-17 2.225000e-17 1.921000e-17 1.575000e-17 6.247000e-18 1.699000e-18 6.161000e-19
 61 1.000000e-76 1.000000e-76 1.000000e-76 1.000000e-76 1.000000e-76 1.000000e-76 9.617000e-60 1.350000e-44 3.742000e-34 1.027000e-28 1.788000e-23 4.635000e-21 1.244000e-19 3.935000e-18 1.633000e-17 3.391000e-17 5.168000e-17 6.694000e-17 8.688000e-17 9.517000e-17 9.644000e-17 8.915000e-17 7.694000e-17 6.497000e-17 5.458000e-17 4.590000e-17 3.874000e-17 3.285000e-17 2.800000e-17 2.398000e-17 2.064000e-17 1.785000e-17 1.466000e-17 5.850000e-18 1.598000e-18 5.803000e-19
 62 1.000000e-76 1.000000e-76 1.000000e-76 1.000000e-76 1.000000e-76 1.000000e-76 2.736000e-58 1.195000e-43 1.469000e-33 2.626000e-28 3.000000e-23 6.363000e-21 1.509000e-19 4.154000e-18 1.615000e-17 3.228000e-17 4.801000e-17 6.121000e-17 7.807000e-17 8.488000e-17 8.577000e-17 7.919000e-17 6.852000e-17 5.809000e-17 4.901000e-17 4.139000e-17 3.508000e-17 2.986000e-17 2.553000e-17 2.193000e-17 1.893000e-17 1.641000e-17 1.352000e-17 5.445000e-18 1.498000e-18 5.452000e-19
 63 1.000000e-76 1.000000e-76 7.773000e-56 2.236000e-45 8.242000e-27 2.223000e-23 7.117000e-21 5.217000e-19 8.321000e-18 3.063000e-17 8.663000e-17 1.183000e-16 1.263000e-16 1.066000e-16 8.400000e-17 7.004000e-17 6.344000e-17 6.143000e-17 6.302000e-17 6.532000e-17 6.596000e-17 6.298000e-17 5.655000e-17 4.942000e-17 4.272000e-17 3.678000e-17 3.166000e-17 2.729000e-17 2.358000e-17 2.043000e-17 1.776000e-17 1.549000e-17 1.286000e-17 5.291000e-18 1.475000e-18 5.394000e-19
 64 1.000000e-76 1.535000e-47 2.372000e-36 8.208000e-31 4.219000e-21 2.341000e-19 4.071000e-18 3.096000e-17 1.021000e-16 1.637000e-16 2.046000e-16 1.894000e-16 1.592000e-16 1.029000e-16 7.181000e-17 5.651000e-17 5.038000e-17 4.921000e-17 5.224000e-17 5.543000e-17 5.657000e-17 5.476000e-17 4.953000e-17 4.357000e-17 3.788000e-17 3.278000e-17 2.835000e-17 2.454000e-17 2.128000e-17 1.850000e-17 1.612000e-17 1.409000e-17 1.173000e-17 4.871000e-18 1.366000e-18 5.005000e-19
 65 1.000000e-76 1.000000e-76 2.139000e-63 3.362000e-51 1.662000e-29 1.767000e-25 1.582000e-22 2.581000e-20 7.184000e-19 3.547000e-18 1.338000e-17 2.097000e-17 2.435000e-17 2.271000e-17 1.983000e-17 2.025000e-17 2.373000e-17 2.871000e-17 3.809000e-17 4.389000e-17 4.607000e-17 4.592000e-17 4.210000e-17 3.743000e-17 3.285000e-17 2.868000e-17 2.499000e-17 2.178000e-17 1.900000e-17 1.659000e-17 1.453000e-17 1.275000e-17 1.066000e-17 4.490000e-18 1.271000e-18 4.674000e-19
 66 1.000000e-76 2.114000e-55 7.679000e-42 4.075000e-35 2.852000e-23 4.035000e-21 1.415000e-19 1.859000e-18 8.963000e-18 1.756000e-17 2.671000e-17 2.716000e-17 2.419000e-17 1.720000e-17 1.568000e-17 1.957000e-17 2.612000e-17 3.290000e-17 4.252000e-17 4.652000e-17 4.705000e-17 4.359000e-17 3.829000e-17 3.329000e-17 2.895000e-17 2.523000e-17 2.204000e-17 1.929000e-17 1.692000e-17 1.487000e-17 1.310000e-17 1.156000e-17 9.735000e-18 4.213000e-18 1.218000e-18 4.512000e-19
 67 1.000000e-76 1.000000e-76 1.000000e-76 1.000000e-76 1.000000e-76 1.000000e-76 1.000000e-76 1.000000e-76 3.516000e-61 3.899000e-48 2.033000e-35 1.897000e-29 7.796000e-26 6.878000e-22 3.670000e-20 3.167000e-19 1.171000e-18 2.742000e-18 7.217000e-18 1.176000e-17 1.468000e-17 1.947000e-17 2.125000e-17 2.134000e-17 2.053000e-17 1.924000e-17 1.772000e-17 1.615000e-17 1.461000e-17 1.315000e-17 1.180000e-17 1.058000e-17 9.062000e-18 4.104000e-18 1.214000e-18 4.533000e-19
 68 1.000000e-76 1.000000e-76 1.000000e-76 1.000000e-76 1.000000e-76 1.000000e-76 1.000000e-76 1.000000e-76 2.567000e-60 1.571000e-47 4.567000e-35 3.227000e-29 1.118000e-25 8.144000e-22 3.981000e-20 3.267000e-19 1.170000e-18 2.679000e-18 6.851000e-18 1.097000e-17 1.356000e-17 1.769000e-17 1.912000e-17 1.911000e-17 1.833000e-17 1.715000e-17 1.579000e-17 1.439000e-17 1.301000e-17 1.172000e-17 1.052000e-17 9.430000e-18 8.082000e-18 3.670000e-18 1.091000e-18 4.090000e-19
 69 1.000000e-76 1.000000e-76 1.000000e-76 1.000000e-76 1.000000e-76 1.000000e-76 1.000000e-76 1.000000e-76 2.235000e-59 7.173000e-47 1.105000e-34 5.773000e-29 1.662000e-25 9.830000e-22 4.368000e-20 3.395000e-19 1.174000e-18 2.623000e-18 6.504000e-18 1.021000e-17 1.249000e-17 1.599000e-17 1.709000e-17 1.697000e-17 1.621000e-17 1.513000e-17 1.391000e-17 1.266000e-17 1.145000e-17 1.030000e-17 9.250000e-18 8.291000e-18 7.107000e-18 3.228000e-18 9.596000e-19 3.593000e-19
 70 1.000000e-76 1.000000e-76 1.000000e-76 1.000000e-76 1.000000e-76 1.000000e-76 1.000000e-76 1.000000e-76 2.312000e-58 3.676000e-46 2.841000e-34 1.069000e-28 2.514000e-25 1.186000e-21 4.752000e-20 3.482000e-19 1.159000e-18 2.523000e-18 6.047000e-18 9.300000e-18 1.124000e-17 1.410000e-17 1.489000e-17 1.467000e-17 1.395000e-17 1.298000e-17 1.192000e-17 1.083000e-17 9.788000e-18 8.807000e-18 7.905000e-18 7.085000e-18 6.072000e-18 2.762000e-18 8.254000e-19 3.103000e-19
 71 1.000000e-76 1.000000e-76 1.000000e-76 1.000000e-76 1.000000e-76 1.000000e-76 1.000000e-76 1.000000e-76 1.000000e-76 1.123000e-69 8.997000e-49 6.578000e-39 6.684000e-33 2.843000e-26 2.574000e-23 1.116000e-21 1.166000e-20 5.601000e-20 3.645000e-19 1.013000e-18 1.680000e-18 3.560000e-18 5.063000e-18 6.038000e-18 6.552000e-18 6.717000e-18 6.634000e-18 6.387000e-18 6.042000e-18 5.643000e-18 5.224000e-18 4.806000e-18 4.244000e-18 2.113000e-18 6.711000e-19 2.583000e-19
 72 1.000000e-76 1.000000e-76 1.000000e-76 1.000000e-76 1.000000e-76 1.000000e-76 1.000000e-76 1.000000e-76 1.000000e-76 1.713000e-69 1.048000e-48 6.743000e-39 6.334000e-33 2.467000e-26 2.145000e-23 9.091000e-22 9.351000e-21 4.448000e-20 2.856000e-19 7.874000e-19 1.299000e-18 2.728000e-18 3.859000e-18 4.588000e-18 4.973000e-18 5.096000e-18 5.033000e-18 4.849000e-18 4.589000e-18 4.289000e-18 3.974000e-18 3.658000e-18 3.234000e-18 1.622000e-18 5.233000e-19 2.036000e-19
 73 1.000000e-76 1.000000e-76 1.000000e-76 1.000000e-76 1.000000e-76 1.000000e-76 1.000000e-76 1.000000e-76 1.000000e-76 3.096000e-72 1.856000e-50 3.536000e-40 6.471000e-34 5.324000e-27 6.522000e-24 3.361000e-22 3.920000e-21 2.034000e-20 1.458000e-19 4.285000e-19 7.312000e-19 1.623000e-18 2.366000e-18 2.869000e-18 3.153000e-18 3.265000e-18 3.253000e-18 3.155000e-18 3.003000e-18 2.820000e-18 2.624000e-18 2.424000e-18 2.154000e-18 1.106000e-18 3.699000e-19 1.471000e-19
 74 1.000000e-76 1.000000e-76 1.000000e-76 1.000000e-76 1.000000e-76 1.000000e-76 1.000000e-76 1.000000e-76 8.292000e-56 1.361000e-44 1.128000e-33 1.468000e-28 1.798000e-25 4.083000e-22 1.170000e-20 7.094000e-20 2.100000e-19 4.240000e-19 9.443000e-19 1.423000e-18 1.722000e-18 2.223000e-18 2.435000e-18 2.486000e-18 2.440000e-18 2.336000e-18 2.197000e-18 2.041000e-18 1.878000e-18 1.718000e-18 1.566000e-18 1.423000e-18 1.242000e-18 6.206000e-19 2.171000e-19 8.987000e-20
 75 1.000000e-76 1.000000e-76 1.000000e-76 1.000000e-76 1.000000e-76 1.000000e-76 1.000000e-76 1.000000e-76 1.000000e-76 1.000000e-76 1.000000e-76 1.000000e-76 1.000000e-76 1.000000e-76 1.000000e-76 1.000000e-76 9.661000e-66 2.594000e-57 1.057000e-46 2.042000e-40 4.609000e-37 1.723000e-31 2.413000e-28 2.375000e-26 5.418000e-25 5.099000e-24 2.703000e-23 9.683000e-23 2.624000e-22 5.794000e-22 1.095000e-21 1.837000e-21 3.248000e-21 1.294000e-20 1.465000e-20 8.605000e-21
 76 1.000000e-76 1.000000e-76 1.000000e-76 1.000000e-76 1.000000e-76 1.000000e-76 1.000000e-76 1.000000e-76 1.000000e-76 1.000000e-76 1.000000e-76 1.000000e-76 1.000000e-76 1.000000e-76 1.000000e-76 1.000000e-76 8.380000e-66 2.618000e-57 1.286000e-46 2.774000e-40 6.645000e-37 2.754000e-31 4.102000e-28 4.201000e-26 9.845000e-25 9.435000e-24 5.063000e-23 1.828000e-22 4.979000e-22 1.103000e-21 2.088000e-21 3.504000e-21 6.200000e-21 2.465000e-20 2.785000e-20 1.636000e-20
 77 1.000000e-76 1.000000e-76 1.000000e-76 1.000000e-76 1.000000e-76 1.000000e-76 1.000000e-76 1.000000e-76 1.000000e-76 1.000000e-76 1.000000e-76 1.000000e-76 1.000000e-76 1.000000e-76 1.000000e-76 1.000000e-76 1.000000e-76 1.000000e-76 1.000000e-76 1.000000e-76 1.000000e-76 1.000000e-76 1.000000e-76 1.000000e-76 1.000000e-76 1.000000e-76 1.000000e-76 1.000000e-76 1.000000e-76 1.000000e-76 1.000000e-76 1.000000e-76 1.000000e-76 1.000000e-76 1.000000e-76 1.000000e-76
