n   Temperature [K]
 36 5.802259e+03 1.160452e+04 1.740678e+04 2.320904e+04 5.802259e+04 8.123163e+04 1.160452e+05 1.740678e+05 2.669039e+05 3.713446e+05 6.034349e+05 8.587343e+05 1.160452e+06 1.914745e+06 2.727062e+06 3.597401e+06 4.525762e+06 5.512146e+06 7.600959e+06 9.805818e+06 1.160452e+07 1.672211e+07 2.233870e+07 2.847749e+07 3.516169e+07 4.241451e+07 5.025917e+07 5.871886e+07 6.781680e+07 7.757620e+07 8.802027e+07 9.917221e+07 1.160452e+08 2.320904e+08 5.802259e+08 1.160452e+09
Q   Rate [m3/s]
  1 4.418000e-19 2.674000e-19 1.951000e-19 1.543000e-19 6.869000e-20 5.010000e-20 3.705000e-20 3.306000e-20 4.231000e-20 5.573000e-20 7.556000e-20 8.527000e-20 8.898000e-20 8.611000e-20 7.859000e-20 7.032000e-20 6.235000e-20 5.504000e-20 4.307000e-20 3.424000e-20 2.898000e-20 1.945000e-20 1.377000e-20 1.014000e-20 7.703000e-21 5.994000e-21 4.756000e-21 3.835000e-21 3.135000e-21 2.594000e-21 2.167000e-21 1.827000e-21 1.457000e-21 5.300000e-22 1.364000e-22 4.852000e-23
  2 1.399000e-18 8.823000e-19 6.603000e-19 5.321000e-19 2.519000e-19 1.869000e-19 1.358000e-19 1.007000e-19 9.014000e-20 9.542000e-20 1.099000e-19 1.171000e-19 1.179000e-19 1.098000e-19 9.876000e-20 8.792000e-20 7.797000e-20 6.904000e-20 5.453000e-20 4.376000e-20 3.726000e-20 2.534000e-20 1.810000e-20 1.342000e-20 1.024000e-20 7.995000e-21 6.362000e-21 5.142000e-21 4.212000e-21 3.489000e-21 2.920000e-21 2.465000e-21 1.968000e-21 7.191000e-22 1.857000e-22 6.618000e-23
  3 2.965000e-18 1.933000e-18 1.479000e-18 1.211000e-18 6.058000e-19 4.588000e-19 3.386000e-19 2.449000e-19 1.930000e-19 1.780000e-19 1.736000e-19 1.705000e-19 1.640000e-19 1.448000e-19 1.266000e-19 1.113000e-19 9.818000e-20 8.693000e-20 6.894000e-20 5.571000e-20 4.771000e-20 3.285000e-20 2.369000e-20 1.768000e-20 1.357000e-20 1.064000e-20 8.496000e-21 6.887000e-21 5.654000e-21 4.693000e-21 3.934000e-21 3.325000e-21 2.660000e-21 9.776000e-22 2.538000e-22 9.070000e-23
  4 5.123000e-18 3.416000e-18 2.653000e-18 2.201000e-18 1.160000e-18 9.196000e-19 7.426000e-19 6.157000e-19 5.283000e-19 4.727000e-19 3.955000e-19 3.409000e-19 2.963000e-19 2.280000e-19 1.857000e-19 1.560000e-19 1.338000e-19 1.163000e-19 9.078000e-20 7.291000e-20 6.234000e-20 4.298000e-20 3.110000e-20 2.330000e-20 1.793000e-20 1.410000e-20 1.128000e-20 9.163000e-21 7.535000e-21 6.264000e-21 5.257000e-21 4.450000e-21 3.565000e-21 1.317000e-21 3.439000e-22 1.233000e-22
  5 7.860000e-18 5.316000e-18 4.180000e-18 3.497000e-18 1.905000e-18 1.523000e-18 1.228000e-18 9.971000e-19 8.249000e-19 7.154000e-19 5.716000e-19 4.777000e-19 4.051000e-19 3.011000e-19 2.398000e-19 1.989000e-19 1.689000e-19 1.458000e-19 1.132000e-19 9.108000e-20 7.816000e-20 5.432000e-20 3.960000e-20 2.986000e-20 2.310000e-20 1.824000e-20 1.465000e-20 1.194000e-20 9.842000e-21 8.201000e-21 6.896000e-21 5.847000e-21 4.695000e-21 1.748000e-21 4.599000e-22 1.657000e-22
  6 1.117000e-17 7.633000e-18 6.049000e-18 5.093000e-18 2.847000e-18 2.294000e-18 1.853000e-18 1.492000e-18 1.209000e-18 1.028000e-18 7.985000e-19 6.534000e-19 5.443000e-19 3.934000e-19 3.082000e-19 2.522000e-19 2.127000e-19 1.823000e-19 1.404000e-19 1.127000e-19 9.676000e-20 6.784000e-20 4.971000e-20 3.769000e-20 2.931000e-20 2.324000e-20 1.873000e-20 1.531000e-20 1.265000e-20 1.057000e-20 8.904000e-21 7.563000e-21 6.087000e-21 2.285000e-21 6.062000e-22 2.195000e-22
  7 1.505000e-17 1.036000e-17 8.256000e-18 6.992000e-18 4.030000e-18 3.317000e-18 2.735000e-18 2.224000e-18 1.786000e-18 1.495000e-18 1.127000e-18 9.026000e-19 7.384000e-19 5.183000e-19 3.984000e-19 3.219000e-19 2.682000e-19 2.290000e-19 1.744000e-19 1.394000e-19 1.195000e-19 8.379000e-20 6.193000e-20 4.708000e-20 3.675000e-20 2.925000e-20 2.365000e-20 1.938000e-20 1.606000e-20 1.344000e-20 1.135000e-20 9.655000e-21 7.788000e-21 2.948000e-21 7.889000e-22 2.873000e-22
  8 1.950000e-17 1.349000e-17 1.080000e-17 9.179000e-18 5.368000e-18 4.437000e-18 3.662000e-18 2.968000e-18 2.369000e-18 1.970000e-18 1.470000e-18 1.169000e-18 9.501000e-19 6.582000e-19 5.013000e-19 4.019000e-19 3.331000e-19 2.822000e-19 2.144000e-19 1.703000e-19 1.458000e-19 1.023000e-19 7.575000e-20 5.799000e-20 4.545000e-20 3.630000e-20 2.944000e-20 2.419000e-20 2.010000e-20 1.686000e-20 1.426000e-20 1.216000e-20 9.827000e-21 3.753000e-21 1.013000e-21 3.712000e-22
  9 2.451000e-17 1.702000e-17 1.367000e-17 1.166000e-17 6.878000e-18 5.676000e-18 4.676000e-18 3.775000e-18 3.001000e-18 2.490000e-18 1.851000e-18 1.466000e-18 1.189000e-18 8.190000e-19 6.200000e-19 4.946000e-19 4.080000e-19 3.448000e-19 2.599000e-19 2.063000e-19 1.760000e-19 1.233000e-19 9.153000e-20 7.041000e-20 5.541000e-20 4.440000e-20 3.612000e-20 2.976000e-20 2.478000e-20 2.083000e-20 1.766000e-20 1.508000e-20 1.222000e-20 4.706000e-21 1.282000e-21 4.727000e-22
 10 4.032000e-17 2.868000e-17 2.317000e-17 1.987000e-17 1.194000e-17 9.811000e-18 7.910000e-18 6.130000e-18 4.627000e-18 3.688000e-18 2.604000e-18 1.999000e-18 1.584000e-18 1.060000e-18 7.876000e-19 6.205000e-19 5.073000e-19 4.254000e-19 3.173000e-19 2.506000e-19 2.132000e-19 1.484000e-19 1.101000e-19 8.465000e-20 6.688000e-20 5.374000e-20 4.382000e-20 3.618000e-20 3.019000e-20 2.543000e-20 2.159000e-20 1.847000e-20 1.499000e-20 5.822000e-21 1.601000e-21 5.937000e-22
 11 3.816000e-17 2.894000e-17 2.438000e-17 2.144000e-17 1.365000e-17 1.137000e-17 9.267000e-18 7.262000e-18 5.528000e-18 4.430000e-18 3.144000e-18 2.420000e-18 1.919000e-18 1.284000e-18 9.533000e-19 7.496000e-19 6.117000e-19 5.120000e-19 3.816000e-19 2.993000e-19 2.551000e-19 1.772000e-19 1.314000e-19 1.015000e-19 8.025000e-20 6.482000e-20 5.302000e-20 4.389000e-20 3.671000e-20 3.099000e-20 2.636000e-20 2.259000e-20 1.838000e-20 7.203000e-21 1.999000e-21 7.455000e-22
 12 5.451000e-17 4.046000e-17 3.277000e-17 2.816000e-17 1.708000e-17 1.409000e-17 1.140000e-17 8.881000e-18 6.739000e-18 5.416000e-18 3.878000e-18 3.012000e-18 2.407000e-18 1.625000e-18 1.211000e-18 9.526000e-19 7.747000e-19 6.460000e-19 4.767000e-19 3.722000e-19 3.149000e-19 2.176000e-19 1.603000e-19 1.246000e-19 9.849000e-20 7.975000e-20 6.605000e-20 5.562000e-20 4.709000e-20 4.043000e-20 3.502000e-20 3.057000e-20 2.531000e-20 1.068000e-20 3.201000e-21 1.249000e-21
 13 6.274000e-17 4.724000e-17 3.831000e-17 3.295000e-17 2.008000e-17 1.661000e-17 1.349000e-17 1.055000e-17 8.075000e-18 6.548000e-18 4.782000e-18 3.780000e-18 3.070000e-18 2.131000e-18 1.620000e-18 1.293000e-18 1.065000e-18 8.980000e-19 6.735000e-19 5.333000e-19 4.541000e-19 3.192000e-19 2.381000e-19 1.862000e-19 1.495000e-19 1.221000e-19 1.013000e-19 8.549000e-20 7.304000e-20 6.267000e-20 5.435000e-20 4.748000e-20 3.967000e-20 1.687000e-20 5.053000e-21 1.959000e-21
 14 7.073000e-17 5.414000e-17 4.427000e-17 3.811000e-17 2.332000e-17 1.932000e-17 1.574000e-17 1.237000e-17 9.547000e-18 7.808000e-18 5.799000e-18 4.645000e-18 3.817000e-18 2.698000e-18 2.076000e-18 1.674000e-18 1.389000e-18 1.177000e-18 8.921000e-19 7.097000e-19 6.093000e-19 4.307000e-19 3.250000e-19 2.542000e-19 2.056000e-19 1.687000e-19 1.404000e-19 1.186000e-19 1.014000e-19 8.755000e-20 7.583000e-20 6.627000e-20 5.540000e-20 2.384000e-20 7.164000e-21 2.775000e-21
 15 7.908000e-17 6.103000e-17 5.065000e-17 4.364000e-17 2.680000e-17 2.225000e-17 1.821000e-17 1.448000e-17 1.141000e-17 9.486000e-18 7.196000e-18 5.819000e-18 4.806000e-18 3.415000e-18 2.636000e-18 2.131000e-18 1.773000e-18 1.507000e-18 1.144000e-18 9.131000e-19 7.834000e-19 5.575000e-19 4.221000e-19 3.308000e-19 2.672000e-19 2.209000e-19 1.841000e-19 1.555000e-19 1.329000e-19 1.147000e-19 9.986000e-20 8.712000e-20 7.286000e-20 3.163000e-20 9.549000e-21 3.702000e-21
 16 8.789000e-17 6.834000e-17 5.746000e-17 4.953000e-17 3.051000e-17 2.540000e-17 2.092000e-17 1.682000e-17 1.344000e-17 1.128000e-17 8.643000e-18 7.023000e-18 5.819000e-18 4.156000e-18 3.218000e-18 2.608000e-18 2.176000e-18 1.852000e-18 1.412000e-18 1.130000e-18 9.715000e-19 6.934000e-19 5.252000e-19 4.141000e-19 3.341000e-19 2.764000e-19 2.316000e-19 1.959000e-19 1.673000e-19 1.444000e-19 1.257000e-19 1.101000e-19 9.197000e-20 4.024000e-20 1.222000e-20 4.746000e-21
 17 9.677000e-17 7.607000e-17 6.469000e-17 5.580000e-17 3.451000e-17 2.890000e-17 2.405000e-17 1.964000e-17 1.590000e-17 1.345000e-17 1.034000e-17 8.403000e-18 6.963000e-18 4.975000e-18 3.857000e-18 3.128000e-18 2.614000e-18 2.229000e-18 1.703000e-18 1.364000e-18 1.174000e-18 8.402000e-19 6.372000e-19 5.041000e-19 4.069000e-19 3.359000e-19 2.828000e-19 2.393000e-19 2.048000e-19 1.766000e-19 1.536000e-19 1.346000e-19 1.127000e-19 4.961000e-20 1.515000e-20 5.902000e-21
 18 1.695000e-16 1.373000e-16 1.181000e-16 1.054000e-16 6.985000e-17 5.845000e-17 4.823000e-17 3.855000e-17 3.020000e-17 2.483000e-17 1.836000e-17 1.458000e-17 1.187000e-17 8.281000e-18 6.325000e-18 5.074000e-18 4.202000e-18 3.557000e-18 2.685000e-18 2.131000e-18 1.821000e-18 1.277000e-18 9.546000e-19 7.433000e-19 5.980000e-19 4.891000e-19 4.071000e-19 3.446000e-19 2.930000e-19 2.518000e-19 2.180000e-19 1.900000e-19 1.586000e-19 6.947000e-20 2.320000e-20 9.604000e-21
 19 1.322000e-16 1.102000e-16 9.626000e-17 8.707000e-17 5.915000e-17 4.953000e-17 4.089000e-17 3.273000e-17 2.568000e-17 2.117000e-17 1.572000e-17 1.255000e-17 1.027000e-17 7.243000e-18 5.581000e-18 4.512000e-18 3.759000e-18 3.200000e-18 2.437000e-18 1.947000e-18 1.673000e-18 1.188000e-18 8.985000e-19 7.039000e-19 5.694000e-19 4.667000e-19 3.892000e-19 3.305000e-19 2.819000e-19 2.427000e-19 2.107000e-19 1.833000e-19 1.535000e-19 6.757000e-20 2.271000e-20 9.524000e-21
 20 2.531000e-16 1.988000e-16 1.703000e-16 1.526000e-16 1.025000e-16 8.652000e-17 7.223000e-17 5.879000e-17 4.649000e-17 3.796000e-17 2.791000e-17 2.216000e-17 1.810000e-17 1.279000e-17 9.916000e-18 8.080000e-18 6.796000e-18 5.841000e-18 4.546000e-18 3.707000e-18 3.230000e-18 2.379000e-18 1.855000e-18 1.496000e-18 1.236000e-18 1.041000e-18 8.870000e-19 7.648000e-19 6.666000e-19 5.836000e-19 5.151000e-19 4.565000e-19 3.886000e-19 1.866000e-19 6.744000e-20 2.878000e-20
 21 2.767000e-16 2.204000e-16 1.908000e-16 1.717000e-16 1.194000e-16 1.022000e-16 8.674000e-17 7.228000e-17 5.875000e-17 4.829000e-17 3.593000e-17 2.881000e-17 2.376000e-17 1.710000e-17 1.347000e-17 1.112000e-17 9.459000e-18 8.210000e-18 6.498000e-18 5.372000e-18 4.727000e-18 3.555000e-18 2.816000e-18 2.304000e-18 1.926000e-18 1.639000e-18 1.409000e-18 1.225000e-18 1.074000e-18 9.493000e-19 8.418000e-19 7.517000e-19 6.441000e-19 3.187000e-19 1.175000e-19 5.087000e-20
