n   Temperature [K]
 36 5.802259e+03 1.160452e+04 1.740678e+04 2.320904e+04 5.802259e+04 8.123163e+04 1.160452e+05 1.740678e+05 2.669039e+05 3.713446e+05 6.034349e+05 8.587343e+05 1.160452e+06 1.914745e+06 2.727062e+06 3.597401e+06 4.525762e+06 5.512146e+06 7.600959e+06 9.805818e+06 1.160452e+07 1.672211e+07 2.233870e+07 2.847749e+07 3.516169e+07 4.241451e+07 5.025917e+07 5.871886e+07 6.781680e+07 7.757620e+07 8.802027e+07 9.917221e+07 1.160452e+08 2.320904e+08 5.802259e+08 1.160452e+09
Q   Rate [m3/s]
  1 1.256000e-18 8.038000e-19 6.064000e-19 4.914000e-19 2.361000e-19 1.757000e-19 1.265000e-19 8.527000e-20 5.547000e-20 3.893000e-20 2.275000e-20 1.491000e-20 1.033000e-20 5.774000e-21 3.839000e-21 2.740000e-21 2.063000e-21 1.612000e-21 1.074000e-21 7.755000e-22 6.243000e-22 3.883000e-22 2.656000e-22 1.928000e-22 1.457000e-22 1.135000e-22 9.043000e-23 7.339000e-23 6.046000e-23 5.043000e-23 4.252000e-23 3.617000e-23 2.923000e-23 1.135000e-23 3.208000e-24 1.225000e-24
  2 2.511000e-18 1.642000e-18 1.261000e-18 1.036000e-18 5.228000e-19 3.969000e-19 2.917000e-19 2.016000e-19 1.335000e-19 9.568000e-20 5.723000e-20 3.887000e-20 2.752000e-20 1.506000e-20 9.927000e-21 7.267000e-21 5.525000e-21 4.350000e-21 2.926000e-21 2.127000e-21 1.719000e-21 1.078000e-21 7.414000e-22 5.403000e-22 4.098000e-22 3.200000e-22 2.557000e-22 2.079000e-22 1.716000e-22 1.434000e-22 1.210000e-22 1.031000e-22 8.347000e-23 3.262000e-23 9.291000e-24 3.563000e-24
  3 7.115000e-18 4.849000e-18 3.841000e-18 3.238000e-18 1.815000e-18 1.446000e-18 1.124000e-18 8.316000e-19 5.940000e-19 4.516000e-19 2.948000e-19 2.125000e-19 1.589000e-19 9.558000e-20 6.588000e-20 4.851000e-20 3.784000e-20 3.025000e-20 2.021000e-20 1.484000e-20 1.216000e-20 8.047000e-21 5.711000e-21 4.244000e-21 3.269000e-21 2.586000e-21 2.088000e-21 1.713000e-21 1.426000e-21 1.200000e-21 1.020000e-21 8.736000e-22 7.122000e-22 2.863000e-22 8.396000e-23 3.277000e-23
  4 1.053000e-17 7.234000e-18 5.758000e-18 4.881000e-18 2.781000e-18 2.234000e-18 1.752000e-18 1.311000e-18 9.485000e-19 7.290000e-19 4.835000e-19 3.524000e-19 2.660000e-19 1.630000e-19 1.132000e-19 8.439000e-20 6.551000e-20 5.278000e-20 3.660000e-20 2.659000e-20 2.164000e-20 1.406000e-20 1.017000e-20 7.622000e-21 5.894000e-21 4.677000e-21 3.787000e-21 3.115000e-21 2.597000e-21 2.190000e-21 1.864000e-21 1.599000e-21 1.306000e-21 5.285000e-22 1.561000e-22 6.117000e-23
  5 1.455000e-17 1.005000e-17 8.043000e-18 6.838000e-18 3.957000e-18 3.188000e-18 2.522000e-18 1.903000e-18 1.391000e-18 1.078000e-18 7.241000e-19 5.330000e-19 4.052000e-19 2.511000e-19 1.761000e-19 1.319000e-19 1.035000e-19 8.332000e-20 5.872000e-20 4.344000e-20 3.516000e-20 2.254000e-20 1.610000e-20 1.229000e-20 9.555000e-21 7.604000e-21 6.172000e-21 5.088000e-21 4.250000e-21 3.588000e-21 3.058000e-21 2.628000e-21 2.150000e-21 8.750000e-22 2.599000e-22 1.022000e-22
  6 1.917000e-17 1.330000e-17 1.067000e-17 9.096000e-18 5.328000e-18 4.317000e-18 3.431000e-18 2.607000e-18 1.921000e-18 1.499000e-18 1.018000e-18 7.554000e-19 5.785000e-19 3.621000e-19 2.559000e-19 1.926000e-19 1.515000e-19 1.230000e-19 8.623000e-20 6.567000e-20 5.345000e-20 3.393000e-20 2.400000e-20 1.816000e-20 1.438000e-20 1.147000e-20 9.330000e-21 7.707000e-21 6.447000e-21 5.452000e-21 4.653000e-21 4.003000e-21 3.279000e-21 1.342000e-21 4.008000e-22 1.581000e-22
  7 2.570000e-17 1.790000e-17 1.441000e-17 1.233000e-17 7.312000e-18 5.965000e-18 4.762000e-18 3.657000e-18 2.724000e-18 2.144000e-18 1.477000e-18 1.109000e-18 8.569000e-19 5.449000e-19 3.887000e-19 2.956000e-19 2.336000e-19 1.903000e-19 1.355000e-19 1.020000e-19 8.512000e-20 5.473000e-20 3.832000e-20 2.872000e-20 2.255000e-20 1.832000e-20 1.527000e-20 1.243000e-20 1.042000e-20 8.832000e-21 7.552000e-21 6.507000e-21 5.342000e-21 2.203000e-21 6.630000e-22 2.627000e-22
  8 3.168000e-17 2.212000e-17 1.784000e-17 1.528000e-17 9.134000e-18 7.479000e-18 5.998000e-18 4.625000e-18 3.464000e-18 2.739000e-18 1.901000e-18 1.435000e-18 1.115000e-18 7.155000e-19 5.134000e-19 3.916000e-19 3.114000e-19 2.538000e-19 1.809000e-19 1.372000e-19 1.138000e-19 7.525000e-20 5.239000e-20 3.904000e-20 3.048000e-20 2.462000e-20 2.042000e-20 1.729000e-20 1.424000e-20 1.209000e-20 1.035000e-20 8.923000e-21 7.335000e-21 3.039000e-21 9.188000e-22 3.650000e-22
  9 2.494000e-17 1.736000e-17 1.396000e-17 1.192000e-17 7.002000e-18 5.674000e-18 4.501000e-18 3.405000e-18 2.490000e-18 1.927000e-18 1.290000e-18 9.463000e-19 7.174000e-19 4.414000e-19 3.065000e-19 2.280000e-19 1.775000e-19 1.426000e-19 9.891000e-20 7.382000e-20 6.026000e-20 3.901000e-20 2.770000e-20 2.087000e-20 1.639000e-20 1.288000e-20 1.044000e-20 8.595000e-21 7.173000e-21 6.054000e-21 5.153000e-21 4.424000e-21 3.616000e-21 1.467000e-21 4.341000e-22 1.704000e-22
 10 2.998000e-17 2.095000e-17 1.689000e-17 1.444000e-17 8.556000e-18 6.972000e-18 5.558000e-18 4.234000e-18 3.121000e-18 2.431000e-18 1.644000e-18 1.216000e-18 9.273000e-19 5.763000e-19 4.034000e-19 3.018000e-19 2.354000e-19 1.902000e-19 1.321000e-19 9.942000e-20 8.146000e-20 5.258000e-20 3.753000e-20 2.809000e-20 2.198000e-20 1.750000e-20 1.421000e-20 1.172000e-20 9.793000e-21 8.277000e-21 7.056000e-21 6.064000e-21 4.962000e-21 2.022000e-21 6.015000e-22 2.367000e-22
 11 3.537000e-17 2.476000e-17 1.999000e-17 1.712000e-17 1.022000e-17 8.359000e-18 6.684000e-18 5.127000e-18 3.804000e-18 2.980000e-18 2.033000e-18 1.512000e-18 1.160000e-18 7.280000e-19 5.132000e-19 3.852000e-19 3.019000e-19 2.431000e-19 1.707000e-19 1.276000e-19 1.058000e-19 6.827000e-20 4.841000e-20 3.633000e-20 2.837000e-20 2.284000e-20 1.852000e-20 1.530000e-20 1.280000e-20 1.083000e-20 9.235000e-21 7.943000e-21 6.505000e-21 2.661000e-21 7.940000e-22 3.131000e-22
 12 4.134000e-17 2.905000e-17 2.349000e-17 2.014000e-17 1.211000e-17 9.933000e-18 7.979000e-18 6.151000e-18 4.594000e-18 3.618000e-18 2.490000e-18 1.863000e-18 1.438000e-18 9.097000e-19 6.459000e-19 4.879000e-19 3.840000e-19 3.112000e-19 2.192000e-19 1.638000e-19 1.355000e-19 8.838000e-20 6.265000e-20 4.711000e-20 3.667000e-20 2.945000e-20 2.421000e-20 1.992000e-20 1.669000e-20 1.414000e-20 1.209000e-20 1.040000e-20 8.528000e-21 3.504000e-21 1.050000e-21 4.153000e-22
 13 4.780000e-17 3.372000e-17 2.730000e-17 2.345000e-17 1.417000e-17 1.165000e-17 9.404000e-18 7.282000e-18 5.470000e-18 4.331000e-18 3.004000e-18 2.263000e-18 1.755000e-18 1.121000e-18 8.017000e-19 6.094000e-19 4.806000e-19 3.902000e-19 2.751000e-19 2.078000e-19 1.712000e-19 1.130000e-19 7.995000e-20 6.000000e-20 4.694000e-20 3.749000e-20 3.076000e-20 2.571000e-20 2.141000e-20 1.815000e-20 1.554000e-20 1.340000e-20 1.100000e-20 4.539000e-21 1.367000e-21 5.419000e-22
 14 5.475000e-17 3.880000e-17 3.145000e-17 2.704000e-17 1.642000e-17 1.354000e-17 1.096000e-17 8.523000e-18 6.438000e-18 5.121000e-18 3.579000e-18 2.711000e-18 2.113000e-18 1.361000e-18 9.785000e-19 7.472000e-19 5.926000e-19 4.830000e-19 3.422000e-19 2.597000e-19 2.144000e-19 1.421000e-19 1.005000e-19 7.571000e-20 5.893000e-20 4.717000e-20 3.863000e-20 3.223000e-20 2.731000e-20 2.297000e-20 1.967000e-20 1.699000e-20 1.399000e-20 5.795000e-21 1.753000e-21 6.969000e-22
 15 6.145000e-17 4.430000e-17 3.594000e-17 3.092000e-17 1.885000e-17 1.558000e-17 1.264000e-17 9.870000e-18 7.498000e-18 5.989000e-18 4.215000e-18 3.210000e-18 2.514000e-18 1.633000e-18 1.180000e-18 9.065000e-19 7.221000e-19 5.895000e-19 4.206000e-19 3.183000e-19 2.651000e-19 1.751000e-19 1.253000e-19 9.388000e-20 7.330000e-20 5.881000e-20 4.803000e-20 4.001000e-20 3.384000e-20 2.869000e-20 2.459000e-20 2.125000e-20 1.752000e-20 7.303000e-21 2.220000e-21 8.846000e-22
 16 6.842000e-17 5.008000e-17 4.077000e-17 3.510000e-17 2.148000e-17 1.779000e-17 1.448000e-17 1.134000e-17 8.652000e-18 6.937000e-18 4.914000e-18 3.761000e-18 2.959000e-18 1.936000e-18 1.408000e-18 1.085000e-18 8.675000e-19 7.125000e-19 5.099000e-19 3.872000e-19 3.226000e-19 2.137000e-19 1.543000e-19 1.154000e-19 9.029000e-20 7.230000e-20 5.932000e-20 4.919000e-20 4.155000e-20 3.555000e-20 3.038000e-20 2.627000e-20 2.168000e-20 9.093000e-21 2.777000e-21 1.109000e-21
 17 7.581000e-17 5.623000e-17 4.596000e-17 3.960000e-17 2.430000e-17 2.017000e-17 1.645000e-17 1.293000e-17 9.903000e-18 7.969000e-18 5.679000e-18 4.367000e-18 3.450000e-18 2.275000e-18 1.663000e-18 1.286000e-18 1.033000e-18 8.500000e-19 6.118000e-19 4.667000e-19 3.883000e-19 2.591000e-19 1.874000e-19 1.408000e-19 1.097000e-19 8.819000e-20 7.217000e-20 6.025000e-20 5.058000e-20 4.322000e-20 3.734000e-20 3.214000e-20 2.654000e-20 1.120000e-20 3.436000e-21 1.377000e-21
 18 8.361000e-17 6.277000e-17 5.154000e-17 4.443000e-17 2.735000e-17 2.273000e-17 1.859000e-17 1.465000e-17 1.126000e-17 9.091000e-18 6.514000e-18 5.032000e-18 3.991000e-18 2.649000e-18 1.947000e-18 1.512000e-18 1.218000e-18 1.005000e-18 7.271000e-19 5.573000e-19 4.650000e-19 3.117000e-19 2.246000e-19 1.702000e-19 1.325000e-19 1.066000e-19 8.731000e-20 7.272000e-20 6.119000e-20 5.222000e-20 4.506000e-20 3.925000e-20 3.222000e-20 1.368000e-20 4.217000e-21 1.694000e-21
 19 9.149000e-17 6.966000e-17 5.748000e-17 4.957000e-17 3.059000e-17 2.546000e-17 2.085000e-17 1.647000e-17 1.270000e-17 1.029000e-17 7.415000e-18 5.752000e-18 4.579000e-18 3.060000e-18 2.259000e-18 1.761000e-18 1.423000e-18 1.179000e-18 8.570000e-19 6.585000e-19 5.507000e-19 3.706000e-19 2.675000e-19 2.043000e-19 1.589000e-19 1.274000e-19 1.050000e-19 8.709000e-20 7.359000e-20 6.256000e-20 5.392000e-20 4.692000e-20 3.873000e-20 1.653000e-20 5.120000e-21 2.062000e-21
 20 9.916000e-17 7.693000e-17 6.360000e-17 5.505000e-17 3.405000e-17 2.837000e-17 2.328000e-17 1.844000e-17 1.426000e-17 1.159000e-17 8.385000e-18 6.530000e-18 5.218000e-18 3.509000e-18 2.602000e-18 2.037000e-18 1.649000e-18 1.370000e-18 1.001000e-18 7.715000e-19 6.473000e-19 4.365000e-19 3.164000e-19 2.411000e-19 1.888000e-19 1.513000e-19 1.244000e-19 1.037000e-19 8.743000e-20 7.476000e-20 6.411000e-20 5.573000e-20 4.643000e-20 1.981000e-20 6.165000e-21 2.489000e-21
 21 1.007000e-16 7.814000e-17 6.357000e-17 5.486000e-17 3.394000e-17 2.828000e-17 2.321000e-17 1.838000e-17 1.421000e-17 1.154000e-17 8.344000e-18 6.496000e-18 5.210000e-18 3.618000e-18 2.841000e-18 2.377000e-18 2.061000e-18 1.824000e-18 1.494000e-18 1.268000e-18 1.133000e-18 8.770000e-19 7.088000e-19 5.877000e-19 4.976000e-19 4.254000e-19 3.680000e-19 3.215000e-19 2.823000e-19 2.494000e-19 2.210000e-19 1.966000e-19 1.677000e-19 7.676000e-20 2.368000e-20 9.119000e-21
 22 1.081000e-16 8.486000e-17 6.933000e-17 5.984000e-17 3.710000e-17 3.095000e-17 2.541000e-17 2.017000e-17 1.563000e-17 1.273000e-17 9.237000e-18 7.215000e-18 5.803000e-18 4.049000e-18 3.187000e-18 2.669000e-18 2.315000e-18 2.050000e-18 1.680000e-18 1.425000e-18 1.271000e-18 9.834000e-19 7.933000e-19 6.565000e-19 5.556000e-19 4.745000e-19 4.101000e-19 3.579000e-19 3.143000e-19 2.776000e-19 2.464000e-19 2.190000e-19 1.870000e-19 8.602000e-20 2.667000e-20 1.030000e-20
 23 1.152000e-16 9.131000e-17 7.533000e-17 6.504000e-17 4.038000e-17 3.371000e-17 2.772000e-17 2.203000e-17 1.713000e-17 1.396000e-17 1.020000e-17 8.062000e-18 6.612000e-18 4.828000e-18 3.904000e-18 3.307000e-18 2.874000e-18 2.540000e-18 2.058000e-18 1.727000e-18 1.530000e-18 1.163000e-18 9.268000e-19 7.597000e-19 6.372000e-19 5.428000e-19 4.666000e-19 4.053000e-19 3.551000e-19 3.127000e-19 2.770000e-19 2.464000e-19 2.097000e-19 9.639000e-20 2.992000e-20 1.157000e-20
 24 1.221000e-16 9.801000e-17 8.158000e-17 7.046000e-17 4.381000e-17 3.660000e-17 3.014000e-17 2.399000e-17 1.867000e-17 1.526000e-17 1.119000e-17 8.868000e-18 7.290000e-18 5.341000e-18 4.326000e-18 3.667000e-18 3.188000e-18 2.816000e-18 2.281000e-18 1.914000e-18 1.698000e-18 1.289000e-18 1.025000e-18 8.403000e-19 7.034000e-19 5.995000e-19 5.148000e-19 4.472000e-19 3.913000e-19 3.450000e-19 3.052000e-19 2.715000e-19 2.313000e-19 1.068000e-19 3.332000e-20 1.292000e-20
 25 1.291000e-16 1.050000e-16 8.808000e-17 7.609000e-17 4.737000e-17 3.961000e-17 3.263000e-17 2.603000e-17 2.030000e-17 1.662000e-17 1.222000e-17 9.713000e-18 8.003000e-18 5.882000e-18 4.771000e-18 4.046000e-18 3.519000e-18 3.110000e-18 2.518000e-18 2.113000e-18 1.873000e-18 1.422000e-18 1.129000e-18 9.249000e-19 7.731000e-19 6.582000e-19 5.657000e-19 4.908000e-19 4.293000e-19 3.783000e-19 3.348000e-19 2.978000e-19 2.543000e-19 1.178000e-19 3.692000e-20 1.435000e-20
 26 1.364000e-16 1.121000e-16 9.483000e-17 8.193000e-17 5.107000e-17 4.273000e-17 3.524000e-17 2.814000e-17 2.199000e-17 1.804000e-17 1.330000e-17 1.060000e-17 8.747000e-18 6.447000e-18 5.237000e-18 4.445000e-18 3.866000e-18 3.418000e-18 2.768000e-18 2.323000e-18 2.057000e-18 1.561000e-18 1.239000e-18 1.015000e-18 8.476000e-19 7.207000e-19 6.203000e-19 5.374000e-19 4.703000e-19 4.138000e-19 3.666000e-19 3.258000e-19 2.782000e-19 1.295000e-19 4.080000e-20 1.590000e-20
 27 1.430000e-16 1.195000e-16 1.018000e-16 8.799000e-17 5.490000e-17 4.597000e-17 3.793000e-17 3.033000e-17 2.375000e-17 1.951000e-17 1.443000e-17 1.152000e-17 9.527000e-18 7.041000e-18 5.726000e-18 4.864000e-18 4.234000e-18 3.741000e-18 3.032000e-18 2.542000e-18 2.252000e-18 1.708000e-18 1.355000e-18 1.109000e-18 9.264000e-19 7.861000e-19 6.770000e-19 5.865000e-19 5.126000e-19 4.511000e-19 3.994000e-19 3.551000e-19 3.033000e-19 1.418000e-19 4.489000e-20 1.754000e-20
 28 1.496000e-16 1.265000e-16 1.085000e-16 9.427000e-17 5.887000e-17 4.933000e-17 4.074000e-17 3.261000e-17 2.558000e-17 2.104000e-17 1.560000e-17 1.248000e-17 1.034000e-17 7.664000e-18 6.241000e-18 5.305000e-18 4.617000e-18 4.082000e-18 3.308000e-18 2.773000e-18 2.458000e-18 1.864000e-18 1.479000e-18 1.208000e-18 1.009000e-18 8.550000e-19 7.354000e-19 6.384000e-19 5.572000e-19 4.905000e-19 4.339000e-19 3.861000e-19 3.295000e-19 1.547000e-19 4.919000e-20 1.927000e-20
 29 1.563000e-16 1.334000e-16 1.151000e-16 1.008000e-16 6.297000e-17 5.280000e-17 4.364000e-17 3.497000e-17 2.745000e-17 2.261000e-17 1.682000e-17 1.351000e-17 1.123000e-17 8.369000e-18 6.830000e-18 5.810000e-18 5.058000e-18 4.471000e-18 3.620000e-18 3.032000e-18 2.685000e-18 2.036000e-18 1.614000e-18 1.316000e-18 1.098000e-18 9.302000e-19 7.991000e-19 6.942000e-19 6.055000e-19 5.325000e-19 4.709000e-19 4.189000e-19 3.576000e-19 1.684000e-19 5.379000e-20 2.113000e-20
 30 1.628000e-16 1.406000e-16 1.219000e-16 1.075000e-16 6.721000e-17 5.638000e-17 4.664000e-17 3.739000e-17 2.941000e-17 2.426000e-17 1.807000e-17 1.455000e-17 1.212000e-17 9.054000e-18 7.399000e-18 6.298000e-18 5.485000e-18 4.850000e-18 3.926000e-18 3.289000e-18 2.911000e-18 2.208000e-18 1.748000e-18 1.425000e-18 1.189000e-18 1.007000e-18 8.639000e-19 7.501000e-19 6.554000e-19 5.756000e-19 5.094000e-19 4.526000e-19 3.868000e-19 1.829000e-19 5.859000e-20 2.307000e-20
 31 1.688000e-16 1.479000e-16 1.289000e-16 1.144000e-16 7.159000e-17 6.008000e-17 4.974000e-17 3.992000e-17 3.143000e-17 2.596000e-17 1.938000e-17 1.563000e-17 1.304000e-17 9.761000e-18 7.987000e-18 6.802000e-18 5.926000e-18 5.240000e-18 4.245000e-18 3.557000e-18 3.148000e-18 2.386000e-18 1.889000e-18 1.541000e-18 1.285000e-18 1.088000e-18 9.329000e-19 8.096000e-19 7.079000e-19 6.215000e-19 5.496000e-19 4.883000e-19 4.172000e-19 1.978000e-19 6.371000e-20 2.516000e-20
 32 1.749000e-16 1.553000e-16 1.361000e-16 1.215000e-16 7.611000e-17 6.390000e-17 5.293000e-17 4.252000e-17 3.352000e-17 2.772000e-17 2.073000e-17 1.675000e-17 1.399000e-17 1.050000e-17 8.599000e-18 7.329000e-18 6.387000e-18 5.650000e-18 4.577000e-18 3.836000e-18 3.396000e-18 2.574000e-18 2.038000e-18 1.663000e-18 1.385000e-18 1.173000e-18 1.005000e-18 8.712000e-19 7.625000e-19 6.699000e-19 5.917000e-19 5.261000e-19 4.490000e-19 2.133000e-19 6.907000e-20 2.734000e-20
 33 1.810000e-16 1.624000e-16 1.434000e-16 1.282000e-16 8.076000e-17 6.783000e-17 5.622000e-17 4.520000e-17 3.571000e-17 2.974000e-17 2.288000e-17 1.908000e-17 1.638000e-17 1.261000e-17 1.033000e-17 8.745000e-18 7.556000e-18 6.627000e-18 5.292000e-18 4.387000e-18 3.859000e-18 2.888000e-18 2.270000e-18 1.841000e-18 1.525000e-18 1.287000e-18 1.101000e-18 9.504000e-19 8.301000e-19 7.289000e-19 6.427000e-19 5.705000e-19 4.862000e-19 2.305000e-19 7.482000e-20 2.967000e-20
 34 1.864000e-16 1.693000e-16 1.508000e-16 1.348000e-16 8.555000e-17 7.188000e-17 5.960000e-17 4.795000e-17 3.793000e-17 3.160000e-17 2.434000e-17 2.032000e-17 1.746000e-17 1.346000e-17 1.104000e-17 9.352000e-18 8.086000e-18 7.095000e-18 5.670000e-18 4.703000e-18 4.138000e-18 3.098000e-18 2.436000e-18 1.975000e-18 1.636000e-18 1.381000e-18 1.180000e-18 1.019000e-18 8.892000e-19 7.821000e-19 6.898000e-19 6.116000e-19 5.218000e-19 2.475000e-19 8.073000e-20 3.209000e-20
 35 1.916000e-16 1.763000e-16 1.577000e-16 1.417000e-16 9.047000e-17 7.604000e-17 6.309000e-17 5.079000e-17 4.022000e-17 3.352000e-17 2.585000e-17 2.158000e-17 1.856000e-17 1.433000e-17 1.177000e-17 9.974000e-18 8.629000e-18 7.576000e-18 6.062000e-18 5.030000e-18 4.426000e-18 3.316000e-18 2.608000e-18 2.114000e-18 1.753000e-18 1.479000e-18 1.264000e-18 1.092000e-18 9.513000e-19 8.370000e-19 7.386000e-19 6.547000e-19 5.583000e-19 2.653000e-19 8.696000e-20 3.466000e-20
 36 1.969000e-16 1.835000e-16 1.647000e-16 1.487000e-16 9.553000e-17 8.032000e-17 6.667000e-17 5.371000e-17 4.256000e-17 3.550000e-17 2.739000e-17 2.289000e-17 1.969000e-17 1.522000e-17 1.251000e-17 1.062000e-17 9.192000e-18 8.074000e-18 6.464000e-18 5.366000e-18 4.724000e-18 3.540000e-18 2.786000e-18 2.259000e-18 1.875000e-18 1.580000e-18 1.351000e-18 1.167000e-18 1.016000e-18 8.932000e-19 7.896000e-19 7.002000e-19 5.963000e-19 2.843000e-19 9.345000e-20 3.734000e-20
 37 2.021000e-16 1.907000e-16 1.719000e-16 1.559000e-16 1.007000e-16 8.471000e-17 7.037000e-17 5.691000e-17 4.574000e-17 3.899000e-17 3.113000e-17 2.643000e-17 2.284000e-17 1.751000e-17 1.423000e-17 1.196000e-17 1.028000e-17 8.980000e-18 7.127000e-18 5.885000e-18 5.164000e-18 3.846000e-18 3.016000e-18 2.441000e-18 2.022000e-18 1.700000e-18 1.452000e-18 1.253000e-18 1.090000e-18 9.566000e-19 8.459000e-19 7.499000e-19 6.380000e-19 3.037000e-19 1.002000e-19 4.013000e-20
 38 2.074000e-16 1.975000e-16 1.792000e-16 1.632000e-16 1.061000e-16 8.922000e-17 7.414000e-17 5.999000e-17 4.822000e-17 4.110000e-17 3.283000e-17 2.788000e-17 2.410000e-17 1.850000e-17 1.506000e-17 1.267000e-17 1.090000e-17 9.523000e-18 7.567000e-18 6.251000e-18 5.488000e-18 4.090000e-18 3.209000e-18 2.600000e-18 2.152000e-18 1.810000e-18 1.546000e-18 1.333000e-18 1.161000e-18 1.018000e-18 9.000000e-19 7.986000e-19 6.792000e-19 3.235000e-19 1.073000e-19 4.306000e-20
 39 2.128000e-16 2.127000e-16 2.107000e-16 2.063000e-16 1.524000e-16 1.291000e-16 1.075000e-16 8.703000e-17 6.934000e-17 5.796000e-17 4.419000e-17 3.603000e-17 3.010000e-17 2.200000e-17 1.743000e-17 1.442000e-17 1.226000e-17 1.062000e-17 8.345000e-18 6.846000e-18 5.985000e-18 4.431000e-18 3.461000e-18 2.797000e-18 2.309000e-18 1.941000e-18 1.655000e-18 1.426000e-18 1.241000e-18 1.086000e-18 9.593000e-19 8.523000e-19 7.246000e-19 3.442000e-19 1.146000e-19 4.609000e-20
 40 2.181000e-16 2.187000e-16 2.175000e-16 2.132000e-16 1.594000e-16 1.351000e-16 1.126000e-16 9.120000e-17 7.271000e-17 6.080000e-17 4.640000e-17 3.786000e-17 3.165000e-17 2.317000e-17 1.838000e-17 1.521000e-17 1.294000e-17 1.122000e-17 8.821000e-18 7.241000e-18 6.332000e-18 4.692000e-18 3.667000e-18 2.963000e-18 2.447000e-18 2.060000e-18 1.754000e-18 1.513000e-18 1.315000e-18 1.152000e-18 1.016000e-18 9.034000e-19 7.685000e-19 3.652000e-19 1.221000e-19 4.927000e-20
 41 2.619000e-16 2.563000e-16 2.397000e-16 2.235000e-16 1.617000e-16 1.368000e-16 1.139000e-16 9.219000e-17 7.345000e-17 6.138000e-17 4.677000e-17 3.807000e-17 3.174000e-17 2.310000e-17 1.822000e-17 1.501000e-17 1.272000e-17 1.098000e-17 8.572000e-18 6.987000e-18 6.077000e-18 4.441000e-18 3.423000e-18 2.730000e-18 2.227000e-18 1.852000e-18 1.557000e-18 1.327000e-18 1.141000e-18 9.900000e-19 8.638000e-19 7.617000e-19 6.405000e-19 2.920000e-19 1.005000e-19 4.289000e-20
 42 2.681000e-16 2.641000e-16 2.476000e-16 2.316000e-16 1.686000e-16 1.434000e-16 1.194000e-16 9.667000e-17 7.705000e-17 6.444000e-17 4.915000e-17 4.005000e-17 3.342000e-17 2.438000e-17 1.928000e-17 1.594000e-17 1.355000e-17 1.174000e-17 9.225000e-18 7.565000e-18 6.609000e-18 4.877000e-18 3.788000e-18 3.043000e-18 2.500000e-18 2.087000e-18 1.764000e-18 1.511000e-18 1.304000e-18 1.137000e-18 9.942000e-19 8.781000e-19 7.441000e-19 3.452000e-19 1.204000e-19 5.161000e-20
 43 2.744000e-16 2.711000e-16 2.556000e-16 2.397000e-16 1.756000e-16 1.501000e-16 1.250000e-16 1.012000e-16 8.075000e-17 6.757000e-17 5.156000e-17 4.207000e-17 3.512000e-17 2.566000e-17 2.037000e-17 1.689000e-17 1.440000e-17 1.252000e-17 9.904000e-18 8.165000e-18 7.162000e-18 5.328000e-18 4.166000e-18 3.366000e-18 2.780000e-18 2.330000e-18 1.980000e-18 1.700000e-18 1.473000e-18 1.287000e-18 1.130000e-18 9.988000e-19 8.512000e-19 4.009000e-19 1.409000e-19 6.069000e-20
 44 2.806000e-16 2.781000e-16 2.637000e-16 2.480000e-16 1.827000e-16 1.569000e-16 1.307000e-16 1.059000e-16 8.454000e-17 7.075000e-17 5.406000e-17 4.412000e-17 3.689000e-17 2.701000e-17 2.149000e-17 1.787000e-17 1.529000e-17 1.333000e-17 1.061000e-17 8.786000e-18 7.733000e-18 5.794000e-18 4.559000e-18 3.700000e-18 3.068000e-18 2.581000e-18 2.204000e-18 1.895000e-18 1.647000e-18 1.442000e-18 1.270000e-18 1.124000e-18 9.600000e-19 4.578000e-19 1.623000e-19 7.015000e-20
 45 2.868000e-16 2.851000e-16 2.719000e-16 2.564000e-16 1.900000e-16 1.639000e-16 1.366000e-16 1.107000e-16 8.841000e-17 7.403000e-17 5.661000e-17 4.625000e-17 3.870000e-17 2.840000e-17 2.265000e-17 1.889000e-17 1.620000e-17 1.417000e-17 1.133000e-17 9.430000e-18 8.321000e-18 6.278000e-18 4.964000e-18 4.046000e-18 3.366000e-18 2.842000e-18 2.432000e-18 2.097000e-18 1.827000e-18 1.602000e-18 1.415000e-18 1.254000e-18 1.071000e-18 5.167000e-19 1.844000e-19 7.998000e-20
 46 2.930000e-16 2.922000e-16 2.801000e-16 2.650000e-16 1.975000e-16 1.711000e-16 1.426000e-16 1.156000e-16 9.237000e-17 7.738000e-17 5.923000e-17 4.842000e-17 4.055000e-17 2.982000e-17 2.384000e-17 1.993000e-17 1.715000e-17 1.504000e-17 1.208000e-17 1.009000e-17 8.931000e-18 6.777000e-18 5.382000e-18 4.403000e-18 3.674000e-18 3.112000e-18 2.666000e-18 2.306000e-18 2.013000e-18 1.768000e-18 1.564000e-18 1.388000e-18 1.187000e-18 5.777000e-19 2.073000e-19 9.020000e-20
 47 2.992000e-16 2.992000e-16 2.876000e-16 2.729000e-16 2.051000e-16 1.785000e-16 1.487000e-16 1.206000e-16 9.641000e-17 8.080000e-17 6.190000e-17 5.065000e-17 4.246000e-17 3.132000e-17 2.513000e-17 2.109000e-17 1.821000e-17 1.603000e-17 1.294000e-17 1.085000e-17 9.623000e-18 7.333000e-18 5.843000e-18 4.789000e-18 4.007000e-18 3.403000e-18 2.918000e-18 2.530000e-18 2.208000e-18 1.943000e-18 1.720000e-18 1.530000e-18 1.308000e-18 6.415000e-19 2.311000e-19 1.008000e-19
 48 3.055000e-16 3.055000e-16 2.952000e-16 2.808000e-16 2.128000e-16 1.859000e-16 1.550000e-16 1.258000e-16 1.005000e-16 8.430000e-17 6.463000e-17 5.292000e-17 4.440000e-17 3.282000e-17 2.640000e-17 2.223000e-17 1.924000e-17 1.697000e-17 1.376000e-17 1.157000e-17 1.029000e-17 7.872000e-18 6.294000e-18 5.172000e-18 4.336000e-18 3.690000e-18 3.171000e-18 2.756000e-18 2.406000e-18 2.121000e-18 1.878000e-18 1.673000e-18 1.431000e-18 7.054000e-19 2.563000e-19 1.118000e-19
 49 3.117000e-16 3.117000e-16 3.028000e-16 2.888000e-16 2.207000e-16 1.931000e-16 1.614000e-16 1.310000e-16 1.048000e-16 8.784000e-17 6.741000e-17 5.525000e-17 4.639000e-17 3.437000e-17 2.772000e-17 2.340000e-17 2.031000e-17 1.795000e-17 1.461000e-17 1.233000e-17 1.097000e-17 8.431000e-18 6.760000e-18 5.567000e-18 4.677000e-18 3.986000e-18 3.431000e-18 2.985000e-18 2.611000e-18 2.304000e-18 2.043000e-18 1.821000e-18 1.560000e-18 7.716000e-19 2.814000e-19 1.232000e-19
 50 3.179000e-16 3.179000e-16 3.106000e-16 2.968000e-16 2.288000e-16 2.001000e-16 1.679000e-16 1.363000e-16 1.091000e-16 9.149000e-17 7.023000e-17 5.762000e-17 4.842000e-17 3.595000e-17 2.907000e-17 2.460000e-17 2.140000e-17 1.896000e-17 1.548000e-17 1.310000e-17 1.168000e-17 9.006000e-18 7.240000e-18 5.976000e-18 5.029000e-18 4.291000e-18 3.701000e-18 3.220000e-18 2.823000e-18 2.491000e-18 2.211000e-18 1.972000e-18 1.692000e-18 8.391000e-19 3.073000e-19 1.350000e-19
 51 3.241000e-16 3.241000e-16 3.183000e-16 3.050000e-16 2.369000e-16 2.071000e-16 1.746000e-16 1.417000e-16 1.134000e-16 9.521000e-17 7.316000e-17 6.016000e-17 5.082000e-17 3.844000e-17 3.158000e-17 2.701000e-17 2.364000e-17 2.101000e-17 1.718000e-17 1.452000e-17 1.293000e-17 9.933000e-18 7.958000e-18 6.554000e-18 5.506000e-18 4.692000e-18 4.044000e-18 3.514000e-18 3.082000e-18 2.715000e-18 2.410000e-18 2.149000e-18 1.845000e-18 9.132000e-19 3.349000e-19 1.474000e-19
 52 3.304000e-16 3.304000e-16 3.259000e-16 3.132000e-16 2.453000e-16 2.143000e-16 1.813000e-16 1.473000e-16 1.179000e-16 9.900000e-17 7.612000e-17 6.261000e-17 5.293000e-17 4.014000e-17 3.302000e-17 2.833000e-17 2.484000e-17 2.211000e-17 1.813000e-17 1.536000e-17 1.369000e-17 1.055000e-17 8.472000e-18 6.988000e-18 5.878000e-18 5.016000e-18 4.330000e-18 3.766000e-18 3.307000e-18 2.915000e-18 2.590000e-18 2.311000e-18 1.985000e-18 9.851000e-19 3.625000e-19 1.600000e-19
 53 3.366000e-16 3.366000e-16 3.329000e-16 3.215000e-16 2.530000e-16 2.216000e-16 1.882000e-16 1.529000e-16 1.225000e-16 1.029000e-16 7.914000e-17 6.513000e-17 5.510000e-17 4.186000e-17 3.451000e-17 2.966000e-17 2.606000e-17 2.323000e-17 1.910000e-17 1.621000e-17 1.447000e-17 1.118000e-17 8.995000e-18 7.433000e-18 6.258000e-18 5.347000e-18 4.621000e-18 4.024000e-18 3.534000e-18 3.120000e-18 2.773000e-18 2.476000e-18 2.129000e-18 1.059000e-18 3.910000e-19 1.731000e-19
 54 3.428000e-16 3.428000e-16 3.399000e-16 3.290000e-16 2.607000e-16 2.290000e-16 1.953000e-16 1.587000e-16 1.271000e-16 1.068000e-16 8.222000e-17 6.771000e-17 5.732000e-17 4.362000e-17 3.603000e-17 3.102000e-17 2.729000e-17 2.436000e-17 2.008000e-17 1.707000e-17 1.526000e-17 1.182000e-17 9.528000e-18 7.886000e-18 6.647000e-18 5.687000e-18 4.917000e-18 4.289000e-18 3.767000e-18 3.331000e-18 2.960000e-18 2.645000e-18 2.276000e-18 1.135000e-18 4.203000e-19 1.873000e-19
 55 3.491000e-16 3.491000e-16 3.469000e-16 3.366000e-16 2.685000e-16 2.365000e-16 2.025000e-16 1.646000e-16 1.321000e-16 1.117000e-16 8.801000e-17 7.449000e-17 6.465000e-17 5.062000e-17 4.208000e-17 3.610000e-17 3.157000e-17 2.799000e-17 2.279000e-17 1.919000e-17 1.706000e-17 1.306000e-17 1.046000e-17 8.614000e-18 7.236000e-18 6.174000e-18 5.327000e-18 4.641000e-18 4.069000e-18 3.599000e-18 3.192000e-18 2.851000e-18 2.450000e-18 1.221000e-18 4.513000e-19 2.011000e-19
 56 3.553000e-16 3.553000e-16 3.540000e-16 3.443000e-16 2.764000e-16 2.442000e-16 2.098000e-16 1.705000e-16 1.369000e-16 1.158000e-16 9.135000e-17 7.745000e-17 6.731000e-17 5.283000e-17 4.399000e-17 3.779000e-17 3.308000e-17 2.936000e-17 2.394000e-17 2.019000e-17 1.796000e-17 1.377000e-17 1.104000e-17 9.104000e-18 7.657000e-18 6.538000e-18 5.646000e-18 4.922000e-18 4.319000e-18 3.821000e-18 3.391000e-18 3.031000e-18 2.606000e-18 1.301000e-18 4.822000e-19 2.151000e-19
 57 3.616000e-16 3.616000e-16 3.613000e-16 3.532000e-16 3.165000e-16 2.990000e-16 2.709000e-16 2.267000e-16 1.832000e-16 1.544000e-16 1.194000e-16 9.870000e-17 8.357000e-17 6.276000e-17 5.085000e-17 4.289000e-17 3.708000e-17 3.262000e-17 2.627000e-17 2.199000e-17 1.948000e-17 1.484000e-17 1.185000e-17 9.745000e-18 8.183000e-18 6.979000e-18 6.022000e-18 5.248000e-18 4.603000e-18 4.069000e-18 3.614000e-18 3.227000e-18 2.775000e-18 1.386000e-18 5.140000e-19 2.295000e-19
 58 3.678000e-16 3.678000e-16 3.679000e-16 3.608000e-16 3.251000e-16 3.085000e-16 2.811000e-16 2.359000e-16 1.908000e-16 1.609000e-16 1.245000e-16 1.029000e-16 8.718000e-17 6.554000e-17 5.315000e-17 4.486000e-17 3.881000e-17 3.415000e-17 2.754000e-17 2.307000e-17 2.045000e-17 1.560000e-17 1.247000e-17 1.026000e-17 8.626000e-18 7.360000e-18 6.356000e-18 5.541000e-18 4.866000e-18 4.300000e-18 3.825000e-18 3.415000e-18 2.938000e-18 1.471000e-18 5.474000e-19 2.443000e-19
 59 4.288000e-16 4.288000e-16 4.288000e-16 4.222000e-16 3.556000e-16 3.227000e-16 2.872000e-16 2.438000e-16 2.004000e-16 1.688000e-16 1.307000e-16 1.081000e-16 9.158000e-17 6.887000e-17 5.586000e-17 4.715000e-17 4.081000e-17 3.594000e-17 2.910000e-17 2.447000e-17 2.176000e-17 1.671000e-17 1.343000e-17 1.110000e-17 9.361000e-18 8.004000e-18 6.927000e-18 6.046000e-18 5.318000e-18 4.700000e-18 4.186000e-18 3.735000e-18 3.215000e-18 1.604000e-18 5.971000e-19 2.680000e-19
 60 4.360000e-16 4.360000e-16 4.360000e-16 4.308000e-16 3.649000e-16 3.318000e-16 2.951000e-16 2.512000e-16 2.072000e-16 1.746000e-16 1.352000e-16 1.118000e-16 9.478000e-17 7.137000e-17 5.793000e-17 4.893000e-17 4.246000e-17 3.748000e-17 3.050000e-17 2.579000e-17 2.304000e-17 1.789000e-17 1.451000e-17 1.209000e-17 1.027000e-17 8.836000e-18 7.690000e-18 6.748000e-18 5.964000e-18 5.296000e-18 4.735000e-18 4.244000e-18 3.672000e-18 1.876000e-18 7.176000e-19 3.288000e-19
 61 4.432000e-16 4.432000e-16 4.432000e-16 4.387000e-16 3.743000e-16 3.411000e-16 3.032000e-16 2.587000e-16 2.141000e-16 1.805000e-16 1.398000e-16 1.157000e-16 9.807000e-17 7.390000e-17 6.005000e-17 5.078000e-17 4.414000e-17 3.905000e-17 3.194000e-17 2.715000e-17 2.435000e-17 1.909000e-17 1.561000e-17 1.310000e-17 1.119000e-17 9.685000e-18 8.469000e-18 7.465000e-18 6.624000e-18 5.905000e-18 5.294000e-18 4.765000e-18 4.138000e-18 2.153000e-18 8.408000e-19 3.912000e-19
 62 4.504000e-16 4.504000e-16 4.504000e-16 4.467000e-16 3.839000e-16 3.504000e-16 3.113000e-16 2.663000e-16 2.211000e-16 1.864000e-16 1.444000e-16 1.196000e-16 1.014000e-16 7.649000e-17 6.220000e-17 5.268000e-17 4.586000e-17 4.066000e-17 3.341000e-17 2.855000e-17 2.569000e-17 2.032000e-17 1.674000e-17 1.414000e-17 1.214000e-17 1.055000e-17 9.264000e-18 8.193000e-18 7.296000e-18 6.527000e-18 5.865000e-18 5.299000e-18 4.613000e-18 2.435000e-18 9.669000e-19 4.550000e-19
 63 4.576000e-16 4.576000e-16 4.576000e-16 4.547000e-16 3.933000e-16 3.590000e-16 3.196000e-16 2.740000e-16 2.283000e-16 1.925000e-16 1.497000e-16 1.250000e-16 1.075000e-16 8.396000e-17 7.036000e-17 6.094000e-17 5.389000e-17 4.828000e-17 4.006000e-17 3.428000e-17 3.081000e-17 2.419000e-17 1.976000e-17 1.656000e-17 1.414000e-17 1.224000e-17 1.070000e-17 9.434000e-18 8.378000e-18 7.486000e-18 6.714000e-18 6.059000e-18 5.267000e-18 2.775000e-18 1.105000e-18 5.225000e-19
 64 4.648000e-16 4.648000e-16 4.648000e-16 4.628000e-16 4.022000e-16 3.677000e-16 3.279000e-16 2.818000e-16 2.355000e-16 1.988000e-16 1.551000e-16 1.302000e-16 1.127000e-16 8.889000e-17 7.488000e-17 6.506000e-17 5.765000e-17 5.173000e-17 4.302000e-17 3.688000e-17 3.318000e-17 2.612000e-17 2.139000e-17 1.797000e-17 1.537000e-17 1.332000e-17 1.167000e-17 1.031000e-17 9.168000e-18 8.203000e-18 7.369000e-18 6.656000e-18 5.799000e-18 3.079000e-18 1.238000e-18 5.896000e-19
 65 7.790000e-16 7.790000e-16 7.790000e-16 7.787000e-16 7.503000e-16 7.202000e-16 6.527000e-16 5.679000e-16 4.818000e-16 4.178000e-16 3.381000e-16 2.830000e-16 2.414000e-16 1.840000e-16 1.511000e-16 1.290000e-16 1.128000e-16 1.002000e-16 8.216000e-17 6.982000e-17 6.249000e-17 4.867000e-17 3.960000e-17 3.308000e-17 2.815000e-17 2.429000e-17 2.118000e-17 1.863000e-17 1.650000e-17 1.471000e-17 1.317000e-17 1.185000e-17 1.028000e-17 5.315000e-18 2.030000e-18 9.434000e-19
 66 5.438000e-16 5.438000e-16 5.438000e-16 5.435000e-16 4.847000e-16 4.499000e-16 4.095000e-16 3.627000e-16 3.152000e-16 2.759000e-16 2.277000e-16 1.899000e-16 1.618000e-16 1.232000e-16 1.011000e-16 8.621000e-17 7.534000e-17 6.693000e-17 5.488000e-17 4.670000e-17 4.183000e-17 3.268000e-17 2.671000e-17 2.240000e-17 1.914000e-17 1.658000e-17 1.451000e-17 1.282000e-17 1.139000e-17 1.019000e-17 9.151000e-18 8.255000e-18 7.192000e-18 3.785000e-18 1.495000e-18 6.979000e-19
 67 5.869000e-16 5.869000e-16 5.869000e-16 5.869000e-16 5.297000e-16 4.947000e-16 4.541000e-16 4.073000e-16 3.586000e-16 3.185000e-16 2.689000e-16 2.301000e-16 2.009000e-16 1.609000e-16 1.368000e-16 1.173000e-16 1.030000e-16 9.196000e-17 7.610000e-17 6.530000e-17 5.888000e-17 4.675000e-17 3.876000e-17 3.297000e-17 2.855000e-17 2.505000e-17 2.220000e-17 1.984000e-17 1.784000e-17 1.616000e-17 1.469000e-17 1.340000e-17 1.186000e-17 6.746000e-18 2.996000e-18 1.533000e-18
 68 6.268000e-16 6.268000e-16 6.268000e-16 6.268000e-16 5.716000e-16 5.365000e-16 4.955000e-16 4.480000e-16 3.981000e-16 3.577000e-16 3.069000e-16 2.680000e-16 2.382000e-16 1.971000e-16 1.721000e-16 1.480000e-16 1.303000e-16 1.167000e-16 9.705000e-17 8.368000e-17 7.572000e-17 6.067000e-17 5.070000e-17 4.345000e-17 3.789000e-17 3.347000e-17 2.985000e-17 2.684000e-17 2.427000e-17 2.207000e-17 2.022000e-17 1.855000e-17 1.654000e-17 9.733000e-18 4.523000e-18 2.391000e-18
