n   Temperature [K]
 36 5.802259e+03 1.160452e+04 1.740678e+04 2.320904e+04 5.802259e+04 8.123163e+04 1.160452e+05 1.740678e+05 2.669039e+05 3.713446e+05 6.034349e+05 8.587343e+05 1.160452e+06 1.914745e+06 2.727062e+06 3.597401e+06 4.525762e+06 5.512146e+06 7.600959e+06 9.805818e+06 1.160452e+07 1.672211e+07 2.233870e+07 2.847749e+07 3.516169e+07 4.241451e+07 5.025917e+07 5.871886e+07 6.781680e+07 7.757620e+07 8.802027e+07 9.917221e+07 1.160452e+08 2.320904e+08 5.802259e+08 1.160452e+09
Q   Rate [m3/s]
  1 1.334000e-18 8.565000e-19 6.479000e-19 5.263000e-19 2.548000e-19 1.901000e-19 1.375000e-19 9.300000e-20 6.057000e-20 4.260000e-20 2.494000e-20 1.655000e-20 1.144000e-20 6.358000e-21 4.291000e-21 3.038000e-21 2.290000e-21 1.791000e-21 1.195000e-21 8.636000e-22 6.955000e-22 4.331000e-22 2.965000e-22 2.153000e-22 1.628000e-22 1.268000e-22 1.011000e-22 8.209000e-23 6.764000e-23 5.643000e-23 4.759000e-23 4.049000e-23 3.272000e-23 1.271000e-23 3.599000e-24 1.375000e-24
  2 2.591000e-18 1.698000e-18 1.306000e-18 1.074000e-18 5.438000e-19 4.134000e-19 3.044000e-19 2.107000e-19 1.400000e-19 1.003000e-19 6.038000e-20 4.081000e-20 2.908000e-20 1.588000e-20 1.045000e-20 7.633000e-21 5.830000e-21 4.593000e-21 3.091000e-21 2.248000e-21 1.817000e-21 1.140000e-21 7.845000e-22 5.719000e-22 4.339000e-22 3.389000e-22 2.708000e-22 2.203000e-22 1.818000e-22 1.519000e-22 1.283000e-22 1.093000e-22 8.846000e-23 3.458000e-23 9.856000e-24 3.781000e-24
  3 7.000000e-18 4.768000e-18 3.775000e-18 3.181000e-18 1.780000e-18 1.416000e-18 1.100000e-18 8.128000e-19 5.798000e-19 4.403000e-19 2.870000e-19 2.069000e-19 1.544000e-19 9.275000e-20 6.381000e-20 4.700000e-20 3.662000e-20 2.944000e-20 1.962000e-20 1.439000e-20 1.179000e-20 7.785000e-21 5.530000e-21 4.109000e-21 3.164000e-21 2.503000e-21 2.020000e-21 1.658000e-21 1.380000e-21 1.161000e-21 9.864000e-22 8.452000e-22 6.891000e-22 2.769000e-22 8.119000e-23 3.169000e-23
  4 1.033000e-17 7.096000e-18 5.646000e-18 4.784000e-18 2.723000e-18 2.185000e-18 1.712000e-18 1.280000e-18 9.248000e-19 7.098000e-19 4.705000e-19 3.423000e-19 2.585000e-19 1.582000e-19 1.097000e-19 8.166000e-20 6.344000e-20 5.106000e-20 3.551000e-20 2.580000e-20 2.098000e-20 1.362000e-20 9.828000e-21 7.376000e-21 5.703000e-21 4.525000e-21 3.663000e-21 3.014000e-21 2.512000e-21 2.118000e-21 1.803000e-21 1.547000e-21 1.263000e-21 5.111000e-22 1.509000e-22 5.913000e-23
  5 1.428000e-17 9.862000e-18 7.887000e-18 6.699000e-18 3.875000e-18 3.120000e-18 2.467000e-18 1.860000e-18 1.358000e-18 1.051000e-18 7.056000e-19 5.190000e-19 3.941000e-19 2.440000e-19 1.712000e-19 1.281000e-19 1.004000e-19 8.090000e-20 5.691000e-20 4.225000e-20 3.420000e-20 2.190000e-20 1.562000e-20 1.191000e-20 9.272000e-21 7.379000e-21 5.988000e-21 4.937000e-21 4.123000e-21 3.481000e-21 2.967000e-21 2.549000e-21 2.085000e-21 8.488000e-22 2.521000e-22 9.915000e-23
  6 1.879000e-17 1.303000e-17 1.045000e-17 8.912000e-18 5.215000e-18 4.225000e-18 3.355000e-18 2.547000e-18 1.875000e-18 1.462000e-18 9.920000e-19 7.355000e-19 5.631000e-19 3.523000e-19 2.487000e-19 1.872000e-19 1.471000e-19 1.193000e-19 8.370000e-20 6.366000e-20 5.212000e-20 3.299000e-20 2.332000e-20 1.762000e-20 1.394000e-20 1.113000e-20 9.057000e-21 7.481000e-21 6.258000e-21 5.292000e-21 4.516000e-21 3.885000e-21 3.182000e-21 1.302000e-21 3.889000e-22 1.534000e-22
  7 2.522000e-17 1.756000e-17 1.414000e-17 1.209000e-17 7.166000e-18 5.844000e-18 4.664000e-18 3.580000e-18 2.664000e-18 2.096000e-18 1.443000e-18 1.083000e-18 8.367000e-19 5.317000e-19 3.792000e-19 2.885000e-19 2.279000e-19 1.857000e-19 1.322000e-19 9.940000e-20 8.291000e-20 5.351000e-20 3.744000e-20 2.803000e-20 2.199000e-20 1.784000e-20 1.486000e-20 1.213000e-20 1.017000e-20 8.618000e-21 7.369000e-21 6.350000e-21 5.213000e-21 2.150000e-21 6.472000e-22 2.565000e-22
  8 3.108000e-17 2.169000e-17 1.750000e-17 1.498000e-17 8.951000e-18 7.327000e-18 5.875000e-18 4.527000e-18 3.389000e-18 2.678000e-18 1.858000e-18 1.402000e-18 1.089000e-18 6.983000e-19 5.012000e-19 3.819000e-19 3.038000e-19 2.475000e-19 1.764000e-19 1.338000e-19 1.110000e-19 7.373000e-20 5.120000e-20 3.813000e-20 2.974000e-20 2.401000e-20 1.989000e-20 1.682000e-20 1.390000e-20 1.179000e-20 1.010000e-20 8.708000e-21 7.158000e-21 2.966000e-21 8.969000e-22 3.563000e-22
  9 4.120000e-17 3.011000e-17 2.436000e-17 2.091000e-17 1.265000e-17 1.042000e-17 8.430000e-18 6.550000e-18 4.973000e-18 3.975000e-18 2.808000e-18 2.149000e-18 1.692000e-18 1.110000e-18 8.082000e-19 6.240000e-19 5.001000e-19 4.116000e-19 2.969000e-19 2.271000e-19 1.909000e-19 1.274000e-19 9.157000e-20 6.747000e-20 5.212000e-20 4.169000e-20 3.426000e-20 2.875000e-20 2.456000e-20 2.128000e-20 1.799000e-20 1.556000e-20 1.283000e-20 5.385000e-21 1.648000e-21 6.592000e-22
 10 2.998000e-17 2.094000e-17 1.687000e-17 1.443000e-17 8.550000e-18 6.967000e-18 5.554000e-18 4.231000e-18 3.118000e-18 2.429000e-18 1.642000e-18 1.214000e-18 9.258000e-19 5.752000e-19 4.025000e-19 3.010000e-19 2.347000e-19 1.896000e-19 1.317000e-19 9.899000e-20 8.119000e-20 5.233000e-20 3.732000e-20 2.794000e-20 2.187000e-20 1.742000e-20 1.414000e-20 1.166000e-20 9.745000e-21 8.233000e-21 7.021000e-21 6.031000e-21 4.935000e-21 2.010000e-21 5.976000e-22 2.351000e-22
 11 3.541000e-17 2.478000e-17 2.000000e-17 1.713000e-17 1.023000e-17 8.366000e-18 6.690000e-18 5.132000e-18 3.808000e-18 2.983000e-18 2.035000e-18 1.514000e-18 1.161000e-18 7.289000e-19 5.139000e-19 3.856000e-19 3.022000e-19 2.434000e-19 1.709000e-19 1.277000e-19 1.059000e-19 6.834000e-20 4.843000e-20 3.636000e-20 2.839000e-20 2.285000e-20 1.854000e-20 1.531000e-20 1.281000e-20 1.084000e-20 9.243000e-21 7.950000e-21 6.511000e-21 2.663000e-21 7.946000e-22 3.133000e-22
 12 4.136000e-17 2.904000e-17 2.348000e-17 2.014000e-17 1.211000e-17 9.932000e-18 7.978000e-18 6.150000e-18 4.594000e-18 3.618000e-18 2.490000e-18 1.863000e-18 1.437000e-18 9.094000e-19 6.457000e-19 4.878000e-19 3.838000e-19 3.112000e-19 2.190000e-19 1.637000e-19 1.354000e-19 8.833000e-20 6.256000e-20 4.705000e-20 3.662000e-20 2.941000e-20 2.418000e-20 1.991000e-20 1.668000e-20 1.412000e-20 1.207000e-20 1.039000e-20 8.518000e-21 3.499000e-21 1.049000e-21 4.146000e-22
 13 4.781000e-17 3.369000e-17 2.728000e-17 2.342000e-17 1.415000e-17 1.164000e-17 9.394000e-18 7.274000e-18 5.465000e-18 4.327000e-18 3.001000e-18 2.260000e-18 1.753000e-18 1.119000e-18 8.004000e-19 6.084000e-19 4.797000e-19 3.895000e-19 2.745000e-19 2.075000e-19 1.709000e-19 1.128000e-19 7.974000e-20 5.983000e-20 4.680000e-20 3.739000e-20 3.067000e-20 2.564000e-20 2.136000e-20 1.811000e-20 1.549000e-20 1.336000e-20 1.097000e-20 4.525000e-21 1.363000e-21 5.400000e-22
 14 5.474000e-17 3.874000e-17 3.140000e-17 2.699000e-17 1.639000e-17 1.352000e-17 1.094000e-17 8.508000e-18 6.426000e-18 5.111000e-18 3.572000e-18 2.705000e-18 2.108000e-18 1.358000e-18 9.760000e-19 7.451000e-19 5.910000e-19 4.817000e-19 3.412000e-19 2.587000e-19 2.137000e-19 1.415000e-19 1.002000e-19 7.538000e-20 5.868000e-20 4.698000e-20 3.848000e-20 3.210000e-20 2.720000e-20 2.288000e-20 1.960000e-20 1.692000e-20 1.393000e-20 5.770000e-21 1.745000e-21 6.935000e-22
 15 6.133000e-17 4.419000e-17 3.585000e-17 3.085000e-17 1.880000e-17 1.554000e-17 1.261000e-17 9.846000e-18 7.479000e-18 5.974000e-18 4.204000e-18 3.201000e-18 2.506000e-18 1.627000e-18 1.176000e-18 9.033000e-19 7.193000e-19 5.872000e-19 4.188000e-19 3.169000e-19 2.640000e-19 1.742000e-19 1.247000e-19 9.339000e-20 7.290000e-20 5.850000e-20 4.778000e-20 3.980000e-20 3.367000e-20 2.855000e-20 2.447000e-20 2.114000e-20 1.743000e-20 7.262000e-21 2.206000e-21 8.791000e-22
 16 6.828000e-17 4.995000e-17 4.065000e-17 3.500000e-17 2.142000e-17 1.774000e-17 1.444000e-17 1.131000e-17 8.625000e-18 6.915000e-18 4.898000e-18 3.748000e-18 2.948000e-18 1.928000e-18 1.402000e-18 1.080000e-18 8.637000e-19 7.093000e-19 5.074000e-19 3.853000e-19 3.208000e-19 2.125000e-19 1.535000e-19 1.147000e-19 8.970000e-20 7.184000e-20 5.895000e-20 4.889000e-20 4.130000e-20 3.533000e-20 3.021000e-20 2.612000e-20 2.155000e-20 9.032000e-21 2.757000e-21 1.102000e-21
 17 7.564000e-17 5.607000e-17 4.580000e-17 3.947000e-17 2.422000e-17 2.010000e-17 1.640000e-17 1.289000e-17 9.867000e-18 7.940000e-18 5.657000e-18 4.350000e-18 3.435000e-18 2.265000e-18 1.655000e-18 1.279000e-18 1.028000e-18 8.454000e-19 6.084000e-19 4.641000e-19 3.860000e-19 2.575000e-19 1.861000e-19 1.399000e-19 1.089000e-19 8.752000e-20 7.165000e-20 5.983000e-20 5.024000e-20 4.292000e-20 3.708000e-20 3.193000e-20 2.636000e-20 1.112000e-20 3.409000e-21 1.365000e-21
 18 8.340000e-17 6.256000e-17 5.132000e-17 4.424000e-17 2.723000e-17 2.263000e-17 1.850000e-17 1.458000e-17 1.121000e-17 9.047000e-18 6.482000e-18 5.006000e-18 3.970000e-18 2.634000e-18 1.935000e-18 1.503000e-18 1.210000e-18 9.987000e-19 7.218000e-19 5.531000e-19 4.615000e-19 3.093000e-19 2.227000e-19 1.688000e-19 1.313000e-19 1.056000e-19 8.650000e-20 7.205000e-20 6.064000e-20 5.175000e-20 4.466000e-20 3.890000e-20 3.194000e-20 1.355000e-20 4.174000e-21 1.676000e-21
 19 9.123000e-17 6.944000e-17 5.724000e-17 4.937000e-17 3.046000e-17 2.536000e-17 2.076000e-17 1.640000e-17 1.264000e-17 1.025000e-17 7.379000e-18 5.723000e-18 4.556000e-18 3.043000e-18 2.246000e-18 1.751000e-18 1.414000e-18 1.172000e-18 8.514000e-19 6.540000e-19 5.470000e-19 3.679000e-19 2.655000e-19 2.028000e-19 1.576000e-19 1.263000e-19 1.041000e-19 8.637000e-20 7.298000e-20 6.206000e-20 5.349000e-20 4.654000e-20 3.843000e-20 1.639000e-20 5.074000e-21 2.043000e-21
 20 9.886000e-17 7.669000e-17 6.331000e-17 5.480000e-17 3.389000e-17 2.824000e-17 2.317000e-17 1.835000e-17 1.419000e-17 1.153000e-17 8.342000e-18 6.496000e-18 5.190000e-18 3.488000e-18 2.586000e-18 2.024000e-18 1.639000e-18 1.361000e-18 9.941000e-19 7.660000e-19 6.425000e-19 4.331000e-19 3.138000e-19 2.390000e-19 1.873000e-19 1.500000e-19 1.232000e-19 1.028000e-19 8.667000e-20 7.411000e-20 6.356000e-20 5.525000e-20 4.603000e-20 1.963000e-20 6.106000e-21 2.465000e-21
 21 1.068000e-16 8.430000e-17 6.969000e-17 6.058000e-17 3.754000e-17 3.132000e-17 2.573000e-17 2.042000e-17 1.584000e-17 1.290000e-17 9.372000e-18 7.327000e-18 5.873000e-18 3.971000e-18 2.958000e-18 2.322000e-18 1.887000e-18 1.569000e-18 1.150000e-18 8.907000e-19 7.486000e-19 5.061000e-19 3.686000e-19 2.802000e-19 2.216000e-19 1.772000e-19 1.451000e-19 1.215000e-19 1.023000e-19 8.736000e-20 7.506000e-20 6.519000e-20 5.424000e-20 2.340000e-20 7.292000e-21 2.951000e-21
 22 1.083000e-16 8.506000e-17 6.956000e-17 6.004000e-17 3.722000e-17 3.105000e-17 2.550000e-17 2.024000e-17 1.569000e-17 1.277000e-17 9.273000e-18 7.243000e-18 5.821000e-18 4.046000e-18 3.169000e-18 2.645000e-18 2.288000e-18 2.022000e-18 1.652000e-18 1.400000e-18 1.248000e-18 9.645000e-19 7.778000e-19 6.436000e-19 5.446000e-19 4.653000e-19 4.022000e-19 3.511000e-19 3.084000e-19 2.725000e-19 2.420000e-19 2.153000e-19 1.838000e-19 8.488000e-20 2.640000e-20 1.021000e-20
 23 1.154000e-16 9.152000e-17 7.557000e-17 6.525000e-17 4.051000e-17 3.382000e-17 2.782000e-17 2.211000e-17 1.719000e-17 1.401000e-17 1.021000e-17 8.002000e-18 6.450000e-18 4.503000e-18 3.538000e-18 2.957000e-18 2.560000e-18 2.264000e-18 1.849000e-18 1.567000e-18 1.397000e-18 1.078000e-18 8.685000e-19 7.176000e-19 6.058000e-19 5.187000e-19 4.477000e-19 3.902000e-19 3.430000e-19 3.028000e-19 2.689000e-19 2.397000e-19 2.045000e-19 9.489000e-20 2.966000e-20 1.150000e-20
 24 1.222000e-16 9.823000e-17 8.183000e-17 7.067000e-17 4.394000e-17 3.672000e-17 3.023000e-17 2.407000e-17 1.873000e-17 1.531000e-17 1.122000e-17 8.883000e-18 7.286000e-18 5.311000e-18 4.288000e-18 3.629000e-18 3.151000e-18 2.782000e-18 2.252000e-18 1.889000e-18 1.676000e-18 1.273000e-18 1.012000e-18 8.297000e-19 6.947000e-19 5.923000e-19 5.087000e-19 4.421000e-19 3.869000e-19 3.413000e-19 3.020000e-19 2.688000e-19 2.292000e-19 1.062000e-19 3.323000e-20 1.290000e-20
 25 1.293000e-16 1.052000e-16 8.834000e-17 7.631000e-17 4.751000e-17 3.973000e-17 3.273000e-17 2.611000e-17 2.036000e-17 1.667000e-17 1.226000e-17 9.728000e-18 7.998000e-18 5.850000e-18 4.731000e-18 4.006000e-18 3.481000e-18 3.075000e-18 2.490000e-18 2.089000e-18 1.852000e-18 1.406000e-18 1.117000e-18 9.155000e-19 7.654000e-19 6.519000e-19 5.605000e-19 4.866000e-19 4.257000e-19 3.753000e-19 3.323000e-19 2.957000e-19 2.527000e-19 1.174000e-19 3.693000e-20 1.438000e-20
 26 1.366000e-16 1.124000e-16 9.510000e-17 8.216000e-17 5.121000e-17 4.286000e-17 3.535000e-17 2.823000e-17 2.206000e-17 1.809000e-17 1.334000e-17 1.061000e-17 8.743000e-18 6.416000e-18 5.198000e-18 4.406000e-18 3.830000e-18 3.384000e-18 2.741000e-18 2.300000e-18 2.037000e-18 1.547000e-18 1.228000e-18 1.006000e-18 8.407000e-19 7.151000e-19 6.158000e-19 5.337000e-19 4.671000e-19 4.112000e-19 3.645000e-19 3.240000e-19 2.769000e-19 1.293000e-19 4.087000e-20 1.595000e-20
 27 1.432000e-16 1.198000e-16 1.021000e-16 8.823000e-17 5.505000e-17 4.610000e-17 3.804000e-17 3.042000e-17 2.382000e-17 1.957000e-17 1.446000e-17 1.154000e-17 9.524000e-18 7.010000e-18 5.688000e-18 4.827000e-18 4.199000e-18 3.709000e-18 3.006000e-18 2.521000e-18 2.234000e-18 1.695000e-18 1.345000e-18 1.101000e-18 9.203000e-19 7.811000e-19 6.730000e-19 5.832000e-19 5.100000e-19 4.489000e-19 3.977000e-19 3.537000e-19 3.023000e-19 1.418000e-19 4.502000e-20 1.762000e-20
 28 1.498000e-16 1.267000e-16 1.087000e-16 9.451000e-17 5.902000e-17 4.946000e-17 4.085000e-17 3.270000e-17 2.565000e-17 2.110000e-17 1.564000e-17 1.250000e-17 1.033000e-17 7.628000e-18 6.198000e-18 5.263000e-18 4.580000e-18 4.048000e-18 3.282000e-18 2.752000e-18 2.440000e-18 1.852000e-18 1.470000e-18 1.201000e-18 1.004000e-18 8.515000e-19 7.327000e-19 6.364000e-19 5.557000e-19 4.894000e-19 4.330000e-19 3.855000e-19 3.292000e-19 1.551000e-19 4.946000e-20 1.940000e-20
 29 1.565000e-16 1.336000e-16 1.153000e-16 1.010000e-16 6.313000e-17 5.293000e-17 4.376000e-17 3.506000e-17 2.753000e-17 2.267000e-17 1.685000e-17 1.350000e-17 1.118000e-17 8.279000e-18 6.737000e-18 5.725000e-18 4.984000e-18 4.407000e-18 3.573000e-18 2.996000e-18 2.656000e-18 2.017000e-18 1.601000e-18 1.307000e-18 1.091000e-18 9.253000e-19 7.954000e-19 6.915000e-19 6.034000e-19 5.310000e-19 4.698000e-19 4.181000e-19 3.572000e-19 1.693000e-19 5.411000e-20 2.128000e-20
 30 1.630000e-16 1.408000e-16 1.221000e-16 1.077000e-16 6.738000e-17 5.652000e-17 4.676000e-17 3.749000e-17 2.949000e-17 2.432000e-17 1.811000e-17 1.456000e-17 1.211000e-17 9.013000e-18 7.354000e-18 6.256000e-18 5.448000e-18 4.818000e-18 3.902000e-18 3.270000e-18 2.896000e-18 2.198000e-18 1.742000e-18 1.421000e-18 1.187000e-18 1.006000e-18 8.630000e-19 7.496000e-19 6.553000e-19 5.758000e-19 5.097000e-19 4.531000e-19 3.875000e-19 1.838000e-19 5.907000e-20 2.329000e-20
 31 1.690000e-16 1.481000e-16 1.291000e-16 1.147000e-16 7.176000e-17 6.023000e-17 4.986000e-17 4.001000e-17 3.151000e-17 2.602000e-17 1.942000e-17 1.564000e-17 1.303000e-17 9.722000e-18 7.943000e-18 6.762000e-18 5.891000e-18 5.209000e-18 4.223000e-18 3.540000e-18 3.134000e-18 2.379000e-18 1.884000e-18 1.538000e-18 1.283000e-18 1.087000e-18 9.326000e-19 8.096000e-19 7.084000e-19 6.222000e-19 5.504000e-19 4.893000e-19 4.183000e-19 1.989000e-19 6.426000e-20 2.541000e-20
 32 1.751000e-16 1.555000e-16 1.363000e-16 1.218000e-16 7.628000e-17 6.405000e-17 5.305000e-17 4.262000e-17 3.360000e-17 2.778000e-17 2.078000e-17 1.677000e-17 1.399000e-17 1.046000e-17 8.557000e-18 7.290000e-18 6.354000e-18 5.621000e-18 4.556000e-18 3.821000e-18 3.384000e-18 2.567000e-18 2.034000e-18 1.661000e-18 1.384000e-18 1.173000e-18 1.006000e-18 8.718000e-19 7.634000e-19 6.711000e-19 5.930000e-19 5.274000e-19 4.504000e-19 2.146000e-19 6.970000e-20 2.763000e-20
 33 1.812000e-16 1.626000e-16 1.437000e-16 1.284000e-16 8.094000e-17 6.798000e-17 5.635000e-17 4.530000e-17 3.574000e-17 2.960000e-17 2.218000e-17 1.792000e-17 1.497000e-17 1.122000e-17 9.190000e-18 7.835000e-18 6.833000e-18 6.047000e-18 4.903000e-18 4.113000e-18 3.643000e-18 2.764000e-18 2.193000e-18 1.791000e-18 1.490000e-18 1.263000e-18 1.083000e-18 9.379000e-19 8.210000e-19 7.224000e-19 6.381000e-19 5.673000e-19 4.844000e-19 2.312000e-19 7.550000e-20 3.000000e-20
 34 1.865000e-16 1.695000e-16 1.510000e-16 1.350000e-16 8.573000e-17 7.203000e-17 5.974000e-17 4.805000e-17 3.801000e-17 3.163000e-17 2.431000e-17 2.025000e-17 1.738000e-17 1.339000e-17 1.099000e-17 9.316000e-18 8.059000e-18 7.075000e-18 5.659000e-18 4.697000e-18 4.134000e-18 3.098000e-18 2.438000e-18 1.977000e-18 1.639000e-18 1.384000e-18 1.183000e-18 1.022000e-18 8.924000e-19 7.853000e-19 6.929000e-19 6.146000e-19 5.246000e-19 2.495000e-19 8.164000e-20 3.249000e-20
 35 1.918000e-16 1.765000e-16 1.579000e-16 1.419000e-16 9.066000e-17 7.620000e-17 6.322000e-17 5.090000e-17 4.029000e-17 3.357000e-17 2.583000e-17 2.153000e-17 1.849000e-17 1.427000e-17 1.173000e-17 9.946000e-18 8.609000e-18 7.562000e-18 6.055000e-18 5.027000e-18 4.425000e-18 3.318000e-18 2.612000e-18 2.118000e-18 1.757000e-18 1.483000e-18 1.268000e-18 1.096000e-18 9.551000e-19 8.407000e-19 7.423000e-19 6.582000e-19 5.616000e-19 2.676000e-19 8.797000e-20 3.510000e-20
 36 1.971000e-16 1.837000e-16 1.649000e-16 1.489000e-16 9.573000e-17 8.048000e-17 6.681000e-17 5.383000e-17 4.265000e-17 3.555000e-17 2.737000e-17 2.283000e-17 1.963000e-17 1.517000e-17 1.247000e-17 1.059000e-17 9.174000e-18 8.063000e-18 6.460000e-18 5.366000e-18 4.726000e-18 3.544000e-18 2.791000e-18 2.265000e-18 1.881000e-18 1.586000e-18 1.356000e-18 1.172000e-18 1.021000e-18 8.979000e-19 7.942000e-19 7.045000e-19 6.003000e-19 2.870000e-19 9.461000e-20 3.784000e-20
 37 2.023000e-16 1.909000e-16 1.721000e-16 1.561000e-16 1.009000e-16 8.488000e-17 7.049000e-17 5.683000e-17 4.504000e-17 3.759000e-17 2.894000e-17 2.415000e-17 2.079000e-17 1.609000e-17 1.325000e-17 1.125000e-17 9.756000e-18 8.579000e-18 6.878000e-18 5.718000e-18 5.038000e-18 3.779000e-18 2.978000e-18 2.418000e-18 2.009000e-18 1.692000e-18 1.448000e-18 1.251000e-18 1.090000e-18 9.573000e-19 8.473000e-19 7.519000e-19 6.405000e-19 3.063000e-19 1.015000e-19 4.071000e-20
 38 2.076000e-16 1.977000e-16 1.794000e-16 1.634000e-16 1.063000e-16 8.940000e-17 7.428000e-17 6.009000e-17 4.828000e-17 4.113000e-17 3.283000e-17 2.788000e-17 2.411000e-17 1.852000e-17 1.508000e-17 1.269000e-17 1.092000e-17 9.546000e-18 7.589000e-18 6.271000e-18 5.507000e-18 4.107000e-18 3.223000e-18 2.613000e-18 2.163000e-18 1.821000e-18 1.555000e-18 1.342000e-18 1.169000e-18 1.025000e-18 9.070000e-19 8.053000e-19 6.852000e-19 3.271000e-19 1.088000e-19 4.372000e-20
 39 2.128000e-16 2.043000e-16 1.868000e-16 1.710000e-16 1.118000e-16 9.403000e-17 7.816000e-17 6.326000e-17 5.084000e-17 4.328000e-17 3.458000e-17 2.938000e-17 2.542000e-17 1.956000e-17 1.594000e-17 1.343000e-17 1.156000e-17 1.011000e-17 8.046000e-18 6.654000e-18 5.844000e-18 4.362000e-18 3.425000e-18 2.777000e-18 2.299000e-18 1.937000e-18 1.654000e-18 1.428000e-18 1.244000e-18 1.090000e-18 9.634000e-19 8.569000e-19 7.293000e-19 3.480000e-19 1.163000e-19 4.684000e-20
 40 2.182000e-16 2.184000e-16 2.169000e-16 2.127000e-16 1.598000e-16 1.356000e-16 1.130000e-16 9.150000e-17 7.295000e-17 6.100000e-17 4.656000e-17 3.799000e-17 3.176000e-17 2.326000e-17 1.845000e-17 1.528000e-17 1.300000e-17 1.127000e-17 8.866000e-18 7.281000e-18 6.368000e-18 4.721000e-18 3.692000e-18 2.984000e-18 2.466000e-18 2.076000e-18 1.768000e-18 1.526000e-18 1.327000e-18 1.163000e-18 1.026000e-18 9.125000e-19 7.768000e-19 3.700000e-19 1.240000e-19 5.007000e-20
 41 2.235000e-16 2.245000e-16 2.230000e-16 2.193000e-16 1.670000e-16 1.418000e-16 1.182000e-16 9.578000e-17 7.640000e-17 6.392000e-17 4.883000e-17 3.987000e-17 3.336000e-17 2.446000e-17 1.942000e-17 1.610000e-17 1.370000e-17 1.189000e-17 9.360000e-18 7.690000e-18 6.729000e-18 4.994000e-18 3.905000e-18 3.158000e-18 2.611000e-18 2.200000e-18 1.873000e-18 1.616000e-18 1.405000e-18 1.232000e-18 1.087000e-18 9.656000e-19 8.232000e-19 3.921000e-19 1.321000e-19 5.345000e-20
 42 2.683000e-16 2.642000e-16 2.478000e-16 2.317000e-16 1.687000e-16 1.436000e-16 1.195000e-16 9.681000e-17 7.716000e-17 6.454000e-17 4.922000e-17 4.011000e-17 3.347000e-17 2.441000e-17 1.928000e-17 1.591000e-17 1.349000e-17 1.166000e-17 9.112000e-18 7.436000e-18 6.475000e-18 4.740000e-18 3.658000e-18 2.923000e-18 2.390000e-18 1.986000e-18 1.672000e-18 1.427000e-18 1.227000e-18 1.066000e-18 9.296000e-19 8.188000e-19 6.914000e-19 3.155000e-19 1.086000e-19 4.652000e-20
 43 2.745000e-16 2.712000e-16 2.558000e-16 2.399000e-16 1.757000e-16 1.503000e-16 1.252000e-16 1.014000e-16 8.087000e-17 6.767000e-17 5.163000e-17 4.214000e-17 3.517000e-17 2.569000e-17 2.037000e-17 1.685000e-17 1.434000e-17 1.243000e-17 9.785000e-18 8.032000e-18 7.024000e-18 5.190000e-18 4.036000e-18 3.246000e-18 2.671000e-18 2.230000e-18 1.890000e-18 1.618000e-18 1.398000e-18 1.218000e-18 1.067000e-18 9.410000e-19 8.000000e-19 3.722000e-19 1.296000e-19 5.579000e-20
 44 2.807000e-16 2.782000e-16 2.639000e-16 2.482000e-16 1.829000e-16 1.571000e-16 1.309000e-16 1.061000e-16 8.466000e-17 7.085000e-17 5.414000e-17 4.419000e-17 3.694000e-17 2.704000e-17 2.148000e-17 1.783000e-17 1.521000e-17 1.324000e-17 1.048000e-17 8.648000e-18 7.591000e-18 5.655000e-18 4.429000e-18 3.581000e-18 2.961000e-18 2.484000e-18 2.115000e-18 1.814000e-18 1.574000e-18 1.375000e-18 1.209000e-18 1.068000e-18 9.102000e-19 4.301000e-19 1.514000e-19 6.545000e-20
 45 2.869000e-16 2.853000e-16 2.721000e-16 2.566000e-16 1.902000e-16 1.642000e-16 1.368000e-16 1.109000e-16 8.853000e-17 7.413000e-17 5.669000e-17 4.631000e-17 3.876000e-17 2.842000e-17 2.263000e-17 1.883000e-17 1.612000e-17 1.406000e-17 1.120000e-17 9.286000e-18 8.175000e-18 6.138000e-18 4.834000e-18 3.928000e-18 3.260000e-18 2.746000e-18 2.345000e-18 2.018000e-18 1.756000e-18 1.537000e-18 1.355000e-18 1.199000e-18 1.023000e-18 4.901000e-19 1.739000e-19 7.549000e-20
 46 2.932000e-16 2.923000e-16 2.803000e-16 2.652000e-16 1.977000e-16 1.714000e-16 1.428000e-16 1.158000e-16 9.249000e-17 7.748000e-17 5.931000e-17 4.849000e-17 4.061000e-17 2.984000e-17 2.382000e-17 1.987000e-17 1.705000e-17 1.492000e-17 1.194000e-17 9.944000e-18 8.780000e-18 6.635000e-18 5.252000e-18 4.286000e-18 3.569000e-18 3.018000e-18 2.581000e-18 2.229000e-18 1.943000e-18 1.705000e-18 1.506000e-18 1.335000e-18 1.140000e-18 5.522000e-19 1.973000e-19 8.593000e-20
 47 2.994000e-16 2.994000e-16 2.878000e-16 2.731000e-16 2.053000e-16 1.787000e-16 1.489000e-16 1.208000e-16 9.654000e-17 8.091000e-17 6.198000e-17 5.072000e-17 4.251000e-17 3.130000e-17 2.503000e-17 2.094000e-17 1.802000e-17 1.581000e-17 1.271000e-17 1.062000e-17 9.408000e-18 7.148000e-18 5.685000e-18 4.653000e-18 3.888000e-18 3.298000e-18 2.825000e-18 2.448000e-18 2.135000e-18 1.877000e-18 1.660000e-18 1.476000e-18 1.261000e-18 6.164000e-19 2.215000e-19 9.676000e-20
 48 3.056000e-16 3.056000e-16 2.954000e-16 2.809000e-16 2.130000e-16 1.862000e-16 1.552000e-16 1.259000e-16 1.007000e-16 8.441000e-17 6.471000e-17 5.299000e-17 4.445000e-17 3.282000e-17 2.635000e-17 2.212000e-17 1.911000e-17 1.681000e-17 1.359000e-17 1.140000e-17 1.012000e-17 7.721000e-18 6.161000e-18 5.054000e-18 4.233000e-18 3.598000e-18 3.088000e-18 2.682000e-18 2.340000e-18 2.060000e-18 1.824000e-18 1.624000e-18 1.388000e-18 6.818000e-19 2.473000e-19 1.080000e-19
 49 3.118000e-16 3.118000e-16 3.030000e-16 2.889000e-16 2.209000e-16 1.933000e-16 1.616000e-16 1.311000e-16 1.049000e-16 8.795000e-17 6.750000e-17 5.532000e-17 4.644000e-17 3.436000e-17 2.765000e-17 2.328000e-17 2.015000e-17 1.778000e-17 1.442000e-17 1.215000e-17 1.080000e-17 8.278000e-18 6.627000e-18 5.451000e-18 4.575000e-18 3.895000e-18 3.351000e-18 2.913000e-18 2.546000e-18 2.246000e-18 1.990000e-18 1.773000e-18 1.518000e-18 7.492000e-19 2.729000e-19 1.197000e-19
 50 3.180000e-16 3.180000e-16 3.107000e-16 2.970000e-16 2.289000e-16 2.002000e-16 1.681000e-16 1.365000e-16 1.092000e-16 9.160000e-17 7.032000e-17 5.769000e-17 4.847000e-17 3.594000e-17 2.898000e-17 2.446000e-17 2.124000e-17 1.878000e-17 1.529000e-17 1.291000e-17 1.150000e-17 8.851000e-18 7.106000e-18 5.860000e-18 4.928000e-18 4.202000e-18 3.623000e-18 3.150000e-18 2.760000e-18 2.435000e-18 2.160000e-18 1.926000e-18 1.652000e-18 8.178000e-19 2.994000e-19 1.317000e-19
 51 3.243000e-16 3.243000e-16 3.185000e-16 3.051000e-16 2.371000e-16 2.073000e-16 1.748000e-16 1.419000e-16 1.136000e-16 9.532000e-17 7.323000e-17 6.011000e-17 5.054000e-17 3.755000e-17 3.036000e-17 2.569000e-17 2.235000e-17 1.981000e-17 1.619000e-17 1.370000e-17 1.223000e-17 9.445000e-18 7.600000e-18 6.282000e-18 5.292000e-18 4.519000e-18 3.903000e-18 3.395000e-18 2.982000e-18 2.629000e-18 2.336000e-18 2.084000e-18 1.791000e-18 8.887000e-19 3.267000e-19 1.442000e-19
 52 3.305000e-16 3.305000e-16 3.260000e-16 3.134000e-16 2.455000e-16 2.145000e-16 1.816000e-16 1.474000e-16 1.181000e-16 9.911000e-17 7.621000e-17 6.265000e-17 5.291000e-17 4.000000e-17 3.282000e-17 2.810000e-17 2.461000e-17 2.188000e-17 1.792000e-17 1.516000e-17 1.351000e-17 1.040000e-17 8.346000e-18 6.880000e-18 5.785000e-18 4.935000e-18 4.259000e-18 3.702000e-18 3.251000e-18 2.864000e-18 2.544000e-18 2.270000e-18 1.949000e-18 9.664000e-19 3.557000e-19 1.573000e-19
 53 3.367000e-16 3.367000e-16 3.330000e-16 3.217000e-16 2.532000e-16 2.218000e-16 1.885000e-16 1.531000e-16 1.226000e-16 1.030000e-16 7.923000e-17 6.518000e-17 5.509000e-17 4.173000e-17 3.432000e-17 2.944000e-17 2.583000e-17 2.300000e-17 1.889000e-17 1.602000e-17 1.430000e-17 1.103000e-17 8.874000e-18 7.330000e-18 6.169000e-18 5.269000e-18 4.553000e-18 3.964000e-18 3.480000e-18 3.072000e-18 2.730000e-18 2.437000e-18 2.095000e-18 1.042000e-18 3.847000e-19 1.706000e-19
 54 3.430000e-16 3.430000e-16 3.400000e-16 3.292000e-16 2.609000e-16 2.292000e-16 1.955000e-16 1.588000e-16 1.273000e-16 1.069000e-16 8.231000e-17 6.775000e-17 5.731000e-17 4.348000e-17 3.584000e-17 3.080000e-17 2.706000e-17 2.414000e-17 1.987000e-17 1.689000e-17 1.509000e-17 1.168000e-17 9.412000e-18 7.787000e-18 6.563000e-18 5.613000e-18 4.853000e-18 4.232000e-18 3.716000e-18 3.286000e-18 2.920000e-18 2.609000e-18 2.244000e-18 1.119000e-18 4.146000e-19 1.850000e-19
 55 3.492000e-16 3.492000e-16 3.471000e-16 3.368000e-16 2.687000e-16 2.367000e-16 2.027000e-16 1.647000e-16 1.320000e-16 1.109000e-16 8.545000e-17 7.038000e-17 5.956000e-17 4.523000e-17 3.737000e-17 3.216000e-17 2.831000e-17 2.529000e-17 2.087000e-17 1.777000e-17 1.590000e-17 1.233000e-17 9.959000e-18 8.254000e-18 6.966000e-18 5.964000e-18 5.161000e-18 4.507000e-18 3.959000e-18 3.507000e-18 3.114000e-18 2.786000e-18 2.397000e-18 1.200000e-18 4.454000e-19 1.990000e-19
 56 3.555000e-16 3.555000e-16 3.542000e-16 3.444000e-16 2.766000e-16 2.444000e-16 2.100000e-16 1.707000e-16 1.370000e-16 1.158000e-16 9.116000e-17 7.716000e-17 6.698000e-17 5.250000e-17 4.369000e-17 3.751000e-17 3.283000e-17 2.913000e-17 2.375000e-17 2.002000e-17 1.781000e-17 1.366000e-17 1.094000e-17 9.023000e-18 7.587000e-18 6.478000e-18 5.594000e-18 4.877000e-18 4.278000e-18 3.785000e-18 3.359000e-18 3.002000e-18 2.581000e-18 1.289000e-18 4.782000e-19 2.136000e-19
 57 3.617000e-16 3.617000e-16 3.613000e-16 3.521000e-16 2.846000e-16 2.522000e-16 2.174000e-16 1.768000e-16 1.420000e-16 1.201000e-16 9.466000e-17 8.025000e-17 6.976000e-17 5.480000e-17 4.568000e-17 3.926000e-17 3.440000e-17 3.055000e-17 2.494000e-17 2.105000e-17 1.874000e-17 1.439000e-17 1.155000e-17 9.530000e-18 8.022000e-18 6.854000e-18 5.922000e-18 5.167000e-18 4.537000e-18 4.013000e-18 3.567000e-18 3.187000e-18 2.743000e-18 1.373000e-18 5.105000e-19 2.283000e-19
 58 3.680000e-16 3.680000e-16 3.680000e-16 3.608000e-16 3.234000e-16 3.065000e-16 2.793000e-16 2.345000e-16 1.897000e-16 1.599000e-16 1.238000e-16 1.023000e-16 8.667000e-17 6.515000e-17 5.283000e-17 4.459000e-17 3.857000e-17 3.394000e-17 2.737000e-17 2.292000e-17 2.032000e-17 1.550000e-17 1.239000e-17 1.020000e-17 8.568000e-18 7.310000e-18 6.313000e-18 5.504000e-18 4.834000e-18 4.272000e-18 3.800000e-18 3.392000e-18 2.919000e-18 1.462000e-18 5.447000e-19 2.434000e-19
 59 3.742000e-16 3.742000e-16 3.743000e-16 3.685000e-16 3.321000e-16 3.161000e-16 2.895000e-16 2.438000e-16 1.975000e-16 1.665000e-16 1.289000e-16 1.066000e-16 9.038000e-17 6.800000e-17 5.519000e-17 4.661000e-17 4.034000e-17 3.552000e-17 2.867000e-17 2.404000e-17 2.132000e-17 1.629000e-17 1.303000e-17 1.074000e-17 9.029000e-18 7.706000e-18 6.661000e-18 5.809000e-18 5.108000e-18 4.513000e-18 4.020000e-18 3.587000e-18 3.089000e-18 1.551000e-18 5.787000e-19 2.591000e-19
 60 4.361000e-16 4.361000e-16 4.361000e-16 4.309000e-16 3.650000e-16 3.320000e-16 2.953000e-16 2.513000e-16 2.074000e-16 1.748000e-16 1.354000e-16 1.119000e-16 9.489000e-17 7.145000e-17 5.798000e-17 4.894000e-17 4.241000e-17 3.736000e-17 3.026000e-17 2.546000e-17 2.265000e-17 1.742000e-17 1.401000e-17 1.160000e-17 9.784000e-18 8.373000e-18 7.251000e-18 6.333000e-18 5.574000e-18 4.930000e-18 4.391000e-18 3.922000e-18 3.377000e-18 1.690000e-18 6.296000e-19 2.834000e-19
 61 4.433000e-16 4.433000e-16 4.433000e-16 4.389000e-16 3.745000e-16 3.413000e-16 3.033000e-16 2.588000e-16 2.143000e-16 1.806000e-16 1.400000e-16 1.158000e-16 9.818000e-17 7.398000e-17 6.010000e-17 5.078000e-17 4.407000e-17 3.891000e-17 3.167000e-17 2.679000e-17 2.393000e-17 1.860000e-17 1.510000e-17 1.260000e-17 1.071000e-17 9.221000e-18 8.031000e-18 7.052000e-18 6.237000e-18 5.543000e-18 4.955000e-18 4.448000e-18 3.848000e-18 1.972000e-18 7.557000e-19 3.474000e-19
 62 4.505000e-16 4.505000e-16 4.505000e-16 4.469000e-16 3.840000e-16 3.505000e-16 3.114000e-16 2.664000e-16 2.213000e-16 1.866000e-16 1.446000e-16 1.197000e-16 1.015000e-16 7.657000e-17 6.225000e-17 5.266000e-17 4.577000e-17 4.050000e-17 3.312000e-17 2.816000e-17 2.525000e-17 1.981000e-17 1.622000e-17 1.362000e-17 1.165000e-17 1.009000e-17 8.828000e-18 7.784000e-18 6.913000e-18 6.169000e-18 5.531000e-18 4.987000e-18 4.329000e-18 2.259000e-18 8.846000e-19 4.128000e-19
 63 4.578000e-16 4.578000e-16 4.578000e-16 4.549000e-16 3.935000e-16 3.591000e-16 3.197000e-16 2.742000e-16 2.285000e-16 1.927000e-16 1.493000e-16 1.237000e-16 1.049000e-16 7.920000e-17 6.443000e-17 5.458000e-17 4.750000e-17 4.211000e-17 3.459000e-17 2.955000e-17 2.660000e-17 2.105000e-17 1.736000e-17 1.467000e-17 1.261000e-17 1.097000e-17 9.637000e-18 8.532000e-18 7.601000e-18 6.809000e-18 6.120000e-18 5.533000e-18 4.820000e-18 2.552000e-18 1.016000e-18 4.799000e-19
 64 4.650000e-16 4.650000e-16 4.650000e-16 4.629000e-16 4.024000e-16 3.678000e-16 3.281000e-16 2.820000e-16 2.357000e-16 1.989000e-16 1.546000e-16 1.290000e-16 1.108000e-16 8.656000e-17 7.256000e-17 6.289000e-17 5.565000e-17 4.989000e-17 4.144000e-17 3.550000e-17 3.193000e-17 2.510000e-17 2.053000e-17 1.723000e-17 1.472000e-17 1.274000e-17 1.115000e-17 9.839000e-18 8.742000e-18 7.814000e-18 7.013000e-18 6.328000e-18 5.507000e-18 2.909000e-18 1.161000e-18 5.509000e-19
 65 4.722000e-16 4.722000e-16 4.722000e-16 4.710000e-16 4.113000e-16 3.766000e-16 3.365000e-16 2.900000e-16 2.431000e-16 2.052000e-16 1.601000e-16 1.344000e-16 1.162000e-16 9.173000e-17 7.731000e-17 6.722000e-17 5.960000e-17 5.351000e-17 4.450000e-17 3.821000e-17 3.440000e-17 2.711000e-17 2.222000e-17 1.868000e-17 1.599000e-17 1.387000e-17 1.215000e-17 1.074000e-17 9.562000e-18 8.558000e-18 7.693000e-18 6.948000e-18 6.060000e-18 3.224000e-18 1.301000e-18 6.213000e-19
 66 7.982000e-16 7.982000e-16 7.982000e-16 7.981000e-16 7.706000e-16 7.442000e-16 6.780000e-16 5.905000e-16 5.017000e-16 4.355000e-16 3.522000e-16 2.957000e-16 2.523000e-16 1.925000e-16 1.582000e-16 1.351000e-16 1.182000e-16 1.050000e-16 8.619000e-17 7.330000e-17 6.564000e-17 5.119000e-17 4.169000e-17 3.485000e-17 2.968000e-17 2.563000e-17 2.236000e-17 1.968000e-17 1.744000e-17 1.555000e-17 1.394000e-17 1.254000e-17 1.089000e-17 5.645000e-18 2.161000e-18 1.006000e-18
 67 5.523000e-16 5.523000e-16 5.523000e-16 5.523000e-16 4.951000e-16 4.601000e-16 4.195000e-16 3.722000e-16 3.238000e-16 2.837000e-16 2.345000e-16 1.960000e-16 1.671000e-16 1.273000e-16 1.045000e-16 8.917000e-17 7.794000e-17 6.928000e-17 5.684000e-17 4.839000e-17 4.337000e-17 3.392000e-17 2.774000e-17 2.328000e-17 1.991000e-17 1.725000e-17 1.511000e-17 1.335000e-17 1.187000e-17 1.062000e-17 9.550000e-18 8.616000e-18 7.514000e-18 3.962000e-18 1.571000e-18 7.354000e-19
 68 5.961000e-16 5.961000e-16 5.961000e-16 5.961000e-16 5.409000e-16 5.058000e-16 4.648000e-16 4.177000e-16 3.675000e-16 3.271000e-16 2.760000e-16 2.371000e-16 2.070000e-16 1.657000e-16 1.414000e-16 1.213000e-16 1.065000e-16 9.514000e-17 7.878000e-17 6.763000e-17 6.100000e-17 4.847000e-17 4.020000e-17 3.422000e-17 2.964000e-17 2.602000e-17 2.308000e-17 2.063000e-17 1.856000e-17 1.679000e-17 1.529000e-17 1.395000e-17 1.236000e-17 7.040000e-18 3.136000e-18 1.611000e-18
 69 6.364000e-16 6.364000e-16 6.364000e-16 6.364000e-16 5.833000e-16 5.481000e-16 5.069000e-16 4.589000e-16 4.075000e-16 3.669000e-16 3.146000e-16 2.755000e-16 2.447000e-16 2.025000e-16 1.778000e-16 1.529000e-16 1.346000e-16 1.206000e-16 1.004000e-16 8.657000e-17 7.836000e-17 6.283000e-17 5.252000e-17 4.503000e-17 3.928000e-17 3.471000e-17 3.098000e-17 2.786000e-17 2.521000e-17 2.293000e-17 2.100000e-17 1.927000e-17 1.720000e-17 1.014000e-17 4.725000e-18 2.505000e-18
