n   Temperature [K]
 36 5.802259e+03 1.160452e+04 1.740678e+04 2.320904e+04 5.802259e+04 8.123163e+04 1.160452e+05 1.740678e+05 2.669039e+05 3.713446e+05 6.034349e+05 8.587343e+05 1.160452e+06 1.914745e+06 2.727062e+06 3.597401e+06 4.525762e+06 5.512146e+06 7.600959e+06 9.805818e+06 1.160452e+07 1.672211e+07 2.233870e+07 2.847749e+07 3.516169e+07 4.241451e+07 5.025917e+07 5.871886e+07 6.781680e+07 7.757620e+07 8.802027e+07 9.917221e+07 1.160452e+08 2.320904e+08 5.802259e+08 1.160452e+09
Q   Rate [m3/s]
  1 1.759000e-18 1.146000e-18 8.776000e-19 7.196000e-19 3.606000e-19 2.730000e-19 2.001000e-19 1.377000e-19 9.094000e-20 6.522000e-20 3.867000e-20 2.622000e-20 1.843000e-20 1.002000e-20 6.663000e-21 4.902000e-21 3.692000e-21 2.901000e-21 1.947000e-21 1.413000e-21 1.141000e-21 7.141000e-22 4.905000e-22 3.572000e-22 2.707000e-22 2.113000e-22 1.687000e-22 1.371000e-22 1.131000e-22 9.448000e-23 7.974000e-23 6.792000e-23 5.495000e-23 2.144000e-23 6.097000e-24 2.336000e-24
  2 3.084000e-18 2.039000e-18 1.580000e-18 1.307000e-18 6.770000e-19 5.195000e-19 3.864000e-19 2.709000e-19 1.821000e-19 1.317000e-19 8.032000e-20 5.479000e-20 3.922000e-20 2.184000e-20 1.422000e-20 1.029000e-20 7.944000e-21 6.314000e-21 4.273000e-21 3.119000e-21 2.527000e-21 1.592000e-21 1.099000e-21 8.026000e-22 6.099000e-22 4.771000e-22 3.817000e-22 3.108000e-22 2.568000e-22 2.147000e-22 1.815000e-22 1.547000e-22 1.253000e-22 4.917000e-23 1.406000e-23 5.406000e-24
  3 4.891000e-18 3.284000e-18 2.563000e-18 2.139000e-18 1.142000e-18 8.876000e-19 6.699000e-19 4.776000e-19 3.267000e-19 2.397000e-19 1.482000e-19 1.032000e-19 7.448000e-20 4.276000e-20 2.816000e-20 2.010000e-20 1.530000e-20 1.219000e-20 8.389000e-21 6.220000e-21 5.036000e-21 3.196000e-21 2.217000e-21 1.626000e-21 1.239000e-21 9.720000e-22 7.792000e-22 6.356000e-22 5.260000e-22 4.406000e-22 3.728000e-22 3.182000e-22 2.582000e-22 1.019000e-22 2.931000e-23 1.131000e-23
  4 7.342000e-18 4.987000e-18 3.934000e-18 3.304000e-18 1.814000e-18 1.427000e-18 1.092000e-18 7.914000e-19 5.519000e-19 4.112000e-19 2.598000e-19 1.826000e-19 1.343000e-19 7.804000e-20 5.240000e-20 3.806000e-20 2.906000e-20 2.283000e-20 1.567000e-20 1.160000e-20 9.509000e-21 6.129000e-21 4.278000e-21 3.153000e-21 2.413000e-21 1.898000e-21 1.526000e-21 1.247000e-21 1.034000e-21 8.677000e-22 7.354000e-22 6.287000e-22 5.110000e-22 2.030000e-22 5.884000e-23 2.281000e-23
  5 1.043000e-17 7.150000e-18 5.679000e-18 4.795000e-18 2.694000e-18 2.142000e-18 1.659000e-18 1.220000e-18 8.648000e-19 6.530000e-19 4.214000e-19 3.008000e-19 2.226000e-19 1.319000e-19 9.026000e-20 6.588000e-20 5.053000e-20 4.061000e-20 2.742000e-20 2.030000e-20 1.660000e-20 1.079000e-20 7.630000e-21 5.652000e-21 4.342000e-21 3.427000e-21 2.762000e-21 2.264000e-21 1.881000e-21 1.581000e-21 1.342000e-21 1.149000e-21 9.357000e-22 3.744000e-22 1.093000e-22 4.256000e-23
  6 1.858000e-17 1.288000e-17 1.034000e-17 8.815000e-18 5.160000e-18 4.183000e-18 3.313000e-18 2.522000e-18 1.858000e-18 1.449000e-18 9.844000e-19 7.308000e-19 5.601000e-19 3.516000e-19 2.480000e-19 1.881000e-19 1.475000e-19 1.192000e-19 8.413000e-20 6.345000e-20 5.308000e-20 3.357000e-20 2.360000e-20 1.773000e-20 1.394000e-20 1.133000e-20 9.161000e-21 7.573000e-21 6.339000e-21 5.363000e-21 4.579000e-21 3.941000e-21 3.230000e-21 1.325000e-21 3.964000e-22 1.566000e-22
  7 2.347000e-17 1.633000e-17 1.314000e-17 1.122000e-17 6.635000e-18 5.403000e-18 4.304000e-18 3.293000e-18 2.442000e-18 1.915000e-18 1.313000e-18 9.820000e-19 7.568000e-19 4.787000e-19 3.407000e-19 2.585000e-19 2.044000e-19 1.662000e-19 1.178000e-19 8.870000e-20 7.366000e-20 4.800000e-20 3.354000e-20 2.506000e-20 1.959000e-20 1.584000e-20 1.314000e-20 1.079000e-20 9.048000e-21 7.666000e-21 6.553000e-21 5.646000e-21 4.634000e-21 1.910000e-21 5.745000e-22 2.276000e-22
  8 2.890000e-17 2.016000e-17 1.625000e-17 1.391000e-17 8.288000e-18 6.775000e-18 5.424000e-18 4.168000e-18 3.111000e-18 2.452000e-18 1.695000e-18 1.274000e-18 9.883000e-19 6.311000e-19 4.515000e-19 3.433000e-19 2.727000e-19 2.222000e-19 1.578000e-19 1.197000e-19 9.925000e-20 6.618000e-20 4.603000e-20 3.422000e-20 2.663000e-20 2.143000e-20 1.770000e-20 1.492000e-20 1.241000e-20 1.052000e-20 9.008000e-21 7.769000e-21 6.384000e-21 2.644000e-21 7.989000e-22 3.173000e-22
  9 3.465000e-17 2.437000e-17 1.968000e-17 1.687000e-17 1.012000e-17 8.300000e-18 6.672000e-18 5.140000e-18 3.864000e-18 3.060000e-18 2.129000e-18 1.609000e-18 1.254000e-18 8.079000e-19 5.803000e-19 4.443000e-19 3.530000e-19 2.896000e-19 2.059000e-19 1.569000e-19 1.301000e-19 8.718000e-20 6.156000e-20 4.547000e-20 3.525000e-20 2.826000e-20 2.325000e-20 1.952000e-20 1.667000e-20 1.400000e-20 1.199000e-20 1.035000e-20 8.519000e-21 3.544000e-21 1.075000e-21 4.282000e-22
 10 4.127000e-17 3.040000e-17 2.460000e-17 2.112000e-17 1.276000e-17 1.051000e-17 8.495000e-18 6.593000e-18 4.989000e-18 3.977000e-18 2.797000e-18 2.133000e-18 1.674000e-18 1.093000e-18 7.936000e-19 6.107000e-19 4.885000e-19 4.010000e-19 2.883000e-19 2.200000e-19 1.843000e-19 1.231000e-19 8.947000e-20 6.589000e-20 5.081000e-20 4.054000e-20 3.320000e-20 2.776000e-20 2.361000e-20 2.037000e-20 1.738000e-20 1.503000e-20 1.239000e-20 5.196000e-21 1.589000e-21 6.351000e-22
 11 4.707000e-17 3.556000e-17 2.880000e-17 2.475000e-17 1.503000e-17 1.241000e-17 1.005000e-17 7.835000e-18 5.950000e-18 4.761000e-18 3.367000e-18 2.578000e-18 2.031000e-18 1.335000e-18 9.740000e-19 7.518000e-19 6.030000e-19 4.957000e-19 3.587000e-19 2.745000e-19 2.288000e-19 1.535000e-19 1.121000e-19 8.375000e-20 6.430000e-20 5.116000e-20 4.178000e-20 3.484000e-20 2.955000e-20 2.543000e-20 2.215000e-20 1.900000e-20 1.568000e-20 6.603000e-21 2.027000e-21 8.121000e-22
 12 5.646000e-17 4.550000e-17 3.691000e-17 3.176000e-17 1.943000e-17 1.610000e-17 1.312000e-17 1.030000e-17 7.874000e-18 6.358000e-18 4.556000e-18 3.526000e-18 2.804000e-18 1.874000e-18 1.385000e-18 1.081000e-18 8.732000e-19 7.240000e-19 5.279000e-19 4.074000e-19 3.425000e-19 2.329000e-19 1.688000e-19 1.300000e-19 1.004000e-19 7.943000e-20 6.451000e-20 5.351000e-20 4.517000e-20 3.868000e-20 3.354000e-20 2.940000e-20 2.483000e-20 1.041000e-20 3.230000e-21 1.303000e-21
 13 6.302000e-17 5.176000e-17 4.202000e-17 3.618000e-17 2.219000e-17 1.842000e-17 1.504000e-17 1.184000e-17 9.081000e-18 7.346000e-18 5.285000e-18 4.103000e-18 3.273000e-18 2.197000e-18 1.630000e-18 1.276000e-18 1.033000e-18 8.575000e-19 6.263000e-19 4.859000e-19 4.074000e-19 2.773000e-19 2.019000e-19 1.550000e-19 1.220000e-19 9.621000e-20 7.799000e-20 6.457000e-20 5.439000e-20 4.649000e-20 4.023000e-20 3.519000e-20 2.963000e-20 1.260000e-20 3.926000e-21 1.586000e-21
 14 5.450000e-17 3.850000e-17 3.120000e-17 2.682000e-17 1.629000e-17 1.343000e-17 1.087000e-17 8.444000e-18 6.384000e-18 5.076000e-18 3.546000e-18 2.684000e-18 2.091000e-18 1.345000e-18 9.664000e-19 7.373000e-19 5.851000e-19 4.764000e-19 3.373000e-19 2.551000e-19 2.110000e-19 1.392000e-19 9.874000e-20 7.409000e-20 5.765000e-20 4.644000e-20 3.785000e-20 3.158000e-20 2.675000e-20 2.255000e-20 1.930000e-20 1.664000e-20 1.368000e-20 5.665000e-21 1.711000e-21 6.796000e-22
 15 6.095000e-17 4.380000e-17 3.554000e-17 3.058000e-17 1.864000e-17 1.540000e-17 1.250000e-17 9.757000e-18 7.409000e-18 5.916000e-18 4.160000e-18 3.166000e-18 2.478000e-18 1.607000e-18 1.161000e-18 8.908000e-19 7.086000e-19 5.783000e-19 4.119000e-19 3.114000e-19 2.596000e-19 1.708000e-19 1.225000e-19 9.147000e-20 7.124000e-20 5.722000e-20 4.677000e-20 3.897000e-20 3.296000e-20 2.824000e-20 2.399000e-20 2.071000e-20 1.705000e-20 7.094000e-21 2.152000e-21 8.569000e-22
 16 6.779000e-17 4.946000e-17 4.021000e-17 3.463000e-17 2.118000e-17 1.754000e-17 1.427000e-17 1.118000e-17 8.523000e-18 6.832000e-18 4.835000e-18 3.698000e-18 2.907000e-18 1.899000e-18 1.379000e-18 1.062000e-18 8.483000e-19 6.968000e-19 4.974000e-19 3.776000e-19 3.138000e-19 2.081000e-19 1.502000e-19 1.120000e-19 8.738000e-20 6.997000e-20 5.744000e-20 4.767000e-20 4.027000e-20 3.445000e-20 2.980000e-20 2.550000e-20 2.101000e-20 8.787000e-21 2.678000e-21 1.069000e-21
 17 7.504000e-17 5.548000e-17 4.522000e-17 3.896000e-17 2.391000e-17 1.984000e-17 1.618000e-17 1.271000e-17 9.730000e-18 7.827000e-18 5.572000e-18 4.282000e-18 3.380000e-18 2.225000e-18 1.624000e-18 1.254000e-18 1.007000e-18 8.275000e-19 5.951000e-19 4.537000e-19 3.768000e-19 2.511000e-19 1.810000e-19 1.362000e-19 1.059000e-19 8.488000e-20 6.957000e-20 5.811000e-20 4.882000e-20 4.172000e-20 3.604000e-20 3.107000e-20 2.563000e-20 1.078000e-20 3.299000e-21 1.320000e-21
 18 8.268000e-17 6.188000e-17 5.058000e-17 4.360000e-17 2.683000e-17 2.230000e-17 1.822000e-17 1.436000e-17 1.102000e-17 8.902000e-18 6.372000e-18 4.918000e-18 3.897000e-18 2.582000e-18 1.895000e-18 1.470000e-18 1.183000e-18 9.757000e-19 7.042000e-19 5.391000e-19 4.497000e-19 3.011000e-19 2.162000e-19 1.641000e-19 1.274000e-19 1.023000e-19 8.372000e-20 6.978000e-20 5.877000e-20 5.016000e-20 4.328000e-20 3.770000e-20 3.098000e-20 1.310000e-20 4.028000e-21 1.616000e-21
 19 9.022000e-17 6.864000e-17 5.626000e-17 4.855000e-17 2.995000e-17 2.493000e-17 2.041000e-17 1.612000e-17 1.242000e-17 1.006000e-17 7.238000e-18 5.609000e-18 4.462000e-18 2.976000e-18 2.193000e-18 1.708000e-18 1.378000e-18 1.141000e-18 8.287000e-19 6.355000e-19 5.314000e-19 3.569000e-19 2.570000e-19 1.960000e-19 1.524000e-19 1.219000e-19 1.002000e-19 8.328000e-20 7.041000e-20 5.991000e-20 5.164000e-20 4.494000e-20 3.749000e-20 1.578000e-20 4.876000e-21 1.961000e-21
 20 9.771000e-17 7.577000e-17 6.220000e-17 5.382000e-17 3.328000e-17 2.772000e-17 2.274000e-17 1.800000e-17 1.391000e-17 1.130000e-17 8.170000e-18 6.357000e-18 5.074000e-18 3.405000e-18 2.521000e-18 1.971000e-18 1.595000e-18 1.323000e-18 9.651000e-19 7.432000e-19 6.228000e-19 4.188000e-19 3.033000e-19 2.306000e-19 1.809000e-19 1.446000e-19 1.186000e-19 9.885000e-20 8.342000e-20 7.137000e-20 6.124000e-20 5.323000e-20 4.435000e-20 1.892000e-20 5.857000e-21 2.362000e-21
 21 1.055000e-16 8.327000e-17 6.845000e-17 5.942000e-17 3.681000e-17 3.070000e-17 2.522000e-17 2.001000e-17 1.551000e-17 1.263000e-17 9.168000e-18 7.161000e-18 5.736000e-18 3.872000e-18 2.880000e-18 2.259000e-18 1.833000e-18 1.524000e-18 1.116000e-18 8.627000e-19 7.246000e-19 4.890000e-19 3.560000e-19 2.703000e-19 2.136000e-19 1.706000e-19 1.395000e-19 1.166000e-19 9.832000e-20 8.397000e-20 7.220000e-20 6.271000e-20 5.218000e-20 2.242000e-20 6.983000e-21 2.823000e-21
 22 1.137000e-16 9.045000e-17 7.505000e-17 6.538000e-17 4.059000e-17 3.389000e-17 2.786000e-17 2.216000e-17 1.722000e-17 1.405000e-17 1.025000e-17 8.030000e-18 6.452000e-18 4.381000e-18 3.272000e-18 2.574000e-18 2.096000e-18 1.746000e-18 1.285000e-18 9.981000e-19 8.382000e-19 5.690000e-19 4.148000e-19 3.154000e-19 2.491000e-19 2.002000e-19 1.639000e-19 1.365000e-19 1.155000e-19 9.850000e-20 8.498000e-20 7.360000e-20 6.117000e-20 2.643000e-20 8.285000e-21 3.358000e-21
 23 1.215000e-16 9.778000e-17 8.194000e-17 7.149000e-17 4.456000e-17 3.723000e-17 3.066000e-17 2.441000e-17 1.903000e-17 1.555000e-17 1.139000e-17 8.954000e-18 7.216000e-18 4.926000e-18 3.694000e-18 2.916000e-18 2.380000e-18 1.989000e-18 1.468000e-18 1.143000e-18 9.629000e-19 6.563000e-19 4.796000e-19 3.657000e-19 2.883000e-19 2.337000e-19 1.907000e-19 1.587000e-19 1.345000e-19 1.148000e-19 9.893000e-20 8.609000e-20 7.124000e-20 3.092000e-20 9.751000e-21 3.962000e-21
 24 1.293000e-16 1.054000e-16 8.916000e-17 7.787000e-17 4.875000e-17 4.077000e-17 3.360000e-17 2.681000e-17 2.093000e-17 1.715000e-17 1.260000e-17 9.939000e-18 8.033000e-18 5.512000e-18 4.149000e-18 3.287000e-18 2.689000e-18 2.250000e-18 1.667000e-18 1.302000e-18 1.101000e-18 7.535000e-19 5.507000e-19 4.221000e-19 3.326000e-19 2.702000e-19 2.210000e-19 1.842000e-19 1.555000e-19 1.335000e-19 1.147000e-19 9.966000e-20 8.259000e-20 3.596000e-20 1.141000e-20 4.647000e-21
 25 1.374000e-16 1.134000e-16 9.669000e-17 8.452000e-17 5.317000e-17 4.450000e-17 3.671000e-17 2.934000e-17 2.295000e-17 1.884000e-17 1.389000e-17 1.099000e-17 8.904000e-18 6.139000e-18 4.638000e-18 3.683000e-18 3.021000e-18 2.536000e-18 1.884000e-18 1.477000e-18 1.251000e-18 8.594000e-19 6.301000e-19 4.837000e-19 3.817000e-19 3.094000e-19 2.553000e-19 2.121000e-19 1.791000e-19 1.535000e-19 1.324000e-19 1.149000e-19 9.563000e-20 4.159000e-20 1.327000e-20 5.420000e-21
 26 1.373000e-16 1.132000e-16 9.616000e-17 8.308000e-17 5.179000e-17 4.335000e-17 3.576000e-17 2.856000e-17 2.233000e-17 1.832000e-17 1.349000e-17 1.065000e-17 8.634000e-18 6.034000e-18 4.708000e-18 3.902000e-18 3.353000e-18 2.949000e-18 2.388000e-18 2.014000e-18 1.792000e-18 1.376000e-18 1.103000e-18 9.102000e-19 7.649000e-19 6.537000e-19 5.658000e-19 4.920000e-19 4.321000e-19 3.816000e-19 3.393000e-19 3.025000e-19 2.596000e-19 1.235000e-19 3.966000e-20 1.559000e-20
 27 1.439000e-16 1.207000e-16 1.031000e-16 8.918000e-17 5.565000e-17 4.661000e-17 3.847000e-17 3.076000e-17 2.410000e-17 1.980000e-17 1.462000e-17 1.157000e-17 9.402000e-18 6.599000e-18 5.164000e-18 4.291000e-18 3.694000e-18 3.250000e-18 2.638000e-18 2.225000e-18 1.982000e-18 1.522000e-18 1.220000e-18 1.006000e-18 8.466000e-19 7.220000e-19 6.248000e-19 5.439000e-19 4.772000e-19 4.214000e-19 3.745000e-19 3.345000e-19 2.867000e-19 1.369000e-19 4.419000e-20 1.741000e-20
 28 1.505000e-16 1.275000e-16 1.095000e-16 9.550000e-17 5.965000e-17 4.999000e-17 4.129000e-17 3.306000e-17 2.594000e-17 2.132000e-17 1.581000e-17 1.259000e-17 1.034000e-17 7.510000e-18 6.035000e-18 5.090000e-18 4.412000e-18 3.891000e-18 3.146000e-18 2.636000e-18 2.338000e-18 1.774000e-18 1.410000e-18 1.152000e-18 9.636000e-19 8.178000e-19 7.041000e-19 6.126000e-19 5.353000e-19 4.719000e-19 4.181000e-19 3.727000e-19 3.189000e-19 1.520000e-19 4.908000e-20 1.936000e-20
 29 1.573000e-16 1.345000e-16 1.162000e-16 1.020000e-16 6.378000e-17 5.348000e-17 4.421000e-17 3.543000e-17 2.782000e-17 2.292000e-17 1.703000e-17 1.359000e-17 1.119000e-17 8.154000e-18 6.568000e-18 5.548000e-18 4.814000e-18 4.250000e-18 3.440000e-18 2.885000e-18 2.557000e-18 1.945000e-18 1.544000e-18 1.262000e-18 1.055000e-18 8.957000e-19 7.705000e-19 6.707000e-19 5.861000e-19 5.163000e-19 4.574000e-19 4.076000e-19 3.489000e-19 1.673000e-19 5.414000e-20 2.141000e-20
 30 1.637000e-16 1.416000e-16 1.230000e-16 1.088000e-16 6.804000e-17 5.708000e-17 4.723000e-17 3.787000e-17 2.980000e-17 2.458000e-17 1.828000e-17 1.463000e-17 1.207000e-17 8.823000e-18 7.122000e-18 6.026000e-18 5.234000e-18 4.625000e-18 3.747000e-18 3.144000e-18 2.787000e-18 2.121000e-18 1.685000e-18 1.377000e-18 1.152000e-18 9.781000e-19 8.400000e-19 7.305000e-19 6.400000e-19 5.630000e-19 4.991000e-19 4.443000e-19 3.808000e-19 1.828000e-19 5.948000e-20 2.359000e-20
 31 1.697000e-16 1.489000e-16 1.300000e-16 1.157000e-16 7.245000e-17 6.081000e-17 5.034000e-17 4.041000e-17 3.183000e-17 2.629000e-17 1.960000e-17 1.571000e-17 1.298000e-17 9.519000e-18 7.698000e-18 6.522000e-18 5.671000e-18 5.013000e-18 4.067000e-18 3.416000e-18 3.028000e-18 2.306000e-18 1.832000e-18 1.499000e-18 1.252000e-18 1.063000e-18 9.132000e-19 7.938000e-19 6.962000e-19 6.122000e-19 5.424000e-19 4.828000e-19 4.137000e-19 1.990000e-19 6.513000e-20 2.589000e-20
 32 1.758000e-16 1.564000e-16 1.372000e-16 1.227000e-16 7.699000e-17 6.464000e-17 5.355000e-17 4.303000e-17 3.393000e-17 2.806000e-17 2.096000e-17 1.683000e-17 1.393000e-17 1.024000e-17 8.299000e-18 7.040000e-18 6.127000e-18 5.421000e-18 4.401000e-18 3.698000e-18 3.280000e-18 2.498000e-18 1.986000e-18 1.626000e-18 1.357000e-18 1.152000e-18 9.902000e-19 8.595000e-19 7.537000e-19 6.640000e-19 5.876000e-19 5.234000e-19 4.479000e-19 2.159000e-19 7.103000e-20 2.830000e-20
 33 1.819000e-16 1.634000e-16 1.446000e-16 1.292000e-16 8.166000e-17 6.860000e-17 5.686000e-17 4.572000e-17 3.608000e-17 2.988000e-17 2.237000e-17 1.799000e-17 1.491000e-17 1.099000e-17 8.923000e-18 7.578000e-18 6.601000e-18 5.844000e-18 4.748000e-18 3.992000e-18 3.543000e-18 2.699000e-18 2.148000e-18 1.759000e-18 1.467000e-18 1.246000e-18 1.071000e-18 9.287000e-19 8.141000e-19 7.180000e-19 6.351000e-19 5.655000e-19 4.839000e-19 2.336000e-19 7.727000e-20 3.087000e-20
 34 1.872000e-16 1.703000e-16 1.518000e-16 1.359000e-16 8.648000e-17 7.267000e-17 6.026000e-17 4.848000e-17 3.831000e-17 3.174000e-17 2.382000e-17 1.921000e-17 1.597000e-17 1.185000e-17 9.653000e-18 8.213000e-18 7.160000e-18 6.340000e-18 5.151000e-18 4.329000e-18 3.841000e-18 2.925000e-18 2.327000e-18 1.902000e-18 1.587000e-18 1.346000e-18 1.157000e-18 1.003000e-18 8.781000e-19 7.751000e-19 6.861000e-19 6.100000e-19 5.225000e-19 2.522000e-19 8.378000e-20 3.355000e-20
 35 1.925000e-16 1.773000e-16 1.587000e-16 1.427000e-16 9.143000e-17 7.685000e-17 6.376000e-17 5.134000e-17 4.061000e-17 3.368000e-17 2.532000e-17 2.044000e-17 1.703000e-17 1.266000e-17 1.033000e-17 8.800000e-18 7.677000e-18 6.802000e-18 5.532000e-18 4.651000e-18 4.127000e-18 3.144000e-18 2.502000e-18 2.045000e-18 1.708000e-18 1.448000e-18 1.244000e-18 1.079000e-18 9.438000e-19 8.331000e-19 7.381000e-19 6.561000e-19 5.616000e-19 2.715000e-19 9.063000e-20 3.638000e-20
 36 1.977000e-16 1.845000e-16 1.657000e-16 1.498000e-16 9.652000e-17 8.115000e-17 6.736000e-17 5.428000e-17 4.297000e-17 3.567000e-17 2.686000e-17 2.169000e-17 1.811000e-17 1.350000e-17 1.103000e-17 9.405000e-18 8.212000e-18 7.280000e-18 5.925000e-18 4.984000e-18 4.424000e-18 3.371000e-18 2.684000e-18 2.196000e-18 1.835000e-18 1.555000e-18 1.336000e-18 1.159000e-18 1.013000e-18 8.931000e-19 7.927000e-19 7.049000e-19 6.025000e-19 2.922000e-19 9.781000e-20 3.936000e-20
 37 2.030000e-16 1.917000e-16 1.729000e-16 1.570000e-16 1.017000e-16 8.556000e-17 7.106000e-17 5.730000e-17 4.538000e-17 3.772000e-17 2.842000e-17 2.301000e-17 1.923000e-17 1.437000e-17 1.175000e-17 1.003000e-17 8.767000e-18 7.777000e-18 6.332000e-18 5.330000e-18 4.733000e-18 3.608000e-18 2.874000e-18 2.353000e-18 1.966000e-18 1.665000e-18 1.431000e-18 1.241000e-18 1.085000e-18 9.556000e-19 8.481000e-19 7.550000e-19 6.452000e-19 3.130000e-19 1.053000e-19 4.247000e-20
 38 2.083000e-16 1.984000e-16 1.802000e-16 1.644000e-16 1.071000e-16 9.010000e-17 7.485000e-17 6.039000e-17 4.789000e-17 3.991000e-17 3.052000e-17 2.529000e-17 2.166000e-17 1.672000e-17 1.380000e-17 1.176000e-17 1.022000e-17 9.007000e-18 7.251000e-18 6.045000e-18 5.337000e-18 4.021000e-18 3.177000e-18 2.589000e-18 2.152000e-18 1.818000e-18 1.557000e-18 1.348000e-18 1.176000e-18 1.034000e-18 9.163000e-19 8.157000e-19 6.958000e-19 3.361000e-19 1.133000e-19 4.577000e-20
 39 2.135000e-16 2.050000e-16 1.877000e-16 1.719000e-16 1.126000e-16 9.475000e-17 7.874000e-17 6.357000e-17 5.045000e-17 4.204000e-17 3.221000e-17 2.671000e-17 2.289000e-17 1.770000e-17 1.462000e-17 1.247000e-17 1.084000e-17 9.566000e-18 7.709000e-18 6.432000e-18 5.679000e-18 4.283000e-18 3.386000e-18 2.760000e-18 2.294000e-18 1.940000e-18 1.661000e-18 1.438000e-18 1.255000e-18 1.103000e-18 9.765000e-19 8.701000e-19 7.429000e-19 3.586000e-19 1.215000e-19 4.918000e-20
 40 2.188000e-16 2.117000e-16 1.951000e-16 1.788000e-16 1.182000e-16 9.951000e-17 8.272000e-17 6.682000e-17 5.307000e-17 4.426000e-17 3.393000e-17 2.814000e-17 2.413000e-17 1.868000e-17 1.545000e-17 1.319000e-17 1.148000e-17 1.014000e-17 8.177000e-18 6.829000e-18 6.031000e-18 4.553000e-18 3.603000e-18 2.936000e-18 2.442000e-18 2.067000e-18 1.768000e-18 1.531000e-18 1.336000e-18 1.174000e-18 1.039000e-18 9.262000e-19 7.915000e-19 3.821000e-19 1.300000e-19 5.275000e-20
 41 2.240000e-16 2.185000e-16 2.019000e-16 1.858000e-16 1.240000e-16 1.044000e-16 8.681000e-17 7.015000e-17 5.576000e-17 4.653000e-17 3.569000e-17 2.962000e-17 2.540000e-17 1.969000e-17 1.630000e-17 1.393000e-17 1.214000e-17 1.072000e-17 8.658000e-18 7.236000e-18 6.394000e-18 4.832000e-18 3.824000e-18 3.118000e-18 2.596000e-18 2.198000e-18 1.879000e-18 1.627000e-18 1.420000e-18 1.249000e-18 1.104000e-18 9.836000e-19 8.418000e-19 4.064000e-19 1.388000e-19 5.647000e-20
 42 2.293000e-16 2.253000e-16 2.089000e-16 1.929000e-16 1.299000e-16 1.094000e-16 9.100000e-17 7.369000e-17 5.914000e-17 5.029000e-17 4.011000e-17 3.411000e-17 2.958000e-17 2.289000e-17 1.875000e-17 1.585000e-17 1.369000e-17 1.201000e-17 9.594000e-18 7.959000e-18 7.006000e-18 5.253000e-18 4.136000e-18 3.364000e-18 2.795000e-18 2.359000e-18 2.016000e-18 1.743000e-18 1.520000e-18 1.336000e-18 1.180000e-18 1.049000e-18 8.987000e-19 4.333000e-19 1.481000e-19 6.035000e-20
 43 2.346000e-16 2.313000e-16 2.159000e-16 2.001000e-16 1.360000e-16 1.145000e-16 9.528000e-17 7.718000e-17 6.196000e-17 5.268000e-17 4.200000e-17 3.575000e-17 3.100000e-17 2.404000e-17 1.971000e-17 1.668000e-17 1.442000e-17 1.265000e-17 1.012000e-17 8.404000e-18 7.401000e-18 5.553000e-18 4.375000e-18 3.559000e-18 2.960000e-18 2.497000e-18 2.137000e-18 1.846000e-18 1.611000e-18 1.415000e-18 1.250000e-18 1.111000e-18 9.521000e-19 4.590000e-19 1.575000e-19 6.437000e-20
 44 2.399000e-16 2.412000e-16 2.395000e-16 2.371000e-16 1.904000e-16 1.629000e-16 1.361000e-16 1.104000e-16 8.820000e-17 7.390000e-17 5.660000e-17 4.632000e-17 3.884000e-17 2.863000e-17 2.282000e-17 1.897000e-17 1.619000e-17 1.408000e-17 1.113000e-17 9.171000e-18 8.043000e-18 5.991000e-18 4.701000e-18 3.812000e-18 3.164000e-18 2.666000e-18 2.281000e-18 1.966000e-18 1.714000e-18 1.504000e-18 1.330000e-18 1.180000e-18 1.010000e-18 4.863000e-19 1.673000e-19 6.851000e-20
 45 2.451000e-16 2.469000e-16 2.460000e-16 2.440000e-16 1.981000e-16 1.697000e-16 1.420000e-16 1.152000e-16 9.204000e-17 7.715000e-17 5.913000e-17 4.842000e-17 4.063000e-17 2.999000e-17 2.392000e-17 1.990000e-17 1.700000e-17 1.479000e-17 1.170000e-17 9.649000e-18 8.463000e-18 6.312000e-18 4.954000e-18 4.021000e-18 3.336000e-18 2.813000e-18 2.407000e-18 2.075000e-18 1.809000e-18 1.588000e-18 1.404000e-18 1.246000e-18 1.065000e-18 5.136000e-19 1.774000e-19 7.282000e-20
 46 2.937000e-16 2.929000e-16 2.809000e-16 2.658000e-16 1.983000e-16 1.722000e-16 1.435000e-16 1.164000e-16 9.299000e-17 7.790000e-17 5.964000e-17 4.877000e-17 4.084000e-17 2.998000e-17 2.383000e-17 1.974000e-17 1.681000e-17 1.458000e-17 1.146000e-17 9.399000e-18 8.209000e-18 6.055000e-18 4.701000e-18 3.774000e-18 3.098000e-18 2.588000e-18 2.188000e-18 1.870000e-18 1.614000e-18 1.404000e-18 1.229000e-18 1.081000e-18 9.132000e-19 4.241000e-19 1.454000e-19 6.319000e-20
 47 2.999000e-16 2.999000e-16 2.884000e-16 2.737000e-16 2.059000e-16 1.796000e-16 1.497000e-16 1.214000e-16 9.705000e-17 8.134000e-17 6.232000e-17 5.100000e-17 4.275000e-17 3.143000e-17 2.502000e-17 2.078000e-17 1.774000e-17 1.543000e-17 1.220000e-17 1.005000e-17 8.818000e-18 6.559000e-18 5.131000e-18 4.143000e-18 3.422000e-18 2.874000e-18 2.439000e-18 2.096000e-18 1.813000e-18 1.583000e-18 1.390000e-18 1.229000e-18 1.040000e-18 4.922000e-19 1.716000e-19 7.495000e-20
 48 3.062000e-16 3.062000e-16 2.959000e-16 2.816000e-16 2.137000e-16 1.871000e-16 1.560000e-16 1.266000e-16 1.012000e-16 8.485000e-17 6.506000e-17 5.328000e-17 4.469000e-17 3.291000e-17 2.625000e-17 2.185000e-17 1.869000e-17 1.630000e-17 1.296000e-17 1.073000e-17 9.443000e-18 7.079000e-18 5.574000e-18 4.524000e-18 3.754000e-18 3.166000e-18 2.698000e-18 2.329000e-18 2.019000e-18 1.768000e-18 1.557000e-18 1.380000e-18 1.172000e-18 5.612000e-19 1.993000e-19 8.714000e-20
 49 3.124000e-16 3.124000e-16 3.036000e-16 2.895000e-16 2.216000e-16 1.939000e-16 1.624000e-16 1.318000e-16 1.054000e-16 8.840000e-17 6.785000e-17 5.561000e-17 4.668000e-17 3.443000e-17 2.751000e-17 2.294000e-17 1.967000e-17 1.720000e-17 1.374000e-17 1.143000e-17 1.009000e-17 7.616000e-18 6.030000e-18 4.917000e-18 4.097000e-18 3.467000e-18 2.965000e-18 2.564000e-18 2.231000e-18 1.960000e-18 1.730000e-18 1.535000e-18 1.308000e-18 6.329000e-19 2.270000e-19 9.977000e-20
 50 3.186000e-16 3.186000e-16 3.113000e-16 2.976000e-16 2.296000e-16 2.009000e-16 1.689000e-16 1.371000e-16 1.097000e-16 9.206000e-17 7.068000e-17 5.799000e-17 4.871000e-17 3.598000e-17 2.879000e-17 2.407000e-17 2.069000e-17 1.813000e-17 1.455000e-17 1.215000e-17 1.076000e-17 8.169000e-18 6.500000e-18 5.324000e-18 4.451000e-18 3.777000e-18 3.242000e-18 2.807000e-18 2.452000e-18 2.155000e-18 1.906000e-18 1.695000e-18 1.448000e-18 7.060000e-19 2.556000e-19 1.128000e-19
 51 3.248000e-16 3.248000e-16 3.191000e-16 3.057000e-16 2.378000e-16 2.079000e-16 1.756000e-16 1.426000e-16 1.141000e-16 9.579000e-17 7.359000e-17 6.041000e-17 5.078000e-17 3.757000e-17 3.012000e-17 2.522000e-17 2.173000e-17 1.908000e-17 1.538000e-17 1.289000e-17 1.144000e-17 8.741000e-18 6.983000e-18 5.740000e-18 4.815000e-18 4.096000e-18 3.526000e-18 3.058000e-18 2.679000e-18 2.355000e-18 2.088000e-18 1.859000e-18 1.593000e-18 7.813000e-19 2.851000e-19 1.264000e-19
 52 3.311000e-16 3.311000e-16 3.266000e-16 3.140000e-16 2.462000e-16 2.151000e-16 1.824000e-16 1.481000e-16 1.186000e-16 9.959000e-17 7.656000e-17 6.286000e-17 5.287000e-17 3.922000e-17 3.150000e-17 2.650000e-17 2.290000e-17 2.018000e-17 1.635000e-17 1.376000e-17 1.224000e-17 9.392000e-18 7.528000e-18 6.203000e-18 5.212000e-18 4.443000e-18 3.832000e-18 3.329000e-18 2.920000e-18 2.571000e-18 2.282000e-18 2.034000e-18 1.744000e-18 8.601000e-19 3.157000e-19 1.404000e-19
 53 3.373000e-16 3.373000e-16 3.336000e-16 3.223000e-16 2.539000e-16 2.224000e-16 1.893000e-16 1.538000e-16 1.232000e-16 1.035000e-16 7.959000e-17 6.539000e-17 5.503000e-17 4.088000e-17 3.290000e-17 2.773000e-17 2.403000e-17 2.121000e-17 1.725000e-17 1.457000e-17 1.298000e-17 1.001000e-17 8.050000e-18 6.652000e-18 5.599000e-18 4.783000e-18 4.132000e-18 3.597000e-18 3.158000e-18 2.786000e-18 2.475000e-18 2.208000e-18 1.897000e-18 9.403000e-19 3.471000e-19 1.557000e-19
 54 3.436000e-16 3.436000e-16 3.406000e-16 3.298000e-16 2.615000e-16 2.298000e-16 1.964000e-16 1.596000e-16 1.278000e-16 1.074000e-16 8.268000e-17 6.797000e-17 5.724000e-17 4.259000e-17 3.434000e-17 2.901000e-17 2.518000e-17 2.228000e-17 1.818000e-17 1.540000e-17 1.375000e-17 1.064000e-17 8.587000e-18 7.112000e-18 5.999000e-18 5.135000e-18 4.441000e-18 3.874000e-18 3.402000e-18 3.009000e-18 2.673000e-18 2.388000e-18 2.054000e-18 1.023000e-18 3.794000e-19 1.704000e-19
 55 3.498000e-16 3.498000e-16 3.476000e-16 3.374000e-16 2.693000e-16 2.374000e-16 2.036000e-16 1.654000e-16 1.326000e-16 1.114000e-16 8.582000e-17 7.059000e-17 5.948000e-17 4.429000e-17 3.582000e-17 3.031000e-17 2.637000e-17 2.338000e-17 1.915000e-17 1.626000e-17 1.454000e-17 1.130000e-17 9.138000e-18 7.586000e-18 6.411000e-18 5.496000e-18 4.760000e-18 4.159000e-18 3.654000e-18 3.239000e-18 2.876000e-18 2.574000e-18 2.214000e-18 1.109000e-18 4.127000e-19 1.856000e-19
 56 3.560000e-16 3.560000e-16 3.547000e-16 3.450000e-16 2.773000e-16 2.451000e-16 2.109000e-16 1.714000e-16 1.374000e-16 1.155000e-16 8.900000e-17 7.330000e-17 6.191000e-17 4.662000e-17 3.820000e-17 3.268000e-17 2.865000e-17 2.553000e-17 2.100000e-17 1.785000e-17 1.596000e-17 1.237000e-17 9.983000e-18 8.272000e-18 6.982000e-18 5.977000e-18 5.172000e-18 4.517000e-18 3.967000e-18 3.513000e-18 3.121000e-18 2.791000e-18 2.401000e-18 1.202000e-18 4.479000e-19 2.015000e-19
 57 3.623000e-16 3.623000e-16 3.619000e-16 3.527000e-16 2.853000e-16 2.529000e-16 2.184000e-16 1.775000e-16 1.423000e-16 1.197000e-16 9.226000e-17 7.603000e-17 6.424000e-17 4.845000e-17 3.977000e-17 3.408000e-17 2.993000e-17 2.671000e-17 2.203000e-17 1.877000e-17 1.681000e-17 1.307000e-17 1.057000e-17 8.773000e-18 7.416000e-18 6.357000e-18 5.507000e-18 4.815000e-18 4.234000e-18 3.750000e-18 3.338000e-18 2.985000e-18 2.571000e-18 1.292000e-18 4.832000e-19 2.176000e-19
 58 3.685000e-16 3.685000e-16 3.685000e-16 3.604000e-16 2.934000e-16 2.608000e-16 2.260000e-16 1.837000e-16 1.473000e-16 1.239000e-16 9.559000e-17 7.880000e-17 6.662000e-17 5.032000e-17 4.137000e-17 3.551000e-17 3.124000e-17 2.792000e-17 2.309000e-17 1.971000e-17 1.767000e-17 1.378000e-17 1.117000e-17 9.285000e-18 7.860000e-18 6.744000e-18 5.850000e-18 5.119000e-18 4.508000e-18 3.994000e-18 3.561000e-18 3.183000e-18 2.745000e-18 1.385000e-18 5.201000e-19 2.342000e-19
 59 3.748000e-16 3.748000e-16 3.748000e-16 3.682000e-16 3.017000e-16 2.688000e-16 2.332000e-16 1.900000e-16 1.524000e-16 1.282000e-16 9.897000e-17 8.159000e-17 6.904000e-17 5.221000e-17 4.299000e-17 3.696000e-17 3.256000e-17 2.914000e-17 2.415000e-17 2.066000e-17 1.855000e-17 1.450000e-17 1.178000e-17 9.808000e-18 8.314000e-18 7.139000e-18 6.201000e-18 5.429000e-18 4.789000e-18 4.243000e-18 3.788000e-18 3.387000e-18 2.923000e-18 1.480000e-18 5.570000e-19 2.513000e-19
 60 3.810000e-16 3.810000e-16 3.810000e-16 3.758000e-16 3.100000e-16 2.770000e-16 2.402000e-16 1.964000e-16 1.577000e-16 1.333000e-16 1.047000e-16 8.854000e-17 7.688000e-17 6.048000e-17 5.051000e-17 4.346000e-17 3.818000e-17 3.397000e-17 2.782000e-17 2.354000e-17 2.099000e-17 1.618000e-17 1.302000e-17 1.077000e-17 9.088000e-18 7.777000e-18 6.735000e-18 5.884000e-18 5.181000e-18 4.584000e-18 4.085000e-18 3.651000e-18 3.148000e-18 1.589000e-18 5.968000e-19 2.692000e-19
 61 3.873000e-16 3.873000e-16 3.873000e-16 3.828000e-16 3.185000e-16 2.853000e-16 2.473000e-16 2.030000e-16 1.630000e-16 1.378000e-16 1.084000e-16 9.178000e-17 7.980000e-17 6.292000e-17 5.264000e-17 4.535000e-17 3.988000e-17 3.552000e-17 2.913000e-17 2.467000e-17 2.202000e-17 1.700000e-17 1.370000e-17 1.135000e-17 9.581000e-18 8.206000e-18 7.112000e-18 6.218000e-18 5.478000e-18 4.851000e-18 4.322000e-18 3.869000e-18 3.336000e-18 1.689000e-18 6.356000e-19 2.871000e-19
 62 3.935000e-16 3.935000e-16 3.936000e-16 3.902000e-16 3.520000e-16 3.366000e-16 3.101000e-16 2.662000e-16 2.168000e-16 1.831000e-16 1.419000e-16 1.174000e-16 9.963000e-17 7.516000e-17 6.111000e-17 5.167000e-17 4.482000e-17 3.952000e-17 3.198000e-17 2.687000e-17 2.387000e-17 1.829000e-17 1.468000e-17 1.212000e-17 1.022000e-17 8.741000e-18 7.567000e-18 6.610000e-18 5.822000e-18 5.156000e-18 4.591000e-18 4.113000e-18 3.542000e-18 1.793000e-18 6.756000e-19 3.054000e-19
 63 3.998000e-16 3.998000e-16 3.998000e-16 3.973000e-16 3.606000e-16 3.454000e-16 3.198000e-16 2.761000e-16 2.252000e-16 1.902000e-16 1.475000e-16 1.222000e-16 1.037000e-16 7.828000e-17 6.370000e-17 5.389000e-17 4.677000e-17 4.127000e-17 3.343000e-17 2.811000e-17 2.498000e-17 1.917000e-17 1.540000e-17 1.273000e-17 1.074000e-17 9.191000e-18 7.959000e-18 6.959000e-18 6.131000e-18 5.436000e-18 4.840000e-18 4.340000e-18 3.737000e-18 1.896000e-18 7.163000e-19 3.244000e-19
 64 4.655000e-16 4.655000e-16 4.655000e-16 4.635000e-16 4.029000e-16 3.684000e-16 3.287000e-16 2.827000e-16 2.367000e-16 1.996000e-16 1.548000e-16 1.282000e-16 1.089000e-16 8.221000e-17 6.690000e-17 5.660000e-17 4.912000e-17 4.335000e-17 3.518000e-17 2.966000e-17 2.642000e-17 2.040000e-17 1.647000e-17 1.367000e-17 1.157000e-17 9.938000e-18 8.624000e-18 7.555000e-18 6.664000e-18 5.915000e-18 5.271000e-18 4.725000e-18 4.073000e-18 2.062000e-18 7.738000e-19 3.518000e-19
 65 4.728000e-16 4.728000e-16 4.728000e-16 4.716000e-16 4.119000e-16 3.772000e-16 3.372000e-16 2.906000e-16 2.441000e-16 2.059000e-16 1.597000e-16 1.324000e-16 1.124000e-16 8.494000e-17 6.916000e-17 5.856000e-17 5.087000e-17 4.495000e-17 3.657000e-17 3.099000e-17 2.771000e-17 2.160000e-17 1.759000e-17 1.472000e-17 1.255000e-17 1.085000e-17 9.468000e-18 8.339000e-18 7.393000e-18 6.593000e-18 5.902000e-18 5.310000e-18 4.605000e-18 2.384000e-18 9.236000e-19 4.291000e-19
 66 4.800000e-16 4.800000e-16 4.800000e-16 4.797000e-16 4.209000e-16 3.861000e-16 3.457000e-16 2.987000e-16 2.516000e-16 2.123000e-16 1.647000e-16 1.365000e-16 1.160000e-16 8.766000e-17 7.142000e-17 6.055000e-17 5.265000e-17 4.659000e-17 3.803000e-17 3.237000e-17 2.903000e-17 2.283000e-17 1.875000e-17 1.580000e-17 1.355000e-17 1.178000e-17 1.033000e-17 9.140000e-18 8.136000e-18 7.283000e-18 6.546000e-18 5.906000e-18 5.149000e-18 2.713000e-18 1.076000e-18 5.082000e-19
 67 4.872000e-16 4.872000e-16 4.872000e-16 4.872000e-16 4.301000e-16 3.951000e-16 3.544000e-16 3.069000e-16 2.587000e-16 2.187000e-16 1.698000e-16 1.407000e-16 1.196000e-16 9.048000e-17 7.376000e-17 6.258000e-17 5.446000e-17 4.825000e-17 3.953000e-17 3.376000e-17 3.038000e-17 2.408000e-17 1.992000e-17 1.689000e-17 1.457000e-17 1.272000e-17 1.121000e-17 9.953000e-18 8.890000e-18 7.984000e-18 7.202000e-18 6.514000e-18 5.703000e-18 3.049000e-18 1.234000e-18 5.890000e-19
 68 4.945000e-16 4.945000e-16 4.945000e-16 4.945000e-16 4.393000e-16 4.042000e-16 3.632000e-16 3.152000e-16 2.656000e-16 2.253000e-16 1.752000e-16 1.461000e-16 1.255000e-16 9.801000e-17 8.227000e-17 7.149000e-17 6.334000e-17 5.694000e-17 4.743000e-17 4.078000e-17 3.675000e-17 2.902000e-17 2.382000e-17 2.005000e-17 1.718000e-17 1.491000e-17 1.307000e-17 1.156000e-17 1.029000e-17 9.216000e-18 8.293000e-18 7.489000e-18 6.542000e-18 3.477000e-18 1.409000e-18 6.766000e-19
 69 5.017000e-16 5.017000e-16 5.017000e-16 5.017000e-16 4.486000e-16 4.134000e-16 3.722000e-16 3.236000e-16 2.726000e-16 2.321000e-16 1.810000e-16 1.518000e-16 1.313000e-16 1.037000e-16 8.753000e-17 7.631000e-17 6.775000e-17 6.099000e-17 5.090000e-17 4.381000e-17 3.952000e-17 3.128000e-17 2.573000e-17 2.170000e-17 1.862000e-17 1.619000e-17 1.422000e-17 1.259000e-17 1.123000e-17 1.006000e-17 9.070000e-18 8.202000e-18 7.174000e-18 3.845000e-18 1.575000e-18 7.612000e-19
 70 8.792000e-16 8.792000e-16 8.792000e-16 8.792000e-16 8.564000e-16 8.373000e-16 7.859000e-16 6.911000e-16 5.879000e-16 5.136000e-16 4.145000e-16 3.519000e-16 3.006000e-16 2.300000e-16 1.893000e-16 1.620000e-16 1.420000e-16 1.265000e-16 1.041000e-16 8.877000e-17 7.968000e-17 6.245000e-17 5.102000e-17 4.282000e-17 3.658000e-17 3.167000e-17 2.770000e-17 2.443000e-17 2.170000e-17 1.938000e-17 1.740000e-17 1.569000e-17 1.365000e-17 7.135000e-18 2.763000e-18 1.295000e-18
 71 5.864000e-16 5.864000e-16 5.864000e-16 5.864000e-16 5.376000e-16 5.022000e-16 4.605000e-16 4.113000e-16 3.571000e-16 3.161000e-16 2.609000e-16 2.218000e-16 1.892000e-16 1.445000e-16 1.188000e-16 1.015000e-16 8.887000e-17 7.912000e-17 6.509000e-17 5.553000e-17 4.985000e-17 3.914000e-17 3.208000e-17 2.700000e-17 2.315000e-17 2.011000e-17 1.765000e-17 1.562000e-17 1.393000e-17 1.248000e-17 1.124000e-17 1.016000e-17 8.876000e-18 4.729000e-18 1.899000e-18 8.989000e-19
 72 6.330000e-16 6.330000e-16 6.330000e-16 6.330000e-16 5.866000e-16 5.511000e-16 5.091000e-16 4.593000e-16 4.041000e-16 3.630000e-16 3.056000e-16 2.661000e-16 2.323000e-16 1.858000e-16 1.592000e-16 1.380000e-16 1.214000e-16 1.085000e-16 9.003000e-17 7.739000e-17 6.990000e-17 5.571000e-17 4.627000e-17 3.948000e-17 3.427000e-17 3.014000e-17 2.677000e-17 2.397000e-17 2.160000e-17 1.957000e-17 1.781000e-17 1.630000e-17 1.446000e-17 8.306000e-18 3.743000e-18 1.938000e-18
 73 6.752000e-16 6.752000e-16 6.752000e-16 6.752000e-16 6.311000e-16 5.956000e-16 5.534000e-16 5.022000e-16 4.462000e-16 4.049000e-16 3.463000e-16 3.068000e-16 2.723000e-16 2.249000e-16 1.977000e-16 1.736000e-16 1.530000e-16 1.371000e-16 1.143000e-16 9.872000e-17 8.945000e-17 7.189000e-17 6.018000e-17 5.170000e-17 4.517000e-17 3.998000e-17 3.573000e-17 3.218000e-17 2.916000e-17 2.656000e-17 2.429000e-17 2.237000e-17 1.998000e-17 1.187000e-17 5.599000e-18 2.993000e-18
