Q      1s      2s       2p       2p*      3s      3p        3p*      4s       3d       3d*      4p       4p*      5s       4d       4d*      5p       5p*      6s       4f       4f*      5d       5d*      6p       6p*      7s       5f       5f*      6d       6d*
 0   143031    27804  21017.5  26869.3   7292.8  5474.89  6864.65  1993.15   4548.9  4814.14  1411.99  1793.57   474.17  1030.12  1098.26  292.041  389.862   71.695  597.968  616.688  151.642  166.615  27.9566  44.2556  5.54985  11.5827  13.7551        0        0 
 1   143029  27802.7  21016.2    26868  7291.45  5473.54   6863.3  1991.79  4547.54  4812.78  1410.63  1792.21  472.815  1028.76  1096.91  290.686  388.507    70.34  596.613  615.333  150.287  165.259  26.6015  42.9005  4.19479  10.2277     12.4        0        0 
 2   143040  27813.5    21027  26878.8  7302.25  5484.34   6874.1  2002.59  4558.34  4823.58  1421.43  1803.01  483.615  1039.56  1107.71  301.486  399.307    81.14  607.413  626.133  161.087  176.059  37.4015  53.7005  14.9948  21.0277     23.2        0        0 
 3   143056  27829.6  21043.1  26894.9  7318.35  5500.44   6890.2  2018.69  4574.44  4839.68  1437.53  1819.11  499.715  1055.66  1123.81  317.586  415.407    97.24  623.513  642.233  177.187  192.159  53.5015  69.8005  31.0948  37.1277     39.3        0        0 
 4   143072  27845.3  21058.8  26910.6  7334.05  5516.14   6905.9  2034.39  4590.14  4855.38  1453.23  1834.81  515.415  1071.36  1139.51  333.286  431.107   112.94  639.213  657.933  192.887  207.859  69.2015  85.5005  46.7948  52.8277       55        0        0 
 5   143091  27864.3  21077.8  26929.6  7353.05  5535.14   6924.9  2053.39  4609.14  4874.38  1472.23  1853.81  534.415  1090.36  1158.51  352.286  450.107   131.94  658.213  676.933  211.887  226.859  88.2015  104.501  65.7948  71.8277       74        0        0 
 6   143110  27883.3  21096.8  26948.6  7372.05  5554.14   6943.9  2072.39  4628.14  4893.38  1491.23  1872.81  553.415  1109.36  1177.51  371.286  469.107   150.94  677.213  695.933  230.887  245.859  107.202  123.501  84.7948  90.8277       93        0        0 
 7   143137  27910.3  21123.8  26975.6  7399.05  5581.14   6970.9  2099.39  4655.14  4920.38  1518.23  1899.81  580.415  1136.36  1204.51  398.286  496.107   177.94  704.213  722.933  257.887  272.859  134.202  150.501  111.795  117.828      120        0        0 
 8   143153  27926.3  21139.8  26991.6  7415.05  5597.14   6986.9  2115.39  4671.14  4936.38  1534.23  1915.81  596.415  1152.36  1220.51  414.286  512.107   193.94  720.213  738.933  273.887  288.859  150.202  166.501  127.795  133.828      136        0        0 
 9   143179  27952.3  21165.8  27017.6  7441.05  5623.14   7012.9  2141.39  4697.14  4962.38  1560.23  1941.81  622.415  1178.36  1246.51  440.286  538.107   219.94  746.213  764.933  299.887  314.859  176.202  192.501  153.795  159.828      162        0        0 
10   143202  27975.3  21188.8  27040.6  7464.05  5646.14   7035.9  2164.39  4720.14  4985.38  1583.23  1964.81  645.415  1201.36  1269.51  463.286  561.107   242.94  769.213  787.933  322.887  337.859  199.202  215.501  176.795  182.828      185        0        0 
11   143228  28001.5    21215  27066.8  7490.22  5672.31  7062.07  2190.56  4746.31  5011.55   1609.4  1990.98  671.587  1227.53  1295.68  489.458  587.279  269.112  795.386  814.105   349.06  364.032  225.374  241.673  202.967      209        0        0        0 
12   143262  28035.5    21249  27100.8  7524.25  5706.34   7096.1   2224.6  4780.35  5045.59  1643.44  2025.02   705.62  1261.57  1329.71  523.491  621.312  303.145  829.418  848.138  383.093  398.065  259.407  275.706      237        0        0        0        0 
13   143282  28055.5    21269  27120.8  7544.25  5726.34   7116.1   2244.6  4800.35  5065.59  1663.44  2045.02   725.62  1281.57  1349.71  543.491  641.312  323.145  849.418  868.138  403.093  418.065  279.407  295.706      257        0        0        0        0 
14   143262  28035.8  21249.3  27101.1  7524.55  5706.64   7096.4  2224.89  4780.64  5045.88  1643.73  2025.31  705.914  1261.86  1330.01  523.785  621.607  303.439  829.713  848.433  383.387  398.359  259.701      276        0        0        0        0        0 
15   143286  28059.8  21273.3  27125.1  7548.55  5730.64   7120.4  2248.89  4804.64  5069.88  1667.73  2049.31  729.914  1285.86  1354.01  547.785  645.607  327.439  853.713  872.433  407.387  422.359  283.701      300        0        0        0        0        0 
16   143312  28085.8  21299.3  27151.1  7574.55  5756.64   7146.4  2274.89  4830.64  5095.88  1693.73  2075.31  755.914  1311.86  1380.01  573.785  671.607  353.439  879.713  898.433  433.387  448.359  309.701      326        0        0        0        0        0 
17   143337  28110.8  21324.3  27176.1  7599.55  5781.64   7171.4  2299.89  4855.64  5120.88  1718.73  2100.31  780.914  1336.86  1405.01  598.785  696.607  378.439  904.713  923.433  458.387  473.359  334.701      351        0        0        0        0        0 
18   143363  28136.8  21350.3  27202.1  7625.55  5807.64   7197.4  2325.89  4881.64  5146.88  1744.73  2126.31  806.914  1362.86  1431.01  624.785  722.607  404.439  930.713  949.433  484.387  499.359  360.701      377        0        0        0        0        0 
19   143405  28178.1  21391.6  27243.4  7666.85  5848.94   7238.7  2367.19  4922.94  5188.18  1786.03  2167.61  848.213  1404.16  1472.31  666.084  763.906  445.738  972.012  990.732  525.686  540.658      402        0        0        0        0        0        0 
20   143294  28067.4  21280.9  27132.7  7556.19  5738.28  7128.04  2256.53  4812.28  5077.52  1675.37  2056.95  737.555   1293.5  1361.65  555.426  653.248   335.08  861.354  880.074  415.028      430        0        0        0        0        0        0        0 
21   143317  28090.4  21303.9  27155.7  7579.19  5761.28  7151.04  2279.53  4835.28  5100.52  1698.37  2079.95  760.555   1316.5  1384.65  578.426  676.248   358.08  884.354  903.074  438.028      453        0        0        0        0        0        0        0 
22   143480  28253.4  21466.9  27318.7  7742.19  5924.28  7314.04  2442.53  4998.28  5263.52  1861.37  2242.95  923.555   1479.5  1547.65  741.426  839.248   521.08  1047.35  1066.07  601.028      616        0        0        0        0        0        0        0 
23   143511  28284.4  21497.9  27349.7  7773.19  5955.28  7345.04  2473.53  5029.28  5294.52  1892.37  2273.95  954.555   1510.5  1578.65  772.426  870.248   552.08  1078.35  1097.07  632.028      647        0        0        0        0        0        0        0 
24   143544  28317.4  21530.9  27382.7  7806.19  5988.28  7378.04  2506.53  5062.28  5327.52  1925.37  2306.95  987.555   1543.5  1611.65  805.426  903.248   585.08  1111.35  1130.07  665.028      680        0        0        0        0        0        0        0 
25   143580  28353.4  21566.9  27418.7  7842.19  6024.28  7414.04  2542.53  5098.28  5363.52  1961.37  2342.95  1023.56   1579.5  1647.65  841.426  939.248   621.08  1147.35  1166.07  701.028      716        0        0        0        0        0        0        0 
26   143613  28386.4  21599.9  27451.7  7875.19  6057.28  7447.04  2575.53  5131.28  5396.52  1994.37  2375.95  1056.56   1612.5  1680.65  874.426  972.248   654.08  1180.35  1199.07  734.028      749        0        0        0        0        0        0        0 
27   143646  28419.4  21632.9  27484.7  7908.19  6090.28  7480.04  2608.53  5164.28  5429.52  2027.37  2408.95  1089.56   1645.5  1713.65  907.426  1005.25   687.08  1213.35  1232.07  767.028      782        0        0        0        0        0        0        0 
28   143701  28474.4  21687.9  27539.7  7963.19  6145.28  7535.04  2663.53  5219.28  5484.52  2082.37  2463.95  1144.56   1700.5  1768.65  962.426  1060.25   742.08  1268.35  1287.07  822.028      837        0        0        0        0        0        0        0 
29   143750  28523.4  21736.9  27588.7  8012.16  6194.25  7584.01   2712.5  5268.26   5533.5  2131.34  2512.92  1193.53  1749.47  1817.62   1011.4  1109.22  791.053  1317.33  1336.05      871        0        0        0        0        0        0        0        0 
30   143323  28096.4  21309.9  27161.6  7585.12   5767.2  7156.96  2285.46  4841.21  5106.45   1704.3  2085.88  766.482  1322.43  1390.58  584.353  682.174  364.007   890.28      909        0        0        0        0        0        0        0        0        0 
31   143358  28131.4  21344.9  27196.6  7620.12   5802.2  7191.96  2320.46  4876.21  5141.45   1739.3  2120.88  801.482  1357.43  1425.58  619.353  717.174  399.007   925.28      944        0        0        0        0        0        0        0        0        0 
32   143524  28297.4  21510.9  27362.6  7786.12   5968.2  7357.96  2486.46  5042.21  5307.45   1905.3  2286.88  967.482  1523.43  1591.58  785.353  883.174  565.007  1091.28     1110        0        0        0        0        0        0        0        0        0 
33   143564  28337.4  21550.9  27402.6  7826.12   6008.2  7397.96  2526.46  5082.21  5347.45   1945.3  2326.88  1007.48  1563.43  1631.58  825.353  923.174  605.007  1131.28     1150        0        0        0        0        0        0        0        0        0 
34   143604  28377.4  21590.9  27442.6  7866.12   6048.2  7437.96  2566.46  5122.21  5387.45   1985.3  2366.88  1047.48  1603.43  1671.58  865.353  963.174  645.007  1171.28     1190        0        0        0        0        0        0        0        0        0 
35   143644  28417.4  21630.9  27482.6  7906.12   6088.2  7477.96  2606.46  5162.21  5427.45   2025.3  2406.88  1087.48  1643.43  1711.58  905.353  1003.17  685.007  1211.28     1230        0        0        0        0        0        0        0        0        0 
36   143784  28557.4  21770.9  27622.6  8046.12   6228.2  7617.96  2746.46  5302.21  5567.45   2165.3  2546.88  1227.48  1783.43  1851.58  1045.35  1143.17  825.007  1351.28     1370        0        0        0        0        0        0        0        0        0 
37   143834  28607.4  21820.9  27672.6  8096.12   6278.2  7667.96  2796.46  5352.21  5617.45   2215.3  2596.88  1277.48  1833.43  1901.58  1095.35  1193.17  875.007  1401.28     1420        0        0        0        0        0        0        0        0        0 
38   143964  28737.4  21950.9  27802.6  8226.12   6408.2  7797.96  2926.46  5482.21  5747.45   2345.3  2726.88  1407.48  1963.43  2031.58  1225.35  1323.17  1005.01  1531.28     1550        0        0        0        0        0        0        0        0        0 
39   144014  28787.4  22000.9  27852.6  8276.12   6458.2  7847.96  2976.46  5532.21  5797.45   2395.3  2776.88  1457.48  2013.43  2081.58  1275.35  1373.17  1055.01  1581.28     1600        0        0        0        0        0        0        0        0        0 
40   144184  28957.4  22170.9  28022.6  8446.12   6628.2  8017.96  3146.46  5702.21  5967.45   2565.3  2946.88  1627.48  2183.43  2251.58  1445.35  1543.17  1225.01  1751.28     1770        0        0        0        0        0        0        0        0        0 
41   144264  29037.4  22250.9  28102.6  8526.12   6708.2  8097.96  3226.46  5782.21  6047.45   2645.3  3026.88  1707.48  2263.43  2331.58  1525.35  1623.17  1305.01  1831.28     1850        0        0        0        0        0        0        0        0        0 
42   144354  29127.4  22340.9  28192.6  8616.12   6798.2  8187.96  3316.46  5872.21  6137.45   2735.3  3116.88  1797.48  2353.43  2421.58  1615.35  1713.17  1395.01  1921.28     1940        0        0        0        0        0        0        0        0        0 
43   144463  29236.1  22449.6  28301.4  8724.84  6906.92  8296.68  3425.18  5980.93  6246.17  2844.02   3225.6   1906.2  2462.15   2530.3  1724.07  1821.89  1503.73     2030        0        0        0        0        0        0        0        0        0        0 
44   145079  29852.4  23065.9  28917.6  9341.11   7523.2  8912.96  4041.45   6597.2  6862.44  3460.29  3841.87  2522.47  3078.42  3146.57  2340.35  2438.17     2120        0        0        0        0        0        0        0        0        0        0        0 
45   145169  29942.4  23155.9  29007.6  9431.11   7613.2  9002.96  4131.45   6687.2  6952.44  3550.29  3931.87  2612.47  3168.42  3236.57  2430.35  2528.17     2210        0        0        0        0        0        0        0        0        0        0        0 
46   144941  29714.2  22927.7  28779.5  9202.94  7385.03  8774.79  3903.28  6459.04  6724.28  3322.12   3703.7  2384.31  2940.25   3008.4  2202.18     2300        0        0        0        0        0        0        0        0        0        0        0        0 
47   145031  29804.2  23017.7  28869.5  9292.94  7475.03  8864.79  3993.28  6549.04  6814.28  3412.12   3793.7  2474.31  3030.25   3098.4  2292.18     2390        0        0        0        0        0        0        0        0        0        0        0        0 
48   145131  29904.2  23117.7  28969.5  9392.94  7575.03  8964.79  4093.28  6649.04  6914.28  3512.12   3893.7  2574.31  3130.25   3198.4  2392.18     2490        0        0        0        0        0        0        0        0        0        0        0        0 
49   145231  30004.2  23217.7  29069.5  9492.94  7675.03  9064.79  4193.28  6749.04  7014.28  3612.12   3993.7  2674.31  3230.25   3298.4  2492.18     2590        0        0        0        0        0        0        0        0        0        0        0        0 
50   145321  30094.2  23307.7  29159.5  9582.94  7765.03  9154.79  4283.28  6839.04  7104.28  3702.12   4083.7  2764.31  3320.25   3388.4  2582.18     2680        0        0        0        0        0        0        0        0        0        0        0        0 
51   145498    30272  23485.5  29337.3  9760.76  7942.85  9332.61   4461.1  7016.86   7282.1  3879.94  4261.53  2942.13  3498.08  3566.22     2760        0        0        0        0        0        0        0        0        0        0        0        0        0 
52   144782  29555.8  22769.3  28621.1  9044.54  7226.63  8616.39  3744.88  6300.63  6565.87  3163.72   3545.3  2225.91  2781.85     2850        0        0        0        0        0        0        0        0        0        0        0        0        0        0 
53   144882  29655.8  22869.3  28721.1  9144.54  7326.63  8716.39  3844.88  6400.63  6665.87  3263.72   3645.3  2325.91  2881.85     2950        0        0        0        0        0        0        0        0        0        0        0        0        0        0 
54   145335  30108.8  23322.3  29174.1  9597.54  7779.63  9169.39  4297.88  6853.63  7118.87  3716.72   4098.3  2778.91  3334.85     3403        0        0        0        0        0        0        0        0        0        0        0        0        0        0 
55   145412  30185.8  23399.3  29251.1  9674.54  7856.63  9246.39  4374.88  6930.63  7195.87  3793.72   4175.3  2855.91  3411.85     3480        0        0        0        0        0        0        0        0        0        0        0        0        0        0 
56   145493  30266.8  23480.3  29332.1  9755.54  7937.63  9327.39  4455.88  7011.63  7276.87  3874.72   4256.3  2936.91  3492.85     3561        0        0        0        0        0        0        0        0        0        0        0        0        0        0 
57   145579  30352.8  23566.3  29418.1  9841.54  8023.63  9413.39  4541.88  7097.63  7362.87  3960.72   4342.3  3022.91  3578.85     3647        0        0        0        0        0        0        0        0        0        0        0        0        0        0 
58   145662  30435.8  23649.3  29501.1  9924.54  8106.63  9496.39  4624.88  7180.63  7445.87  4043.72   4425.3  3105.91  3661.85     3730        0        0        0        0        0        0        0        0        0        0        0        0        0        0 
59   145742  30515.8  23729.3  29581.1  10004.5  8186.63  9576.39  4704.88  7260.63  7525.87  4123.72   4505.3  3185.91  3741.85     3810        0        0        0        0        0        0        0        0        0        0        0        0        0        0 
60   145918  30691.8  23905.3  29757.1  10180.5  8362.63  9752.39  4880.88  7436.63  7701.87  4299.72   4681.3  3361.91  3917.85     3986        0        0        0        0        0        0        0        0        0        0        0        0        0        0 
61   146070  30843.9  24057.4  29909.2  10332.7  8514.78  9904.54  5033.03  7588.78  7854.02  4451.87  4833.45  3514.05     4070        0        0        0        0        0        0        0        0        0        0        0        0        0        0        0 
62   146716  31489.9  24703.4  30555.2  10978.6  9160.72  10550.5  5678.98  8234.73  8499.97  5097.82   5479.4     4160        0        0        0        0        0        0        0        0        0        0        0        0        0        0        0        0 
63   146801  31574.9  24788.4  30640.2  11063.6  9245.72  10635.5  5763.98  8319.73  8584.97  5182.82   5564.4     4245        0        0        0        0        0        0        0        0        0        0        0        0        0        0        0        0 
64   145823  30596.5    23810  29661.8  10085.2  8267.33  9657.09  4785.58  7341.33  7606.57  4204.42     4586        0        0        0        0        0        0        0        0        0        0        0        0        0        0        0        0        0 
65   145907  30680.5    23894  29745.8  10169.2  8351.33  9741.09  4869.58  7425.33  7690.57  4288.42     4670        0        0        0        0        0        0        0        0        0        0        0        0        0        0        0        0        0 
66   145997  30770.5    23984  29835.8  10259.2  8441.33  9831.09  4959.58  7515.33  7780.57  4378.42     4760        0        0        0        0        0        0        0        0        0        0        0        0        0        0        0        0        0 
67   146077  30850.5    24064  29915.8  10339.2  8521.33  9911.09  5039.58  7595.33  7860.57  4458.42     4840        0        0        0        0        0        0        0        0        0        0        0        0        0        0        0        0        0 
68   146657  31430.5    24644  30495.8  10919.2  9101.33  10491.1  5619.58  8175.33  8440.57  5038.42     5420        0        0        0        0        0        0        0        0        0        0        0        0        0        0        0        0        0 
69   147129  31902.1  25115.6  30967.3  11390.8  9572.91  10962.7  6091.16  8646.91  8912.15     5510        0        0        0        0        0        0        0        0        0        0        0        0        0        0        0        0        0        0 
70   143976  28749.9  21963.4  27815.2  8238.67  6420.76  7810.51  2939.01  5494.76     5760        0        0        0        0        0        0        0        0        0        0        0        0        0        0        0        0        0        0        0 
71   144076  28849.9  22063.4  27915.2  8338.67  6520.76  7910.51  3039.01  5594.76     5860        0        0        0        0        0        0        0        0        0        0        0        0        0        0        0        0        0        0        0 
72   147416  32189.9  25403.4  31255.2  11678.7  9860.76  11250.5  6379.01  8934.76     9200        0        0        0        0        0        0        0        0        0        0        0        0        0        0        0        0        0        0        0 
73   147586  32359.9  25573.4  31425.2  11848.7  10030.8  11420.5  6549.01  9104.76     9370        0        0        0        0        0        0        0        0        0        0        0        0        0        0        0        0        0        0        0 
74   147786  32559.9  25773.4  31625.2  12048.7  10230.8  11620.5  6749.01  9304.76     9570        0        0        0        0        0        0        0        0        0        0        0        0        0        0        0        0        0        0        0 
75   147986  32759.9  25973.4  31825.2  12248.7  10430.8  11820.5  6949.01  9504.76     9770        0        0        0        0        0        0        0        0        0        0        0        0        0        0        0        0        0        0        0 
76   148186  32959.9  26173.4  32025.2  12448.7  10630.8  12020.5  7149.01  9704.76     9970        0        0        0        0        0        0        0        0        0        0        0        0        0        0        0        0        0        0        0 
77   148376  33149.9  26363.4  32215.2  12638.7  10820.8  12210.5  7339.01  9894.76    10160        0        0        0        0        0        0        0        0        0        0        0        0        0        0        0        0        0        0        0 
78   148876  33649.9  26863.4  32715.2  13138.7  11320.8  12710.5  7839.01  10394.8    10660        0        0        0        0        0        0        0        0        0        0        0        0        0        0        0        0        0        0        0 
79   149342  34115.2  27328.7  33180.4  13603.9    11786  13175.8  8304.25    10860        0        0        0        0        0        0        0        0        0        0        0        0        0        0        0        0        0        0        0        0 
80   152117  36890.9  30104.4  35956.2  16379.7  14561.7  15951.5    11080        0        0        0        0        0        0        0        0        0        0        0        0        0        0        0        0        0        0        0        0        0 
81   152317  37090.9  30304.4  36156.2  16579.7  14761.7  16151.5    11280        0        0        0        0        0        0        0        0        0        0        0        0        0        0        0        0        0        0        0        0        0 
82   148016  32789.4  26002.9  31854.7  12278.2  10460.2    11850        0        0        0        0        0        0        0        0        0        0        0        0        0        0        0        0        0        0        0        0        0        0 
83   148186  32959.4  26172.9  32024.7  12448.2  10630.2    12020        0        0        0        0        0        0        0        0        0        0        0        0        0        0        0        0        0        0        0        0        0        0 
84   148386  33159.4  26372.9  32224.7  12648.2  10830.2    12220        0        0        0        0        0        0        0        0        0        0        0        0        0        0        0        0        0        0        0        0        0        0 
85   148556  33329.4  26542.9  32394.7  12818.2  11000.2    12390        0        0        0        0        0        0        0        0        0        0        0        0        0        0        0        0        0        0        0        0        0        0 
86   150346  35119.4  28332.9  34184.7  14608.2  12790.2    14180        0        0        0        0        0        0        0        0        0        0        0        0        0        0        0        0        0        0        0        0        0        0 
87   151956  36729.2  29942.7  35794.4  16217.9    14400        0        0        0        0        0        0        0        0        0        0        0        0        0        0        0        0        0        0        0        0        0        0        0 
88   150538  35311.2  28524.7  34376.5    14800        0        0        0        0        0        0        0        0        0        0        0        0        0        0        0        0        0        0        0        0        0        0        0        0 
89   150738  35511.2  28724.7  34576.5    15000        0        0        0        0        0        0        0        0        0        0        0        0        0        0        0        0        0        0        0        0        0        0        0        0 
90   146461  31234.7  24448.2    30300        0        0        0        0        0        0        0        0        0        0        0        0        0        0        0        0        0        0        0        0        0        0        0        0        0 
91   146961  31734.7  24948.2    30800        0        0        0        0        0        0        0        0        0        0        0        0        0        0        0        0        0        0        0        0        0        0        0        0        0 
92   147461  32234.7  25448.2    31300        0        0        0        0        0        0        0        0        0        0        0        0        0        0        0        0        0        0        0        0        0        0        0        0        0 
93   147961  32734.7  25948.2    31800        0        0        0        0        0        0        0        0        0        0        0        0        0        0        0        0        0        0        0        0        0        0        0        0        0 
94   154561  39334.7  32548.2    38400        0        0        0        0        0        0        0        0        0        0        0        0        0        0        0        0        0        0        0        0        0        0        0        0        0 
95   161113  45886.5    39100        0        0        0        0        0        0        0        0        0        0        0        0        0        0        0        0        0        0        0        0        0        0        0        0        0        0 
96   155226    40000        0        0        0        0        0        0        0        0        0        0        0        0        0        0        0        0        0        0        0        0        0        0        0        0        0        0        0 
97   155709  40482.2        0        0        0        0        0        0        0        0        0        0        0        0        0        0        0        0        0        0        0        0        0        0        0        0        0        0        0 
98   158152        0        0        0        0        0        0        0        0        0        0        0        0        0        0        0        0        0        0        0        0        0        0        0        0        0        0        0        0 
99   160804        0        0        0        0        0        0        0        0        0        0        0        0        0        0        0        0        0        0        0        0        0        0        0        0        0        0        0        0 
