Q      1s      2s       2p       2p*      3s      3p        3p*      4s       3d       3d*      4p       4p*      5s       4d       4d*      5p       5p*      6s       4f       4f*      5d       5d*      6p       6p*      7s       5f       5f*      6d       6d*
 0  9734.84  1233.93   1057.2  1081.39  157.826  104.414  107.698  8.12626   20.537   20.977        0        0        0        0        0        0        0        0        0        0        0        0        0        0        0        0        0        0        0 
 1  9731.83  1230.92  1054.18  1078.37  154.813  101.402  104.686  5.11363  17.5244  17.9644        0        0        0        0        0        0        0        0        0        0        0        0        0        0        0        0        0        0        0 
 2  9753.59  1252.68  1075.94  1100.13  176.572  123.161  126.445  26.8725  39.2833  39.7233        0        0        0        0        0        0        0        0        0        0        0        0        0        0        0        0        0        0        0 
 3  9773.44  1272.53  1095.79  1119.98  196.422   143.01  146.294  46.7222   59.133   59.573        0        0        0        0        0        0        0        0        0        0        0        0        0        0        0        0        0        0        0 
 4  9796.47  1295.55  1118.82  1143.01  219.449  166.037  169.321  69.7492    82.16     82.6        0        0        0        0        0        0        0        0        0        0        0        0        0        0        0        0        0        0        0 
 5  9821.87  1320.95  1144.22  1168.41  244.849  191.437  194.721  95.1492   107.56      108        0        0        0        0        0        0        0        0        0        0        0        0        0        0        0        0        0        0        0 
 6  9847.77  1346.85  1170.12  1194.31  270.749  217.337  220.621  121.049   133.46    133.9        0        0        0        0        0        0        0        0        0        0        0        0        0        0        0        0        0        0        0 
 7  9887.77  1386.85  1210.12  1234.31  310.749  257.337  260.621  161.049   173.46    173.9        0        0        0        0        0        0        0        0        0        0        0        0        0        0        0        0        0        0        0 
 8  9916.87  1415.95  1239.22  1263.41  339.849  286.437  289.721  190.149   202.56      203        0        0        0        0        0        0        0        0        0        0        0        0        0        0        0        0        0        0        0 
 9  9952.31  1451.39  1274.66  1298.85  375.289  321.877  325.161  225.589      238        0        0        0        0        0        0        0        0        0        0        0        0        0        0        0        0        0        0        0        0 
10  10001.1   1500.2  1323.47  1347.66    424.1  370.688  373.972    274.4        0        0        0        0        0        0        0        0        0        0        0        0        0        0        0        0        0        0        0        0        0 
11  10037.5   1536.6  1359.87  1384.06    460.5  407.088  410.372    310.8        0        0        0        0        0        0        0        0        0        0        0        0        0        0        0        0        0        0        0        0        0 
12  10044.7  1543.83   1367.1  1391.29  467.728  414.316    417.6        0        0        0        0        0        0        0        0        0        0        0        0        0        0        0        0        0        0        0        0        0        0 
13  10080.5  1579.63   1402.9  1427.09  503.528  450.116    453.4        0        0        0        0        0        0        0        0        0        0        0        0        0        0        0        0        0        0        0        0        0        0 
14  10117.7  1616.83   1440.1  1464.29  540.728  487.316    490.6        0        0        0        0        0        0        0        0        0        0        0        0        0        0        0        0        0        0        0        0        0        0 
15  10167.1  1666.23   1489.5  1513.69  590.128  536.716      540        0        0        0        0        0        0        0        0        0        0        0        0        0        0        0        0        0        0        0        0        0        0 
16  10204.9  1704.03   1527.3  1551.49  627.928  574.516    577.8        0        0        0        0        0        0        0        0        0        0        0        0        0        0        0        0        0        0        0        0        0        0 
17  10243.7  1742.82  1566.08  1590.27  666.711    613.3        0        0        0        0        0        0        0        0        0        0        0        0        0        0        0        0        0        0        0        0        0        0        0 
18  10274.5  1773.61  1596.87  1621.06    697.5        0        0        0        0        0        0        0        0        0        0        0        0        0        0        0        0        0        0        0        0        0        0        0        0 
19  10314.4  1813.47  1636.74  1660.93  737.366        0        0        0        0        0        0        0        0        0        0        0        0        0        0        0        0        0        0        0        0        0        0        0        0 
20  10500.3  1999.34  1822.61   1846.8        0        0        0        0        0        0        0        0        0        0        0        0        0        0        0        0        0        0        0        0        0        0        0        0        0 
21  10614.5  2113.54  1936.81     1961        0        0        0        0        0        0        0        0        0        0        0        0        0        0        0        0        0        0        0        0        0        0        0        0        0 
22  10738.5  2237.54  2060.81     2085        0        0        0        0        0        0        0        0        0        0        0        0        0        0        0        0        0        0        0        0        0        0        0        0        0 
23  10867.5  2366.54  2189.81     2214        0        0        0        0        0        0        0        0        0        0        0        0        0        0        0        0        0        0        0        0        0        0        0        0        0 
24  11011.5  2510.54  2333.81     2358        0        0        0        0        0        0        0        0        0        0        0        0        0        0        0        0        0        0        0        0        0        0        0        0        0 
25  11169.1  2668.23   2491.5        0        0        0        0        0        0        0        0        0        0        0        0        0        0        0        0        0        0        0        0        0        0        0        0        0        0 
26  11170.8   2669.9        0        0        0        0        0        0        0        0        0        0        0        0        0        0        0        0        0        0        0        0        0        0        0        0        0        0        0 
27  11282.9     2782        0        0        0        0        0        0        0        0        0        0        0        0        0        0        0        0        0        0        0        0        0        0        0        0        0        0        0 
28  11864.9        0        0        0        0        0        0        0        0        0        0        0        0        0        0        0        0        0        0        0        0        0        0        0        0        0        0        0        0 
29  12388.9        0        0        0        0        0        0        0        0        0        0        0        0        0        0        0        0        0        0        0        0        0        0        0        0        0        0        0        0 
