Q      1s      2s       2p       2p*      3s      3p        3p*      4s       3d       3d*      4p       4p*      5s       4d       4d*      5p       5p*      6s       4f       4f*      5d       5d*      6p       6p*      7s       5f       5f*      6d       6d*
 0  10446.9  1341.62  1154.08  1182.07  179.095  121.844  125.714  11.8176  31.4879  32.0248  5.60372  5.70193        0        0        0        0        0        0        0        0        0        0        0        0        0        0        0        0        0 
 1  10435.3  1330.11  1142.57  1170.57  167.586  110.334  114.204 0.307946  19.9782  20.5151        0        0        0        0        0        0        0        0        0        0        0        0        0        0        0        0        0        0        0 
 2  10445.6  1340.32  1152.78  1180.78  177.796  120.545  124.414  10.5186  30.1889  30.7258        0        0        0        0        0        0        0        0        0        0        0        0        0        0        0        0        0        0        0 
 3  10478.1  1372.83   1185.3  1213.29  210.311   153.06   156.93  43.0338  62.7041   63.241        0        0        0        0        0        0        0        0        0        0        0        0        0        0        0        0        0        0        0 
 4  10500.8   1395.6  1208.07  1236.06   233.08  175.829  179.699  65.8028  85.4731    86.01        0        0        0        0        0        0        0        0        0        0        0        0        0        0        0        0        0        0        0 
 5  10527.5  1422.29  1234.76  1262.75   259.77  202.519  206.389  92.4928  112.163    112.7        0        0        0        0        0        0        0        0        0        0        0        0        0        0        0        0        0        0        0 
 6  10555.6  1450.39  1262.86  1290.85   287.87  230.619  234.489  120.593  140.263    140.8        0        0        0        0        0        0        0        0        0        0        0        0        0        0        0        0        0        0        0 
 7  10584.7  1479.49  1291.96  1319.95   316.97  259.719  263.589  149.693  169.363    169.9        0        0        0        0        0        0        0        0        0        0        0        0        0        0        0        0        0        0        0 
 8  10625.8  1520.59  1333.06  1361.05   358.07  300.819  304.689  190.793  210.463      211        0        0        0        0        0        0        0        0        0        0        0        0        0        0        0        0        0        0        0 
 9  10658.8  1553.59  1366.06  1394.05   391.07  333.819  337.689  223.793  243.463      244        0        0        0        0        0        0        0        0        0        0        0        0        0        0        0        0        0        0        0 
10  10695.4  1590.13   1402.6  1430.59  427.607  370.356  374.226   260.33      280        0        0        0        0        0        0        0        0        0        0        0        0        0        0        0        0        0        0        0        0 
11    10754   1648.8  1461.27  1489.26  486.278  429.026  432.896      319        0        0        0        0        0        0        0        0        0        0        0        0        0        0        0        0        0        0        0        0        0 
12    10791   1685.8  1498.27  1526.26  523.278  466.026  469.896      356        0        0        0        0        0        0        0        0        0        0        0        0        0        0        0        0        0        0        0        0        0 
13  10792.3   1687.1  1499.57  1527.56  524.582   467.33    471.2        0        0        0        0        0        0        0        0        0        0        0        0        0        0        0        0        0        0        0        0        0        0 
14  10829.9   1724.7  1537.17  1565.16  562.182   504.93    508.8        0        0        0        0        0        0        0        0        0        0        0        0        0        0        0        0        0        0        0        0        0        0 
15  10869.4   1764.2  1576.67  1604.66  601.682   544.43    548.3        0        0        0        0        0        0        0        0        0        0        0        0        0        0        0        0        0        0        0        0        0        0 
16  10920.9   1815.7  1628.17  1656.16  653.182   595.93    599.8        0        0        0        0        0        0        0        0        0        0        0        0        0        0        0        0        0        0        0        0        0        0 
17  10961.1   1855.9  1668.37  1696.36  693.382   636.13      640        0        0        0        0        0        0        0        0        0        0        0        0        0        0        0        0        0        0        0        0        0        0 
18    11002  1896.77  1709.24  1737.23  734.252      677        0        0        0        0        0        0        0        0        0        0        0        0        0        0        0        0        0        0        0        0        0        0        0 
19  11033.5  1928.22  1740.69  1768.68    765.7        0        0        0        0        0        0        0        0        0        0        0        0        0        0        0        0        0        0        0        0        0        0        0        0 
20  11075.1  1969.83   1782.3  1810.29  807.308        0        0        0        0        0        0        0        0        0        0        0        0        0        0        0        0        0        0        0        0        0        0        0        0 
21  11274.8  2169.54  1982.01     2010        0        0        0        0        0        0        0        0        0        0        0        0        0        0        0        0        0        0        0        0        0        0        0        0        0 
22  11393.8  2288.54  2101.01     2129        0        0        0        0        0        0        0        0        0        0        0        0        0        0        0        0        0        0        0        0        0        0        0        0        0 
23  11522.8  2417.54  2230.01     2258        0        0        0        0        0        0        0        0        0        0        0        0        0        0        0        0        0        0        0        0        0        0        0        0        0 
24  11655.8  2550.54  2363.01     2391        0        0        0        0        0        0        0        0        0        0        0        0        0        0        0        0        0        0        0        0        0        0        0        0        0 
25  11808.7  2703.44  2515.91   2543.9        0        0        0        0        0        0        0        0        0        0        0        0        0        0        0        0        0        0        0        0        0        0        0        0        0 
26  11975.8  2870.53     2683        0        0        0        0        0        0        0        0        0        0        0        0        0        0        0        0        0        0        0        0        0        0        0        0        0        0 
27  11973.2     2868        0        0        0        0        0        0        0        0        0        0        0        0        0        0        0        0        0        0        0        0        0        0        0        0        0        0        0 
28  12089.7  2984.43        0        0        0        0        0        0        0        0        0        0        0        0        0        0        0        0        0        0        0        0        0        0        0        0        0        0        0 
29  12696.6        0        0        0        0        0        0        0        0        0        0        0        0        0        0        0        0        0        0        0        0        0        0        0        0        0        0        0        0 
30  13239.5        0        0        0        0        0        0        0        0        0        0        0        0        0        0        0        0        0        0        0        0        0        0        0        0        0        0        0        0 
