Q      1s      2s       2p       2p*      3s      3p        3p*      4s       3d       3d*      4p       4p*      5s       4d       4d*      5p       5p*      6s       4f       4f*      5d       5d*      6p       6p*      7s       5f       5f*      6d       6d*
 0  13565.5  1826.56  1590.06  1638.01  277.546  203.063   210.29  27.7821  85.3613   86.524  12.2257   12.787        0        0        0        0        0        0        0        0        0        0        0        0        0        0        0        0        0 
 1  13574.3  1835.37  1598.87  1646.81   286.35  211.867  219.094  36.5862  94.1653   95.328  21.0297   21.591        0        0        0        0        0        0        0        0        0        0        0        0        0        0        0        0        0 
 2  13587.6  1848.65  1612.15  1660.09   299.63  225.147  232.374  49.8662  107.445  108.608  34.3097   34.871        0        0        0        0        0        0        0        0        0        0        0        0        0        0        0        0        0 
 3  13600.5  1861.56  1625.06     1673  312.541  238.058  245.285  62.7772  120.356  121.519  47.2207   47.782        0        0        0        0        0        0        0        0        0        0        0        0        0        0        0        0        0 
 4  13612.8  1873.93  1637.43  1685.38  324.915  250.432  257.659  75.1515  132.731  133.893   59.595        0        0        0        0        0        0        0        0        0        0        0        0        0        0        0        0        0        0 
 5  13566.3  1827.43  1590.93  1638.87  278.412  203.929  211.156  28.6482  86.2273    87.39        0        0        0        0        0        0        0        0        0        0        0        0        0        0        0        0        0        0        0 
 6    13582  1843.07  1606.57  1654.51  294.052  219.569  226.796  44.2882  101.867   103.03        0        0        0        0        0        0        0        0        0        0        0        0        0        0        0        0        0        0        0 
 7  13671.6  1932.65  1696.15  1744.09  383.632  309.149  316.376  133.868  191.447   192.61        0        0        0        0        0        0        0        0        0        0        0        0        0        0        0        0        0        0        0 
 8    13703  1964.04  1727.54  1775.48  415.022  340.539  347.766  165.258  222.837      224        0        0        0        0        0        0        0        0        0        0        0        0        0        0        0        0        0        0        0 
 9    13740  2001.04  1764.54  1812.48  452.022  377.539  384.766  202.258  259.837      261        0        0        0        0        0        0        0        0        0        0        0        0        0        0        0        0        0        0        0 
10    13780  2041.04  1804.54  1852.48  492.022  417.539  424.766  242.258  299.837      301        0        0        0        0        0        0        0        0        0        0        0        0        0        0        0        0        0        0        0 
11    13817  2078.04  1841.54  1889.48  529.022  454.539  461.766  279.258  336.837      338        0        0        0        0        0        0        0        0        0        0        0        0        0        0        0        0        0        0        0 
12    13872  2133.04  1896.54  1944.48  584.022  509.539  516.766  334.258  391.837      393        0        0        0        0        0        0        0        0        0        0        0        0        0        0        0        0        0        0        0 
13    13915  2176.04  1939.54  1987.48  627.022  552.539  559.766  377.258  434.837      436        0        0        0        0        0        0        0        0        0        0        0        0        0        0        0        0        0        0        0 
14  13961.1   2222.2   1985.7  2033.65  673.184  598.702  605.928  423.421      481        0        0        0        0        0        0        0        0        0        0        0        0        0        0        0        0        0        0        0        0 
15  14067.7  2328.78  2092.28  2140.22  779.763  705.281  712.508      530        0        0        0        0        0        0        0        0        0        0        0        0        0        0        0        0        0        0        0        0        0 
16  14114.7  2375.78  2139.28  2187.22  826.763  752.281  759.508      577        0        0        0        0        0        0        0        0        0        0        0        0        0        0        0        0        0        0        0        0        0 
17  14071.5  2332.57  2096.07  2144.02  783.556  709.073    716.3        0        0        0        0        0        0        0        0        0        0        0        0        0        0        0        0        0        0        0        0        0        0 
18  14116.2  2377.27  2140.77  2188.72  828.256  753.773      761        0        0        0        0        0        0        0        0        0        0        0        0        0        0        0        0        0        0        0        0        0        0 
19    14165  2426.07  2189.57  2237.52  877.056  802.573    809.8        0        0        0        0        0        0        0        0        0        0        0        0        0        0        0        0        0        0        0        0        0        0 
20  14225.2  2486.27  2249.77  2297.72  937.256  862.773      870        0        0        0        0        0        0        0        0        0        0        0        0        0        0        0        0        0        0        0        0        0        0 
21    14276  2537.07  2300.57  2348.52  988.056  913.573    920.8        0        0        0        0        0        0        0        0        0        0        0        0        0        0        0        0        0        0        0        0        0        0 
22  14325.4   2586.5     2350  2397.94  1037.48      963        0        0        0        0        0        0        0        0        0        0        0        0        0        0        0        0        0        0        0        0        0        0        0 
23  14358.5  2619.62  2383.12  2431.06   1070.6        0        0        0        0        0        0        0        0        0        0        0        0        0        0        0        0        0        0        0        0        0        0        0        0 
24  14407.1  2668.19  2431.69  2479.63  1119.17        0        0        0        0        0        0        0        0        0        0        0        0        0        0        0        0        0        0        0        0        0        0        0        0 
25  14658.9  2919.96  2683.46   2731.4        0        0        0        0        0        0        0        0        0        0        0        0        0        0        0        0        0        0        0        0        0        0        0        0        0 
26  14796.5  3057.56  2821.06     2869        0        0        0        0        0        0        0        0        0        0        0        0        0        0        0        0        0        0        0        0        0        0        0        0        0 
27  14948.5  3209.56  2973.06     3021        0        0        0        0        0        0        0        0        0        0        0        0        0        0        0        0        0        0        0        0        0        0        0        0        0 
28  15096.5  3357.56  3121.06     3169        0        0        0        0        0        0        0        0        0        0        0        0        0        0        0        0        0        0        0        0        0        0        0        0        0 
29  15288.5  3549.56  3313.06     3361        0        0        0        0        0        0        0        0        0        0        0        0        0        0        0        0        0        0        0        0        0        0        0        0        0 
30  15498.5   3759.6   3523.1        0        0        0        0        0        0        0        0        0        0        0        0        0        0        0        0        0        0        0        0        0        0        0        0        0        0 
31  15473.9     3735        0        0        0        0        0        0        0        0        0        0        0        0        0        0        0        0        0        0        0        0        0        0        0        0        0        0        0 
32  15607.9  3868.99        0        0        0        0        0        0        0        0        0        0        0        0        0        0        0        0        0        0        0        0        0        0        0        0        0        0        0 
33    16317        0        0        0        0        0        0        0        0        0        0        0        0        0        0        0        0        0        0        0        0        0        0        0        0        0        0        0        0 
34  16937.1        0        0        0        0        0        0        0        0        0        0        0        0        0        0        0        0        0        0        0        0        0        0        0        0        0        0        0        0 
