Q      1s      2s       2p       2p*      3s      3p        3p*      4s       3d       3d*      4p       4p*      5s       4d       4d*      5p       5p*      6s       4f       4f*      5d       5d*      6p       6p*      7s       5f       5f*      6d       6d*
 0    18110  2580.98  2267.47  2353.93  454.435  354.008  368.325  68.3767  200.261  202.852  40.2402  42.1167  5.85899  7.87498  7.97693        0        0        0        0        0        0        0        0        0        0        0        0        0        0 
 1  18115.3  2586.23  2272.72  2359.18   459.69  359.263   373.58  73.6318  205.516  208.107  45.4952  47.3717   11.114    13.13        0        0        0        0        0        0        0        0        0        0        0        0        0        0        0 
 2  18127.3  2598.29  2284.78  2371.24  471.746  371.319  385.636  85.6878  217.572  220.163  57.5512  59.4277    23.17        0        0        0        0        0        0        0        0        0        0        0        0        0        0        0        0 
 3  18138.6  2609.54  2296.03  2382.49  482.994  382.567  396.884  96.9361  228.821  231.411  68.7996   70.676  34.4184        0        0        0        0        0        0        0        0        0        0        0        0        0        0        0        0 
 4  18148.3  2619.21   2305.7  2392.16  492.666  392.239  406.556  106.608  238.493  241.083  78.4716   80.348        0        0        0        0        0        0        0        0        0        0        0        0        0        0        0        0        0 
 5  18164.3  2635.24  2321.73  2408.19  508.698  408.271  422.588   122.64  254.525  257.115  94.5036    96.38        0        0        0        0        0        0        0        0        0        0        0        0        0        0        0        0        0 
 6  18179.9  2650.86  2337.35  2423.81  524.318  423.891  438.208   138.26  270.145  272.735  110.124      112        0        0        0        0        0        0        0        0        0        0        0        0        0        0        0        0        0 
 7  18201.6  2672.56  2359.05  2445.51  546.018  445.591  459.908   159.96  291.845  294.435  131.824    133.7        0        0        0        0        0        0        0        0        0        0        0        0        0        0        0        0        0 
 8  18220.9  2691.86  2378.35  2464.81  565.318  464.891  479.208   179.26  311.145  313.735  151.124      153        0        0        0        0        0        0        0        0        0        0        0        0        0        0        0        0        0 
 9  18241.8  2712.76  2399.25  2485.71  586.215  485.788  500.104  200.157  332.041  334.632   172.02        0        0        0        0        0        0        0        0        0        0        0        0        0        0        0        0        0        0 
10  18122.1  2593.03  2279.52  2365.98  466.483  366.056  380.373  80.4247  212.309    214.9        0        0        0        0        0        0        0        0        0        0        0        0        0        0        0        0        0        0        0 
11  18143.4  2614.38  2300.87  2387.33  487.835  387.408  401.725  101.777  233.661  236.252        0        0        0        0        0        0        0        0        0        0        0        0        0        0        0        0        0        0        0 
12  18333.2  2804.13  2490.62  2577.08  677.583  577.156  591.473  291.525  423.409      426        0        0        0        0        0        0        0        0        0        0        0        0        0        0        0        0        0        0        0 
13  18377.2  2848.13  2534.62  2621.08  721.583  621.156  635.473  335.525  467.409      470        0        0        0        0        0        0        0        0        0        0        0        0        0        0        0        0        0        0        0 
14  18427.2  2898.13  2584.62  2671.08  771.583  671.156  685.473  385.525  517.409      520        0        0        0        0        0        0        0        0        0        0        0        0        0        0        0        0        0        0        0 
15  18480.2  2951.13  2637.62  2724.08  824.583  724.156  738.473  438.525  570.409      573        0        0        0        0        0        0        0        0        0        0        0        0        0        0        0        0        0        0        0 
16  18529.2  3000.13  2686.62  2773.08  873.583  773.156  787.473  487.525  619.409      622        0        0        0        0        0        0        0        0        0        0        0        0        0        0        0        0        0        0        0 
17  18597.2  3068.13  2754.62  2841.08  941.583  841.156  855.473  555.525  687.409      690        0        0        0        0        0        0        0        0        0        0        0        0        0        0        0        0        0        0        0 
18  18652.2  3123.13  2809.62  2896.08  996.583  896.156  910.473  610.525  742.409      745        0        0        0        0        0        0        0        0        0        0        0        0        0        0        0        0        0        0        0 
19  18712.8  3183.72  2870.21  2956.67  1057.17  956.746  971.063  671.115      803        0        0        0        0        0        0        0        0        0        0        0        0        0        0        0        0        0        0        0        0 
20  18904.7   3375.6  3062.09  3148.55  1249.06  1148.63  1162.95      863        0        0        0        0        0        0        0        0        0        0        0        0        0        0        0        0        0        0        0        0        0 
21  18963.7   3434.6  3121.09  3207.55  1308.06  1207.63  1221.95      922        0        0        0        0        0        0        0        0        0        0        0        0        0        0        0        0        0        0        0        0        0 
22  18833.7  3304.66  2991.14   3077.6  1178.11  1077.68     1092        0        0        0        0        0        0        0        0        0        0        0        0        0        0        0        0        0        0        0        0        0        0 
23  18886.4  3357.36  3043.84   3130.3  1230.81  1130.38   1144.7        0        0        0        0        0        0        0        0        0        0        0        0        0        0        0        0        0        0        0        0        0        0 
24  18947.1  3418.06  3104.54     3191  1291.51  1191.08   1205.4        0        0        0        0        0        0        0        0        0        0        0        0        0        0        0        0        0        0        0        0        0        0 
25  19018.7  3489.66  3176.14   3262.6  1363.11  1262.68     1277        0        0        0        0        0        0        0        0        0        0        0        0        0        0        0        0        0        0        0        0        0        0 
26  19085.7  3556.66  3243.14   3329.6  1430.11  1329.68     1344        0        0        0        0        0        0        0        0        0        0        0        0        0        0        0        0        0        0        0        0        0        0 
27    19148  3618.97  3305.46  3391.92  1492.43     1392        0        0        0        0        0        0        0        0        0        0        0        0        0        0        0        0        0        0        0        0        0        0        0 
28  19180.7  3651.65  3338.13  3424.59   1525.1        0        0        0        0        0        0        0        0        0        0        0        0        0        0        0        0        0        0        0        0        0        0        0        0 
29    19238  3708.92   3395.4  3481.86  1582.37        0        0        0        0        0        0        0        0        0        0        0        0        0        0        0        0        0        0        0        0        0        0        0        0 
30  19544.1  4015.05  3701.54     3788        0        0        0        0        0        0        0        0        0        0        0        0        0        0        0        0        0        0        0        0        0        0        0        0        0 
31  19706.1  4177.05  3863.54     3950        0        0        0        0        0        0        0        0        0        0        0        0        0        0        0        0        0        0        0        0        0        0        0        0        0 
32  19883.1  4354.05  4040.54     4127        0        0        0        0        0        0        0        0        0        0        0        0        0        0        0        0        0        0        0        0        0        0        0        0        0 
33  20056.1  4527.05  4213.54     4300        0        0        0        0        0        0        0        0        0        0        0        0        0        0        0        0        0        0        0        0        0        0        0        0        0 
34  20309.1  4780.05  4466.54     4553        0        0        0        0        0        0        0        0        0        0        0        0        0        0        0        0        0        0        0        0        0        0        0        0        0 
35  20586.6  5057.51     4744        0        0        0        0        0        0        0        0        0        0        0        0        0        0        0        0        0        0        0        0        0        0        0        0        0        0 
36  20520.1     4991        0        0        0        0        0        0        0        0        0        0        0        0        0        0        0        0        0        0        0        0        0        0        0        0        0        0        0 
37    20676  5146.93        0        0        0        0        0        0        0        0        0        0        0        0        0        0        0        0        0        0        0        0        0        0        0        0        0        0        0 
38  21516.5        0        0        0        0        0        0        0        0        0        0        0        0        0        0        0        0        0        0        0        0        0        0        0        0        0        0        0        0 
39  22236.7        0        0        0        0        0        0        0        0        0        0        0        0        0        0        0        0        0        0        0        0        0        0        0        0        0        0        0        0 
