Q      1s      2s       2p       2p*      3s      3p        3p*      4s       3d       3d*      4p       4p*      5s       4d       4d*      5p       5p*      6s       4f       4f*      5d       5d*      6p       6p*      7s       5f       5f*      6d       6d*
 0  19100.4  2744.97  2413.59  2510.01  489.971  383.755  399.979  72.7495  222.674  225.663  42.7913  45.0334  5.59291  6.86563  7.00794        0        0        0        0        0        0        0        0        0        0        0        0        0        0 
 1  19107.7  2752.28   2420.9  2517.32  497.283  391.067  407.291  80.0616  229.986  232.975  50.1034  52.3454   12.905  14.1777    14.32        0        0        0        0        0        0        0        0        0        0        0        0        0        0 
 2  19118.5  2763.14  2431.76  2528.18  508.145  401.929  418.153  90.9239  240.848  243.837  60.9657  63.2077  23.7673    25.04        0        0        0        0        0        0        0        0        0        0        0        0        0        0        0 
 3  19132.4  2776.99  2445.61  2542.02  521.989  415.773  431.997  104.768  254.692  257.681  74.8094  77.0515   37.611        0        0        0        0        0        0        0        0        0        0        0        0        0        0        0        0 
 4  19145.3  2789.95  2458.57  2554.99  534.951  428.734  444.959  117.729  267.653  270.643  87.7712  90.0133  50.5728        0        0        0        0        0        0        0        0        0        0        0        0        0        0        0        0 
 5  19157.4  2802.01  2470.62  2567.04  547.007   440.79  457.015  129.785  279.709  282.698  99.8269  102.069        0        0        0        0        0        0        0        0        0        0        0        0        0        0        0        0        0 
 6  19174.4  2819.04  2487.65  2584.07  564.038  457.821  474.046  146.816   296.74  299.729  116.858    119.1        0        0        0        0        0        0        0        0        0        0        0        0        0        0        0        0        0 
 7  19191.3  2835.94  2504.55  2600.97  580.938  474.721  490.946  163.716   313.64  316.629  133.758      136        0        0        0        0        0        0        0        0        0        0        0        0        0        0        0        0        0 
 8  19214.5  2859.14  2527.75  2624.17  604.138  497.921  514.146  186.916   336.84  339.829  156.958    159.2        0        0        0        0        0        0        0        0        0        0        0        0        0        0        0        0        0 
 9  19235.3  2879.94  2548.55  2644.97  624.938  518.721  534.946  207.716   357.64  360.629  177.758      180        0        0        0        0        0        0        0        0        0        0        0        0        0        0        0        0        0 
10  19257.8  2902.46  2571.08  2667.49   647.46  541.243  557.468  230.238  380.162  383.151   200.28        0        0        0        0        0        0        0        0        0        0        0        0        0        0        0        0        0        0 
11  19120.8  2765.41  2434.02  2530.44  510.408  404.192  420.416  93.1868  243.111    246.1        0        0        0        0        0        0        0        0        0        0        0        0        0        0        0        0        0        0        0 
12  19143.3   2787.9  2456.51  2552.93  532.898  426.682  442.906  115.677  265.601   268.59        0        0        0        0        0        0        0        0        0        0        0        0        0        0        0        0        0        0        0 
13  19357.2  3001.81  2670.42  2766.84  746.808  640.592  656.816  329.587  479.511    482.5        0        0        0        0        0        0        0        0        0        0        0        0        0        0        0        0        0        0        0 
14  19404.7  3049.31  2717.92  2814.34  794.308  688.092  704.316  377.087  527.011      530        0        0        0        0        0        0        0        0        0        0        0        0        0        0        0        0        0        0        0 
15  19455.7  3100.31  2768.92  2865.34  845.308  739.092  755.316  428.087  578.011      581        0        0        0        0        0        0        0        0        0        0        0        0        0        0        0        0        0        0        0 
16  19510.7  3155.31  2823.92  2920.34  900.308  794.092  810.316  483.087  633.011      636        0        0        0        0        0        0        0        0        0        0        0        0        0        0        0        0        0        0        0 
17  19562.7  3207.31  2875.92  2972.34  952.308  846.092  862.316  535.087  685.011      688        0        0        0        0        0        0        0        0        0        0        0        0        0        0        0        0        0        0        0 
18  19632.7  3277.31  2945.92  3042.34  1022.31  916.092  932.316  605.087  755.011      758        0        0        0        0        0        0        0        0        0        0        0        0        0        0        0        0        0        0        0 
19  19690.7  3335.31  3003.92  3100.34  1080.31  974.092  990.316  663.087  813.011      816        0        0        0        0        0        0        0        0        0        0        0        0        0        0        0        0        0        0        0 
20  19754.7   3399.3  3067.91  3164.33   1144.3  1038.08  1054.31  727.076      877        0        0        0        0        0        0        0        0        0        0        0        0        0        0        0        0        0        0        0        0 
21  19967.6  3612.22  3280.84  3377.26  1357.22  1251.01  1267.23      940        0        0        0        0        0        0        0        0        0        0        0        0        0        0        0        0        0        0        0        0        0 
22  20027.6  3672.22  3340.84  3437.26  1417.22  1311.01  1327.23     1000        0        0        0        0        0        0        0        0        0        0        0        0        0        0        0        0        0        0        0        0        0 
23  19876.4  3520.99  3189.61  3286.03  1265.99  1159.78     1176        0        0        0        0        0        0        0        0        0        0        0        0        0        0        0        0        0        0        0        0        0        0 
24    19931  3575.59  3244.21  3340.63  1320.59  1214.38   1230.6        0        0        0        0        0        0        0        0        0        0        0        0        0        0        0        0        0        0        0        0        0        0 
25  19994.1  3638.69  3307.31  3403.73  1383.69  1277.48   1293.7        0        0        0        0        0        0        0        0        0        0        0        0        0        0        0        0        0        0        0        0        0        0 
26  20068.4  3712.99  3381.61  3478.03  1457.99  1351.78     1368        0        0        0        0        0        0        0        0        0        0        0        0        0        0        0        0        0        0        0        0        0        0 
27  20139.4  3783.99  3452.61  3549.03  1528.99  1422.78     1439        0        0        0        0        0        0        0        0        0        0        0        0        0        0        0        0        0        0        0        0        0        0 
28  20204.6  3849.22  3517.83  3614.25  1594.22     1488        0        0        0        0        0        0        0        0        0        0        0        0        0        0        0        0        0        0        0        0        0        0        0 
29  20236.3   3880.9  3549.52  3645.93   1625.9        0        0        0        0        0        0        0        0        0        0        0        0        0        0        0        0        0        0        0        0        0        0        0        0 
30  20295.4  3939.97  3608.59     3705  1684.97        0        0        0        0        0        0        0        0        0        0        0        0        0        0        0        0        0        0        0        0        0        0        0        0 
31  20610.4  4255.06  3923.68   4020.1        0        0        0        0        0        0        0        0        0        0        0        0        0        0        0        0        0        0        0        0        0        0        0        0        0 
32  20777.3  4421.96  4090.58     4187        0        0        0        0        0        0        0        0        0        0        0        0        0        0        0        0        0        0        0        0        0        0        0        0        0 
33  20959.3  4603.96  4272.58     4369        0        0        0        0        0        0        0        0        0        0        0        0        0        0        0        0        0        0        0        0        0        0        0        0        0 
34  21130.3  4774.96  4443.58     4540        0        0        0        0        0        0        0        0        0        0        0        0        0        0        0        0        0        0        0        0        0        0        0        0        0 
35  21405.3  5049.96  4718.58     4815        0        0        0        0        0        0        0        0        0        0        0        0        0        0        0        0        0        0        0        0        0        0        0        0        0 
36  21697.8  5342.38     5011        0        0        0        0        0        0        0        0        0        0        0        0        0        0        0        0        0        0        0        0        0        0        0        0        0        0 
37  21620.4     5265        0        0        0        0        0        0        0        0        0        0        0        0        0        0        0        0        0        0        0        0        0        0        0        0        0        0        0 
38  21781.5  5426.07        0        0        0        0        0        0        0        0        0        0        0        0        0        0        0        0        0        0        0        0        0        0        0        0        0        0        0 
39    22648        0        0        0        0        0        0        0        0        0        0        0        0        0        0        0        0        0        0        0        0        0        0        0        0        0        0        0        0 
40  23388.8        0        0        0        0        0        0        0        0        0        0        0        0        0        0        0        0        0        0        0        0        0        0        0        0        0        0        0        0 
