Q      1s      2s       2p       2p*      3s      3p        3p*      4s       3d       3d*      4p       4p*      5s       4d       4d*      5p       5p*      6s       4f       4f*      5d       5d*      6p       6p*      7s       5f       5f*      6d       6d*
 0  25664.6  3863.83  3402.92  3579.14   745.18  598.551  630.657  116.317  391.445  397.836  72.9484    78.31  6.45324  13.6464  14.3124        0        0        0        0        0        0        0        0        0        0        0        0        0        0 
 1  25671.8     3871  3410.09  3586.31  752.352  605.723  637.829   123.49  398.617  405.008  80.1204   85.482  13.6253  20.8184  21.4844        0        0        0        0        0        0        0        0        0        0        0        0        0        0 
 2  25685.1  3884.31  3423.41  3599.63  765.667  619.039  651.144  136.805  411.933  418.324   93.436  98.7976  26.9409   34.134     34.8        0        0        0        0        0        0        0        0        0        0        0        0        0        0 
 3  25699.3  3898.51  3437.61  3613.83  779.867  633.239  665.344  151.005  426.133  432.524  107.636  112.998  41.1409   48.334       49        0        0        0        0        0        0        0        0        0        0        0        0        0        0 
 4  25715.3  3914.51  3453.61  3629.83  795.867  649.239  681.344  167.005  442.133  448.524  123.636  128.998  57.1409   64.334       65        0        0        0        0        0        0        0        0        0        0        0        0        0        0 
 5  25732.3  3931.51  3470.61  3646.83  812.867  666.239  698.344  184.005  459.133  465.524  140.636  145.998  74.1409   81.334       82        0        0        0        0        0        0        0        0        0        0        0        0        0        0 
 6  25756.3  3955.51  3494.61  3670.83  836.867  690.239  722.344  208.005  483.133  489.524  164.636  169.998  98.1409  105.334      106        0        0        0        0        0        0        0        0        0        0        0        0        0        0 
 7  25775.3  3974.51  3513.61  3689.83  855.867  709.239  741.344  227.005  502.133  508.524  183.636  188.998  117.141  124.334      125        0        0        0        0        0        0        0        0        0        0        0        0        0        0 
 8  25796.1  3995.28  3534.38  3710.59  876.633  730.005   762.11  247.771  522.899   529.29  204.402  209.764  137.907    145.1        0        0        0        0        0        0        0        0        0        0        0        0        0        0        0 
 9  25825.2  4024.37  3563.47  3739.69  905.726  759.098  791.203  276.864  551.992  558.383  233.495  238.857      167        0        0        0        0        0        0        0        0        0        0        0        0        0        0        0        0 
10  25846.2  4045.37  3584.47  3760.69  926.726  780.098  812.203  297.864  572.992  579.383  254.495  259.857      188        0        0        0        0        0        0        0        0        0        0        0        0        0        0        0        0 
11  25857.8  4056.98  3596.07  3772.29   938.33  791.701  823.807  309.467  584.595  590.986  266.098   271.46        0        0        0        0        0        0        0        0        0        0        0        0        0        0        0        0        0 
12  25880.3  4079.52  3618.61  3794.83   960.87  814.241  846.347  332.007  607.135  613.526  288.638      294        0        0        0        0        0        0        0        0        0        0        0        0        0        0        0        0        0 
13  25907.3  4106.52  3645.61  3821.83   987.87  841.241  873.347  359.007  634.135  640.526  315.638      321        0        0        0        0        0        0        0        0        0        0        0        0        0        0        0        0        0 
14  25933.3  4132.52  3671.61  3847.83  1013.87  867.241  899.347  385.007  660.135  666.526  341.638      347        0        0        0        0        0        0        0        0        0        0        0        0        0        0        0        0        0 
15  25967.3  4166.52  3705.61  3881.83  1047.87  901.241  933.347  419.007  694.135  700.526  375.638      381        0        0        0        0        0        0        0        0        0        0        0        0        0        0        0        0        0 
16  26000.1  4199.31   3738.4  3914.62  1080.66  934.033  966.138  451.799  726.927  733.317   408.43        0        0        0        0        0        0        0        0        0        0        0        0        0        0        0        0        0        0 
17  25735.8  3934.99  3474.09   3650.3  816.344  669.715  701.821  187.482  462.609      469        0        0        0        0        0        0        0        0        0        0        0        0        0        0        0        0        0        0        0 
18  25767.7  3966.86  3505.96  3682.17  848.214  701.585  733.691  219.352  494.479   500.87        0        0        0        0        0        0        0        0        0        0        0        0        0        0        0        0        0        0        0 
19  26151.8  4350.99  3890.09   4066.3  1232.34  1085.72  1117.82  603.482  878.609      885        0        0        0        0        0        0        0        0        0        0        0        0        0        0        0        0        0        0        0 
20  26212.8  4411.99  3951.09   4127.3  1293.34  1146.72  1178.82  664.482  939.609      946        0        0        0        0        0        0        0        0        0        0        0        0        0        0        0        0        0        0        0 
21  26279.8  4478.99  4018.09   4194.3  1360.34  1213.72  1245.82  731.482  1006.61     1013        0        0        0        0        0        0        0        0        0        0        0        0        0        0        0        0        0        0        0 
22  26348.8  4547.99  4087.09   4263.3  1429.34  1282.72  1314.82  800.482  1075.61     1082        0        0        0        0        0        0        0        0        0        0        0        0        0        0        0        0        0        0        0 
23  26415.8  4614.99  4154.09   4330.3  1496.34  1349.72  1381.82  867.482  1142.61     1149        0        0        0        0        0        0        0        0        0        0        0        0        0        0        0        0        0        0        0 
24  26497.8  4696.99  4236.09   4412.3  1578.34  1431.72  1463.82  949.482  1224.61     1231        0        0        0        0        0        0        0        0        0        0        0        0        0        0        0        0        0        0        0 
25  26574.8  4773.99  4313.09   4489.3  1655.34  1508.72  1540.82  1026.48  1301.61     1308        0        0        0        0        0        0        0        0        0        0        0        0        0        0        0        0        0        0        0 
26  26655.2  4854.38  4393.48   4569.7  1735.73  1589.11  1621.21  1106.87     1382        0        0        0        0        0        0        0        0        0        0        0        0        0        0        0        0        0        0        0        0 
27  27008.3  5207.51  4746.61  4922.82  2088.86  1942.23  1974.34     1460        0        0        0        0        0        0        0        0        0        0        0        0        0        0        0        0        0        0        0        0        0 
28  27083.3  5282.51  4821.61  4997.82  2163.86  2017.23  2049.34     1535        0        0        0        0        0        0        0        0        0        0        0        0        0        0        0        0        0        0        0        0        0 
29    26781  4980.17  4519.27  4695.48  1861.52  1714.89     1747        0        0        0        0        0        0        0        0        0        0        0        0        0        0        0        0        0        0        0        0        0        0 
30  26844.5  5043.67  4582.77  4758.98  1925.02  1778.39   1810.5        0        0        0        0        0        0        0        0        0        0        0        0        0        0        0        0        0        0        0        0        0        0 
31    26922  5121.17  4660.27  4836.48  2002.52  1855.89     1888        0        0        0        0        0        0        0        0        0        0        0        0        0        0        0        0        0        0        0        0        0        0 
32    27013  5212.17  4751.27  4927.48  2093.52  1946.89     1979        0        0        0        0        0        0        0        0        0        0        0        0        0        0        0        0        0        0        0        0        0        0 
33    27111  5310.17  4849.27  5025.48  2191.52  2044.89     2077        0        0        0        0        0        0        0        0        0        0        0        0        0        0        0        0        0        0        0        0        0        0 
34  27197.1  5396.28  4935.37  5111.59  2277.63     2131        0        0        0        0        0        0        0        0        0        0        0        0        0        0        0        0        0        0        0        0        0        0        0 
35  27221.5  5420.65  4959.74  5135.96     2302        0        0        0        0        0        0        0        0        0        0        0        0        0        0        0        0        0        0        0        0        0        0        0        0 
36  27291.4  5490.64  5029.73  5205.95  2371.99        0        0        0        0        0        0        0        0        0        0        0        0        0        0        0        0        0        0        0        0        0        0        0        0 
37  27643.5  5842.69  5381.78     5558        0        0        0        0        0        0        0        0        0        0        0        0        0        0        0        0        0        0        0        0        0        0        0        0        0 
38  27838.5  6037.69  5576.78     5753        0        0        0        0        0        0        0        0        0        0        0        0        0        0        0        0        0        0        0        0        0        0        0        0        0 
39  28051.5  6250.69  5789.78     5966        0        0        0        0        0        0        0        0        0        0        0        0        0        0        0        0        0        0        0        0        0        0        0        0        0 
40  28255.5  6454.69  5993.78     6170        0        0        0        0        0        0        0        0        0        0        0        0        0        0        0        0        0        0        0        0        0        0        0        0        0 
41  28636.5  6835.69  6374.78     6551        0        0        0        0        0        0        0        0        0        0        0        0        0        0        0        0        0        0        0        0        0        0        0        0        0 
42  29046.7   7245.9     6785        0        0        0        0        0        0        0        0        0        0        0        0        0        0        0        0        0        0        0        0        0        0        0        0        0        0 
43  28882.8     7082        0        0        0        0        0        0        0        0        0        0        0        0        0        0        0        0        0        0        0        0        0        0        0        0        0        0        0 
44  29072.1   7271.3        0        0        0        0        0        0        0        0        0        0        0        0        0        0        0        0        0        0        0        0        0        0        0        0        0        0        0 
45  30097.3        0        0        0        0        0        0        0        0        0        0        0        0        0        0        0        0        0        0        0        0        0        0        0        0        0        0        0        0 
46  30965.7        0        0        0        0        0        0        0        0        0        0        0        0        0        0        0        0        0        0        0        0        0        0        0        0        0        0        0        0 
