Q      1s      2s       2p       2p*      3s      3p        3p*      4s       3d       3d*      4p       4p*      5s       4d       4d*      5p       5p*      6s       4f       4f*      5d       5d*      6p       6p*      7s       5f       5f*      6d       6d*
 0  26867.5  4076.38   3589.6  3782.99  797.896  643.438   679.06   129.17   428.26  435.408  82.8869  89.0001  7.65838  19.2899  20.0886        0        0        0        0        0        0        0        0        0        0        0        0        0        0 
 1  26864.3   4073.2  3586.42  3779.81  794.716  640.258  675.879   125.99   425.08  432.228  79.7066  85.8198  4.47811  16.1097  16.9083        0        0        0        0        0        0        0        0        0        0        0        0        0        0 
 2  26884.8  4093.76  3606.98  3800.37  815.275  660.818  696.439  146.549   445.64  452.788  100.266  106.379  25.0378  36.6694   37.468        0        0        0        0        0        0        0        0        0        0        0        0        0        0 
 3  26898.4  4107.29  3620.51  3813.91  828.807   674.35  709.971  160.081  459.172   466.32  113.798  119.911  38.5698  50.2014       51        0        0        0        0        0        0        0        0        0        0        0        0        0        0 
 4  26915.3  4124.19  3637.41  3830.81  845.707   691.25  726.871  176.981  476.072   483.22  130.698  136.811  55.4698  67.1014     67.9        0        0        0        0        0        0        0        0        0        0        0        0        0        0 
 5  26934.4  4143.29  3656.51  3849.91  864.807   710.35  745.971  196.081  495.172   502.32  149.798  155.911  74.5698  86.2014       87        0        0        0        0        0        0        0        0        0        0        0        0        0        0 
 6  26952.4  4161.29  3674.51  3867.91  882.807   728.35  763.971  214.081  513.172   520.32  167.798  173.911  92.5698  104.201      105        0        0        0        0        0        0        0        0        0        0        0        0        0        0 
 7  26977.5  4186.39  3699.61  3893.01  907.907   753.45  789.071  239.181  538.272   545.42  192.898  199.011   117.67  129.301    130.1        0        0        0        0        0        0        0        0        0        0        0        0        0        0 
 8  26997.4  4206.29  3719.51  3912.91  927.807   773.35  808.971  259.081  558.172   565.32  212.798  218.911   137.57  149.201      150        0        0        0        0        0        0        0        0        0        0        0        0        0        0 
 9  27021.2  4230.09  3743.31   3936.7  951.606  797.148   832.77   282.88   581.97  589.118  236.597   242.71  161.368      173        0        0        0        0        0        0        0        0        0        0        0        0        0        0        0 
10  27054.8  4263.72  3776.94  3970.34  985.237   830.78  866.401  316.512  615.602   622.75  270.229  276.342      195        0        0        0        0        0        0        0        0        0        0        0        0        0        0        0        0 
11  27077.8  4286.72  3799.94  3993.34  1008.24   853.78  889.401  339.512  638.602   645.75  293.229  299.342      218        0        0        0        0        0        0        0        0        0        0        0        0        0        0        0        0 
12  27083.5  4292.38   3805.6  3998.99   1013.9  859.438   895.06   345.17   644.26  651.408  298.887      305        0        0        0        0        0        0        0        0        0        0        0        0        0        0        0        0        0 
13  27107.5  4316.38   3829.6  4022.99   1037.9  883.438   919.06   369.17   668.26  675.408  322.887      329        0        0        0        0        0        0        0        0        0        0        0        0        0        0        0        0        0 
14  27136.5  4345.38   3858.6  4051.99   1066.9  912.438   948.06   398.17   697.26  704.408  351.887      358        0        0        0        0        0        0        0        0        0        0        0        0        0        0        0        0        0 
15  27163.5  4372.38   3885.6  4078.99   1093.9  939.438   975.06   425.17   724.26  731.408  378.887      385        0        0        0        0        0        0        0        0        0        0        0        0        0        0        0        0        0 
16  27199.5  4408.38   3921.6  4114.99   1129.9  975.438  1011.06   461.17   760.26  767.408  414.887      421        0        0        0        0        0        0        0        0        0        0        0        0        0        0        0        0        0 
17  27237.2  4446.09  3959.31  4152.71  1167.61  1013.15  1048.77  498.883  797.973  805.121    452.6        0        0        0        0        0        0        0        0        0        0        0        0        0        0        0        0        0        0 
18    26945  4153.97  3667.19  3860.59  875.487   721.03  756.651  206.762  505.852      513        0        0        0        0        0        0        0        0        0        0        0        0        0        0        0        0        0        0        0 
19  26978.2  4187.16  3700.38  3893.78  908.677   754.22  789.841  239.952  539.042   546.19        0        0        0        0        0        0        0        0        0        0        0        0        0        0        0        0        0        0        0 
20    27395  4603.97  4117.19  4310.59  1325.49  1171.03  1206.65  656.762  955.852      963        0        0        0        0        0        0        0        0        0        0        0        0        0        0        0        0        0        0        0 
21    27458  4666.97  4180.19  4373.59  1388.49  1234.03  1269.65  719.762  1018.85     1026        0        0        0        0        0        0        0        0        0        0        0        0        0        0        0        0        0        0        0 
22    27527  4735.97  4249.19  4442.59  1457.49  1303.03  1338.65  788.762  1087.85     1095        0        0        0        0        0        0        0        0        0        0        0        0        0        0        0        0        0        0        0 
23    27599  4807.97  4321.19  4514.59  1529.49  1375.03  1410.65  860.762  1159.85     1167        0        0        0        0        0        0        0        0        0        0        0        0        0        0        0        0        0        0        0 
24    27669  4877.97  4391.19  4584.59  1599.49  1445.03  1480.65  930.762  1229.85     1237        0        0        0        0        0        0        0        0        0        0        0        0        0        0        0        0        0        0        0 
25    27752  4960.97  4474.19  4667.59  1682.49  1528.03  1563.65  1013.76  1312.85     1320        0        0        0        0        0        0        0        0        0        0        0        0        0        0        0        0        0        0        0 
26    27833  5041.97  4555.19  4748.59  1763.49  1609.03  1644.65  1094.76  1393.85     1401        0        0        0        0        0        0        0        0        0        0        0        0        0        0        0        0        0        0        0 
27  27916.2  5125.12  4638.34  4831.73  1846.64  1692.18   1727.8  1177.91     1477        0        0        0        0        0        0        0        0        0        0        0        0        0        0        0        0        0        0        0        0 
28  28296.3  5505.21  5018.43  5211.83  2226.73  2072.27  2107.89     1558        0        0        0        0        0        0        0        0        0        0        0        0        0        0        0        0        0        0        0        0        0 
29  28373.3  5582.21  5095.43  5288.83  2303.73  2149.27  2184.89     1635        0        0        0        0        0        0        0        0        0        0        0        0        0        0        0        0        0        0        0        0        0 
30  28040.4  5249.32  4762.54  4955.94  1970.84  1816.38     1852        0        0        0        0        0        0        0        0        0        0        0        0        0        0        0        0        0        0        0        0        0        0 
31  28106.3  5315.22  4828.44  5021.84  2036.74  1882.28   1917.9        0        0        0        0        0        0        0        0        0        0        0        0        0        0        0        0        0        0        0        0        0        0 
32  28186.4  5395.32  4908.54  5101.94  2116.84  1962.38     1998        0        0        0        0        0        0        0        0        0        0        0        0        0        0        0        0        0        0        0        0        0        0 
33  28279.4  5488.32  5001.54  5194.94  2209.84  2055.38     2091        0        0        0        0        0        0        0        0        0        0        0        0        0        0        0        0        0        0        0        0        0        0 
34  28383.4  5592.32  5105.54  5298.94  2313.84  2159.38     2195        0        0        0        0        0        0        0        0        0        0        0        0        0        0        0        0        0        0        0        0        0        0 
35    28474  5682.94  5196.16  5389.56  2404.46     2250        0        0        0        0        0        0        0        0        0        0        0        0        0        0        0        0        0        0        0        0        0        0        0 
36  28496.6  5705.48   5218.7   5412.1     2427        0        0        0        0        0        0        0        0        0        0        0        0        0        0        0        0        0        0        0        0        0        0        0        0 
37  28568.2   5777.1  5290.32  5483.72  2498.62        0        0        0        0        0        0        0        0        0        0        0        0        0        0        0        0        0        0        0        0        0        0        0        0 
38  28923.5  6132.39   5645.6     5839        0        0        0        0        0        0        0        0        0        0        0        0        0        0        0        0        0        0        0        0        0        0        0        0        0 
39  29123.5  6332.39   5845.6     6039        0        0        0        0        0        0        0        0        0        0        0        0        0        0        0        0        0        0        0        0        0        0        0        0        0 
40  29341.5  6550.39   6063.6     6257        0        0        0        0        0        0        0        0        0        0        0        0        0        0        0        0        0        0        0        0        0        0        0        0        0 
41  29544.5  6753.39   6266.6     6460        0        0        0        0        0        0        0        0        0        0        0        0        0        0        0        0        0        0        0        0        0        0        0        0        0 
42  29953.5  7162.39   6675.6     6869        0        0        0        0        0        0        0        0        0        0        0        0        0        0        0        0        0        0        0        0        0        0        0        0        0 
43  30386.9  7595.78     7109        0        0        0        0        0        0        0        0        0        0        0        0        0        0        0        0        0        0        0        0        0        0        0        0        0        0 
44  30205.1     7414        0        0        0        0        0        0        0        0        0        0        0        0        0        0        0        0        0        0        0        0        0        0        0        0        0        0        0 
45    30399  7607.95        0        0        0        0        0        0        0        0        0        0        0        0        0        0        0        0        0        0        0        0        0        0        0        0        0        0        0 
46  31451.1        0        0        0        0        0        0        0        0        0        0        0        0        0        0        0        0        0        0        0        0        0        0        0        0        0        0        0        0 
47  32341.5        0        0        0        0        0        0        0        0        0        0        0        0        0        0        0        0        0        0        0        0        0        0        0        0        0        0        0        0 
