Q      1s      2s       2p       2p*      3s      3p        3p*      4s       3d       3d*      4p       4p*      5s       4d       4d*      5p       5p*      6s       4f       4f*      5d       5d*      6p       6p*      7s       5f       5f*      6d       6d*
 0    34756  5509.35  4835.59  5161.44  1170.37  961.249  1024.78   229.39    694.9  708.131    162.8  175.582  27.4873  71.6684  73.7792  11.9677  13.4036        0        0        0        0        0        0        0        0        0        0        0        0 
 1  34763.6  5516.92  4843.16  5169.01  1177.95  968.821  1032.35  236.962  702.471  715.703  170.372  183.153  35.0587  79.2397  81.3506  19.5391   20.975        0        0        0        0        0        0        0        0        0        0        0        0 
 2  34773.6     5527  4853.23  5179.09  1188.02  978.896  1042.43  247.037  712.546  725.778  180.447  193.228  45.1337  89.3147  91.4256  29.6141    31.05        0        0        0        0        0        0        0        0        0        0        0        0 
 3  34784.8  5538.15  4864.38  5190.24  1199.17  990.046  1053.58  258.187  723.696  736.928  191.597  204.378  56.2837  100.465  102.576  40.7641     42.2        0        0        0        0        0        0        0        0        0        0        0        0 
 4  34796.7  5550.05  4876.28  5202.14  1211.07  1001.95  1065.48  270.087  735.596  748.828  203.497  216.278  68.1837  112.365  114.476  52.6641     54.1        0        0        0        0        0        0        0        0        0        0        0        0 
 5  34810.7  5564.09  4890.32  5216.18  1225.11  1015.98  1079.51  284.126  749.635  762.867  217.536  230.317  82.2226  126.404  128.514   66.703        0        0        0        0        0        0        0        0        0        0        0        0        0 
 6  34773.8  5527.17  4853.41  5179.26   1188.2   979.07   1042.6  247.211   712.72  725.952  180.621  193.402  45.3081  89.4892     91.6        0        0        0        0        0        0        0        0        0        0        0        0        0        0 
 7  34788.2  5541.55  4867.78  5193.64  1202.57  993.448  1056.98  261.589  727.098   740.33  194.999   207.78  59.6859  103.867  105.978        0        0        0        0        0        0        0        0        0        0        0        0        0        0 
 8    34862  5615.41  4941.65   5267.5  1276.44  1067.31  1130.84  335.451   800.96  814.192  268.861  281.642  133.548  177.729   179.84        0        0        0        0        0        0        0        0        0        0        0        0        0        0 
 9  34884.2  5637.57  4963.81  5289.66   1298.6  1089.47     1153  357.611   823.12  836.352  291.021  303.802  155.708  199.889      202        0        0        0        0        0        0        0        0        0        0        0        0        0        0 
10  34911.2  5664.59  4990.83  5316.68  1325.62  1116.49  1180.02  384.631   850.14  863.372  318.041  330.822  182.728  226.909   229.02        0        0        0        0        0        0        0        0        0        0        0        0        0        0 
11  34937.2  5690.57  5016.81  5342.66   1351.6  1142.47     1206  410.611   876.12  889.352  344.021  356.802  208.708  252.889      255        0        0        0        0        0        0        0        0        0        0        0        0        0        0 
12  34963.2  5716.57  5042.81  5368.66   1377.6  1168.47     1232  436.611   902.12  915.352  370.021  382.802  234.708  278.889      281        0        0        0        0        0        0        0        0        0        0        0        0        0        0 
13  34996.2  5749.57  5075.81  5401.66   1410.6  1201.47     1265  469.611   935.12  948.352  403.021  415.802  267.708  311.889      314        0        0        0        0        0        0        0        0        0        0        0        0        0        0 
14  35025.2  5778.57  5104.81  5430.66   1439.6  1230.47     1294  498.611   964.12  977.352  432.021  444.802  296.708  340.889      343        0        0        0        0        0        0        0        0        0        0        0        0        0        0 
15  35058.3  5811.68  5137.92  5463.77  1472.71  1263.58  1327.11  531.722  997.231  1010.46  465.132  477.913  329.819      374        0        0        0        0        0        0        0        0        0        0        0        0        0        0        0 
16  35132.5  5885.87   5212.1  5537.95  1546.89  1337.76  1401.29  605.903  1071.41  1084.64  539.313  552.094      404        0        0        0        0        0        0        0        0        0        0        0        0        0        0        0        0 
17  35162.5  5915.87   5242.1  5567.95  1576.89  1367.76  1431.29  635.903  1101.41  1114.64  569.313  582.094      434        0        0        0        0        0        0        0        0        0        0        0        0        0        0        0        0 
18  35129.4  5882.77     5209  5534.86  1543.79  1334.67   1398.2  602.809  1068.32  1081.55  536.219      549        0        0        0        0        0        0        0        0        0        0        0        0        0        0        0        0        0 
19  35162.4  5915.77     5242  5567.86  1576.79  1367.67   1431.2  635.809  1101.32  1114.55  569.219      582        0        0        0        0        0        0        0        0        0        0        0        0        0        0        0        0        0 
20  35196.4  5949.77     5276  5601.86  1610.79  1401.67   1465.2  669.809  1135.32  1148.55  603.219      616        0        0        0        0        0        0        0        0        0        0        0        0        0        0        0        0        0 
21  35230.4  5983.77     5310  5635.86  1644.79  1435.67   1499.2  703.809  1169.32  1182.55  637.219      650        0        0        0        0        0        0        0        0        0        0        0        0        0        0        0        0        0 
22  35280.4  6033.77     5360  5685.86  1694.79  1485.67   1549.2  753.809  1219.32  1232.55  687.219      700        0        0        0        0        0        0        0        0        0        0        0        0        0        0        0        0        0 
23  35329.2  6082.55  5408.79  5734.64  1743.57  1534.45  1597.98   802.59   1268.1  1281.33      736        0        0        0        0        0        0        0        0        0        0        0        0        0        0        0        0        0        0 
24  34865.9  5619.22  4945.45  5271.31  1280.24  1071.12  1134.65  339.259  804.768      818        0        0        0        0        0        0        0        0        0        0        0        0        0        0        0        0        0        0        0 
25  34904.9  5658.22  4984.45  5310.31  1319.24  1110.12  1173.65  378.259  843.768      857        0        0        0        0        0        0        0        0        0        0        0        0        0        0        0        0        0        0        0 
26  35540.9  6294.22  5620.45  5946.31  1955.24  1746.12  1809.65  1014.26  1479.77     1493        0        0        0        0        0        0        0        0        0        0        0        0        0        0        0        0        0        0        0 
27  35618.9  6372.22  5698.45  6024.31  2033.24  1824.12  1887.65  1092.26  1557.77     1571        0        0        0        0        0        0        0        0        0        0        0        0        0        0        0        0        0        0        0 
28  35700.9  6454.22  5780.45  6106.31  2115.24  1906.12  1969.65  1174.26  1639.77     1653        0        0        0        0        0        0        0        0        0        0        0        0        0        0        0        0        0        0        0 
29  35789.9  6543.22  5869.45  6195.31  2204.24  1995.12  2058.65  1263.26  1728.77     1742        0        0        0        0        0        0        0        0        0        0        0        0        0        0        0        0        0        0        0 
30  35873.9  6627.22  5953.45  6279.31  2288.24  2079.12  2142.65  1347.26  1812.77     1826        0        0        0        0        0        0        0        0        0        0        0        0        0        0        0        0        0        0        0 
31  35966.9  6720.22  6046.45  6372.31  2381.24  2172.12  2235.65  1440.26  1905.77     1919        0        0        0        0        0        0        0        0        0        0        0        0        0        0        0        0        0        0        0 
32  36070.9  6824.22  6150.45  6476.31  2485.24  2276.12  2339.65  1544.26  2009.77     2023        0        0        0        0        0        0        0        0        0        0        0        0        0        0        0        0        0        0        0 
33  36174.1  6927.45  6253.69  6579.54  2588.47  2379.35  2442.88  1647.49     2113        0        0        0        0        0        0        0        0        0        0        0        0        0        0        0        0        0        0        0        0 
34  36735.6  7488.96   6815.2  7141.05  3149.98  2940.86  3004.39     2209        0        0        0        0        0        0        0        0        0        0        0        0        0        0        0        0        0        0        0        0        0 
35  36826.6  7579.96   6906.2  7232.05  3240.98  3031.86  3095.39     2300        0        0        0        0        0        0        0        0        0        0        0        0        0        0        0        0        0        0        0        0        0 
36  36287.2  7040.57  6366.81  6692.66   2701.6  2492.47     2556        0        0        0        0        0        0        0        0        0        0        0        0        0        0        0        0        0        0        0        0        0        0 
37  36368.2  7121.57  6447.81  6773.66   2782.6  2573.47     2637        0        0        0        0        0        0        0        0        0        0        0        0        0        0        0        0        0        0        0        0        0        0 
38  36457.2  7210.57  6536.81  6862.66   2871.6  2662.47     2726        0        0        0        0        0        0        0        0        0        0        0        0        0        0        0        0        0        0        0        0        0        0 
39  36542.2  7295.57  6621.81  6947.66   2956.6  2747.47     2811        0        0        0        0        0        0        0        0        0        0        0        0        0        0        0        0        0        0        0        0        0        0 
40  36706.2  7459.57  6785.81  7111.66   3120.6  2911.47     2975        0        0        0        0        0        0        0        0        0        0        0        0        0        0        0        0        0        0        0        0        0        0 
41  36862.7   7616.1  6942.34  7268.19  3277.13     3068        0        0        0        0        0        0        0        0        0        0        0        0        0        0        0        0        0        0        0        0        0        0        0 
42  36828.6  7581.98  6908.21  7234.07     3243        0        0        0        0        0        0        0        0        0        0        0        0        0        0        0        0        0        0        0        0        0        0        0        0 
43  36919.4  7672.78  6999.01  7324.87   3333.8        0        0        0        0        0        0        0        0        0        0        0        0        0        0        0        0        0        0        0        0        0        0        0        0 
44  37254.5  8007.91  7334.14     7660        0        0        0        0        0        0        0        0        0        0        0        0        0        0        0        0        0        0        0        0        0        0        0        0        0 
45  37483.5  8236.91  7563.14     7889        0        0        0        0        0        0        0        0        0        0        0        0        0        0        0        0        0        0        0        0        0        0        0        0        0 
46  37738.5  8491.91  7818.14     8144        0        0        0        0        0        0        0        0        0        0        0        0        0        0        0        0        0        0        0        0        0        0        0        0        0 
47  37976.5  8729.91  8056.14     8382        0        0        0        0        0        0        0        0        0        0        0        0        0        0        0        0        0        0        0        0        0        0        0        0        0 
48  38565.5  9318.91  8645.14     8971        0        0        0        0        0        0        0        0        0        0        0        0        0        0        0        0        0        0        0        0        0        0        0        0        0 
49  39163.4  9916.77     9243        0        0        0        0        0        0        0        0        0        0        0        0        0        0        0        0        0        0        0        0        0        0        0        0        0        0 
50  38827.6     9581        0        0        0        0        0        0        0        0        0        0        0        0        0        0        0        0        0        0        0        0        0        0        0        0        0        0        0 
51    39057  9810.37        0        0        0        0        0        0        0        0        0        0        0        0        0        0        0        0        0        0        0        0        0        0        0        0        0        0        0 
52  40271.7        0        0        0        0        0        0        0        0        0        0        0        0        0        0        0        0        0        0        0        0        0        0        0        0        0        0        0        0 
53  41299.7        0        0        0        0        0        0        0        0        0        0        0        0        0        0        0        0        0        0        0        0        0        0        0        0        0        0        0        0 
