Q      1s      2s       2p       2p*      3s      3p        3p*      4s       3d       3d*      4p       4p*      5s       4d       4d*      5p       5p*      6s       4f       4f*      5d       5d*      6p       6p*      7s       5f       5f*      6d       6d*
 0  36189.4  5779.18   5068.2  5421.75  1245.91  1026.16  1095.66  253.882  750.805  765.345  183.344  197.638  35.6214  87.4521  89.8663  17.9423  19.7747  3.48958        0        0        0        0        0        0        0        0        0        0        0 
 1  36192.8  5782.56  5071.58  5425.13   1249.3  1029.54  1099.04  257.265  754.188  768.728  186.726   201.02  39.0042  90.8348   93.249  21.3251  23.1574        0        0        0        0        0        0        0        0        0        0        0        0 
 2  36202.8   5792.6  5081.62  5435.17  1259.33  1039.58  1109.08  267.302  764.226  778.766  196.764  211.058  49.0417  100.872  103.287  31.3627   33.195        0        0        0        0        0        0        0        0        0        0        0        0 
 3  36212.7  5802.41  5091.42  5444.97  1269.14  1049.39  1118.88  277.107  774.031  788.571  206.569  220.863  58.8467  110.677  113.092  41.1677       43        0        0        0        0        0        0        0        0        0        0        0        0 
 4  36225.7  5815.41  5104.42  5457.97  1282.14  1062.39  1131.88  290.107  787.031  801.571  219.569  233.863  71.8467  123.677  126.092  54.1677       56        0        0        0        0        0        0        0        0        0        0        0        0 
 5  36238.8  5828.51  5117.52  5471.07  1295.24  1075.49  1144.98  303.207  800.131  814.671  232.669  246.963  84.9467  136.777  139.192  67.2677     69.1        0        0        0        0        0        0        0        0        0        0        0        0 
 6  36254.4  5844.14  5133.16   5486.7  1310.87  1091.12  1160.62   318.84  815.763  830.303  248.301  262.595  100.579   152.41  154.824     82.9        0        0        0        0        0        0        0        0        0        0        0        0        0 
 7  36209.7  5799.42  5088.43  5441.98  1266.15   1046.4  1115.89  274.116  771.039  785.579  203.577  217.871  55.8551  107.686    110.1        0        0        0        0        0        0        0        0        0        0        0        0        0        0 
 8  36225.2  5814.93  5103.94  5457.49  1281.66  1061.91   1131.4  289.626  786.549  801.089  219.087  233.381  71.3651  123.196   125.61        0        0        0        0        0        0        0        0        0        0        0        0        0        0 
 9  36312.9  5902.62  5191.63  5545.18  1369.35   1149.6  1219.09  377.316  874.239  888.779  306.777  321.071  159.055  210.886    213.3        0        0        0        0        0        0        0        0        0        0        0        0        0        0 
10  36332.6  5922.32  5211.33  5564.88  1389.05   1169.3  1238.79  397.016  893.939  908.479  326.477  340.771  178.755  230.586      233        0        0        0        0        0        0        0        0        0        0        0        0        0        0 
11  36360.6  5950.32  5239.33  5592.88  1417.05   1197.3  1266.79  425.016  921.939  936.479  354.477  368.771  206.755  258.586      261        0        0        0        0        0        0        0        0        0        0        0        0        0        0 
12  36388.6  5978.32  5267.33  5620.88  1445.05   1225.3  1294.79  453.016  949.939  964.479  382.477  396.771  234.755  286.586      289        0        0        0        0        0        0        0        0        0        0        0        0        0        0 
13  36415.6  6005.32  5294.33  5647.88  1472.05   1252.3  1321.79  480.016  976.939  991.479  409.477  423.771  261.755  313.586      316        0        0        0        0        0        0        0        0        0        0        0        0        0        0 
14  36451.6  6041.32  5330.33  5683.88  1508.05   1288.3  1357.79  516.016  1012.94  1027.48  445.477  459.771  297.755  349.586      352        0        0        0        0        0        0        0        0        0        0        0        0        0        0 
15  36481.6  6071.32  5360.33  5713.88  1538.05   1318.3  1387.79  546.016  1042.94  1057.48  475.477  489.771  327.755  379.586      382        0        0        0        0        0        0        0        0        0        0        0        0        0        0 
16    36515  6104.73  5393.75  5747.29  1571.46  1351.71  1421.21   579.43  1076.35  1090.89  508.891  523.186  361.169      413        0        0        0        0        0        0        0        0        0        0        0        0        0        0        0 
17  36598.8  6188.56  5477.58  5831.12  1655.29  1435.54  1505.04  663.261  1160.18  1174.72  592.722  607.016      445        0        0        0        0        0        0        0        0        0        0        0        0        0        0        0        0 
18  36629.8  6219.56  5508.58  5862.12  1686.29  1466.54  1536.04  694.261  1191.18  1205.72  623.722  638.016      476        0        0        0        0        0        0        0        0        0        0        0        0        0        0        0        0 
19  36588.8  6178.54  5467.56  5821.11  1645.28  1425.52  1495.02  653.244  1150.17  1164.71  582.706      597        0        0        0        0        0        0        0        0        0        0        0        0        0        0        0        0        0 
20  36620.8  6210.54  5499.56  5853.11  1677.28  1457.52  1527.02  685.244  1182.17  1196.71  614.706      629        0        0        0        0        0        0        0        0        0        0        0        0        0        0        0        0        0 
21  36657.8  6247.54  5536.56  5890.11  1714.28  1494.52  1564.02  722.244  1219.17  1233.71  651.706      666        0        0        0        0        0        0        0        0        0        0        0        0        0        0        0        0        0 
22  36691.8  6281.54  5570.56  5924.11  1748.28  1528.52  1598.02  756.244  1253.17  1267.71  685.706      700        0        0        0        0        0        0        0        0        0        0        0        0        0        0        0        0        0 
23  36744.8  6334.54  5623.56  5977.11  1801.28  1581.52  1651.02  809.244  1306.17  1320.71  738.706      753        0        0        0        0        0        0        0        0        0        0        0        0        0        0        0        0        0 
24  36797.1  6386.84  5675.86   6029.4  1853.57  1633.82  1703.32  861.538  1358.46     1373      791        0        0        0        0        0        0        0        0        0        0        0        0        0        0        0        0        0        0 
25  36299.1  5888.84  5177.85   5531.4  1355.57  1135.82  1205.31  363.537   860.46      875        0        0        0        0        0        0        0        0        0        0        0        0        0        0        0        0        0        0        0 
26  36340.2  5929.94  5218.95   5572.5  1396.67  1176.92  1246.41  404.637   901.56    916.1        0        0        0        0        0        0        0        0        0        0        0        0        0        0        0        0        0        0        0 
27  37016.1  6605.84  5894.85   6248.4  2072.57  1852.82  1922.31  1080.54  1577.46     1592        0        0        0        0        0        0        0        0        0        0        0        0        0        0        0        0        0        0        0 
28  37096.1  6685.84  5974.85   6328.4  2152.57  1932.82  2002.31  1160.54  1657.46     1672        0        0        0        0        0        0        0        0        0        0        0        0        0        0        0        0        0        0        0 
29  37181.1  6770.84  6059.85   6413.4  2237.57  2017.82  2087.31  1245.54  1742.46     1757        0        0        0        0        0        0        0        0        0        0        0        0        0        0        0        0        0        0        0 
30  37272.1  6861.84  6150.85   6504.4  2328.57  2108.82  2178.31  1336.54  1833.46     1848        0        0        0        0        0        0        0        0        0        0        0        0        0        0        0        0        0        0        0 
31  37360.1  6949.84  6238.85   6592.4  2416.57  2196.82  2266.31  1424.54  1921.46     1936        0        0        0        0        0        0        0        0        0        0        0        0        0        0        0        0        0        0        0 
32  37453.1  7042.84  6331.85   6685.4  2509.57  2289.82  2359.31  1517.54  2014.46     2029        0        0        0        0        0        0        0        0        0        0        0        0        0        0        0        0        0        0        0 
33  37561.1  7150.84  6439.85   6793.4  2617.57  2397.82  2467.31  1625.54  2122.46     2137        0        0        0        0        0        0        0        0        0        0        0        0        0        0        0        0        0        0        0 
34  37668.6  7258.38  6547.39  6900.94  2725.11  2505.36  2574.85  1733.08     2230        0        0        0        0        0        0        0        0        0        0        0        0        0        0        0        0        0        0        0        0 
35  38264.5   7854.3  7143.32  7496.86  3321.03  3101.28  3170.78     2329        0        0        0        0        0        0        0        0        0        0        0        0        0        0        0        0        0        0        0        0        0 
36  38357.5   7947.3  7236.32  7589.86  3414.03  3194.28  3263.78     2422        0        0        0        0        0        0        0        0        0        0        0        0        0        0        0        0        0        0        0        0        0 
37  37776.8  7366.52  6655.54  7009.09  2833.25   2613.5     2683        0        0        0        0        0        0        0        0        0        0        0        0        0        0        0        0        0        0        0        0        0        0 
38  37860.8  7450.52  6739.54  7093.09  2917.25   2697.5     2767        0        0        0        0        0        0        0        0        0        0        0        0        0        0        0        0        0        0        0        0        0        0 
39  37952.8  7542.52  6831.54  7185.09  3009.25   2789.5     2859        0        0        0        0        0        0        0        0        0        0        0        0        0        0        0        0        0        0        0        0        0        0 
40  38038.8  7628.52  6917.54  7271.09  3095.25   2875.5     2945        0        0        0        0        0        0        0        0        0        0        0        0        0        0        0        0        0        0        0        0        0        0 
41  38211.8  7801.52  7090.54  7444.09  3268.25   3048.5     3118        0        0        0        0        0        0        0        0        0        0        0        0        0        0        0        0        0        0        0        0        0        0 
42  38377.3  7967.02  7256.04  7609.58  3433.75     3214        0        0        0        0        0        0        0        0        0        0        0        0        0        0        0        0        0        0        0        0        0        0        0 
43  38335.5  7925.27  7214.29  7567.83     3392        0        0        0        0        0        0        0        0        0        0        0        0        0        0        0        0        0        0        0        0        0        0        0        0 
44  38428.5  8018.27  7307.29  7660.83     3485        0        0        0        0        0        0        0        0        0        0        0        0        0        0        0        0        0        0        0        0        0        0        0        0 
45  38756.7  8346.44  7635.45     7989        0        0        0        0        0        0        0        0        0        0        0        0        0        0        0        0        0        0        0        0        0        0        0        0        0 
46  38991.7  8581.44  7870.45     8224        0        0        0        0        0        0        0        0        0        0        0        0        0        0        0        0        0        0        0        0        0        0        0        0        0 
47  39251.7  8841.44  8130.45     8484        0        0        0        0        0        0        0        0        0        0        0        0        0        0        0        0        0        0        0        0        0        0        0        0        0 
48  39493.7  9083.44  8372.45     8726        0        0        0        0        0        0        0        0        0        0        0        0        0        0        0        0        0        0        0        0        0        0        0        0        0 
49  40117.7  9707.44  8996.45     9350        0        0        0        0        0        0        0        0        0        0        0        0        0        0        0        0        0        0        0        0        0        0        0        0        0 
50  40750.2    10340     9629        0        0        0        0        0        0        0        0        0        0        0        0        0        0        0        0        0        0        0        0        0        0        0        0        0        0 
51  40384.2     9974        0        0        0        0        0        0        0        0        0        0        0        0        0        0        0        0        0        0        0        0        0        0        0        0        0        0        0 
52    40619  10208.8        0        0        0        0        0        0        0        0        0        0        0        0        0        0        0        0        0        0        0        0        0        0        0        0        0        0        0 
53  41861.1        0        0        0        0        0        0        0        0        0        0        0        0        0        0        0        0        0        0        0        0        0        0        0        0        0        0        0        0 
54    42913        0        0        0        0        0        0        0        0        0        0        0        0        0        0        0        0        0        0        0        0        0        0        0        0        0        0        0        0 
