Q      1s      2s       2p       2p*      3s      3p        3p*      4s       3d       3d*      4p       4p*      5s       4d       4d*      5p       5p*      6s       4f       4f*      5d       5d*      6p       6p*      7s       5f       5f*      6d       6d*
 0  37656.1  6056.64   5306.5  5689.56  1323.88  1093.01  1168.91  279.116  808.504  824.446  204.445  220.389   43.635  103.746  106.493  23.7465  26.0256  4.44026        0        0        0        0        0        0        0        0        0        0        0 
 1  37661.7  6062.21  5312.06  5695.13  1329.44  1098.57  1174.47  284.679  814.067  830.009  210.009  225.952  49.1986   109.31  112.057  29.3101  31.5892  10.0038        0        0        0        0        0        0        0        0        0        0        0 
 2  37665.9  6066.46  5316.31  5699.38   1333.7  1102.82  1178.72  288.934  818.322  834.264  214.263  230.207  53.4532  113.564  116.312  33.5647  35.8438        0        0        0        0        0        0        0        0        0        0        0        0 
 3  37677.1  6077.62  5327.47  5710.54  1344.85  1113.98  1189.88   300.09  829.478   845.42  225.419  241.363  64.6094  124.721  127.468  44.7209       47        0        0        0        0        0        0        0        0        0        0        0        0 
 4  37688.1  6088.62  5338.47  5721.54  1355.85  1124.98  1200.88   311.09  840.478   856.42  236.419  252.363  75.6094  135.721  138.468  55.7209       58        0        0        0        0        0        0        0        0        0        0        0        0 
 5  37701.1  6101.62  5351.47  5734.54  1368.85  1137.98  1213.88   324.09  853.478   869.42  249.419  265.363  88.6094  148.721  151.468  68.7209       71        0        0        0        0        0        0        0        0        0        0        0        0 
 6  37716.1  6116.62  5366.47  5749.54  1383.85  1152.98  1228.88   339.09  868.478   884.42  264.419  280.363  103.609  163.721  166.468  83.7209       86        0        0        0        0        0        0        0        0        0        0        0        0 
 7  37733.4   6133.9  5383.75  5766.82  1401.13  1170.26  1246.16  356.369  885.757  901.699  281.698  297.642  120.889      181  183.747      101        0        0        0        0        0        0        0        0        0        0        0        0        0 
 8  37680.1  6080.65   5330.5  5713.57  1347.89  1117.01  1192.91  303.123   832.51  848.452  228.452  244.395  67.6416  127.753    130.5        0        0        0        0        0        0        0        0        0        0        0        0        0        0 
 9  37696.1  6096.67  5346.52  5729.59  1363.91  1133.03  1208.93  319.143   848.53  864.472  244.472  260.415  83.6616  143.773   146.52        0        0        0        0        0        0        0        0        0        0        0        0        0        0 
10  37790.6  6191.15     5441  5824.07  1458.39  1227.51  1303.41  413.623   943.01  958.952  338.952  354.895  178.142  238.253      241        0        0        0        0        0        0        0        0        0        0        0        0        0        0 
11  37816.7  6217.25   5467.1  5850.17  1484.49  1253.61  1329.51  439.723   969.11  985.052  365.052  380.995  204.242  264.353    267.1        0        0        0        0        0        0        0        0        0        0        0        0        0        0 
12  37845.6  6246.15     5496  5879.07  1513.39  1282.51  1358.41  468.623   998.01  1013.95  393.952  409.895  233.142  293.253      296        0        0        0        0        0        0        0        0        0        0        0        0        0        0 
13  37874.6  6275.15     5525  5908.07  1542.39  1311.51  1387.41  497.623  1027.01  1042.95  422.952  438.895  262.142  322.253      325        0        0        0        0        0        0        0        0        0        0        0        0        0        0 
14  37903.6  6304.15     5554  5937.07  1571.39  1340.51  1416.41  526.623  1056.01  1071.95  451.952  467.895  291.142  351.253      354        0        0        0        0        0        0        0        0        0        0        0        0        0        0 
15  37939.6  6340.15     5590  5973.07  1607.39  1376.51  1452.41  562.623  1092.01  1107.95  487.952  503.895  327.142  387.253      390        0        0        0        0        0        0        0        0        0        0        0        0        0        0 
16  37971.6  6372.15     5622  6005.07  1639.39  1408.51  1484.41  594.623  1124.01  1139.95  519.952  535.895  359.142  419.253      422        0        0        0        0        0        0        0        0        0        0        0        0        0        0 
17  38007.4   6407.9  5657.75  6040.82  1675.13  1444.26  1520.16   630.37  1159.76   1175.7  555.699  571.643  394.889      455        0        0        0        0        0        0        0        0        0        0        0        0        0        0        0 
18  38100.5  6501.01  5750.86  6133.93  1768.24  1537.37  1613.27  723.481  1252.87  1268.81   648.81  664.754      488        0        0        0        0        0        0        0        0        0        0        0        0        0        0        0        0 
19  38132.5  6533.01  5782.86  6165.93  1800.24  1569.37  1645.27  755.481  1284.87  1300.81   680.81  696.754      520        0        0        0        0        0        0        0        0        0        0        0        0        0        0        0        0 
20  38081.7  6482.25  5732.11  6115.17  1749.49  1518.62  1594.52  704.727  1234.12  1250.06  630.056      646        0        0        0        0        0        0        0        0        0        0        0        0        0        0        0        0        0 
21  38114.7  6515.25  5765.11  6148.17  1782.49  1551.62  1627.52  737.727  1267.12  1283.06  663.056      679        0        0        0        0        0        0        0        0        0        0        0        0        0        0        0        0        0 
22  38152.7  6553.25  5803.11  6186.17  1820.49  1589.62  1665.52  775.727  1305.12  1321.06  701.056      717        0        0        0        0        0        0        0        0        0        0        0        0        0        0        0        0        0 
23  38187.7  6588.25  5838.11  6221.17  1855.49  1624.62  1700.52  810.727  1340.12  1356.06  736.056      752        0        0        0        0        0        0        0        0        0        0        0        0        0        0        0        0        0 
24  38244.7  6645.25  5895.11  6278.17  1912.49  1681.62  1757.52  867.727  1397.12  1413.06  793.056      809        0        0        0        0        0        0        0        0        0        0        0        0        0        0        0        0        0 
25  38297.7   6698.2  5948.05  6331.12  1965.43  1734.56  1810.46  920.671  1450.06     1466      846        0        0        0        0        0        0        0        0        0        0        0        0        0        0        0        0        0        0 
26  37766.7   6167.2  5417.05  5800.12  1434.43  1203.56  1279.46   389.67  919.058      935        0        0        0        0        0        0        0        0        0        0        0        0        0        0        0        0        0        0        0 
27  37808.3  6208.82  5458.67  5841.74  1476.05  1245.18  1321.08   431.29  960.678   976.62        0        0        0        0        0        0        0        0        0        0        0        0        0        0        0        0        0        0        0 
28  38526.7   6927.2  6177.05  6560.12  2194.43  1963.56  2039.46  1149.67  1679.06     1695        0        0        0        0        0        0        0        0        0        0        0        0        0        0        0        0        0        0        0 
29  38607.7   7008.2  6258.05  6641.12  2275.43  2044.56  2120.46  1230.67  1760.06     1776        0        0        0        0        0        0        0        0        0        0        0        0        0        0        0        0        0        0        0 
30  38695.7   7096.2  6346.05  6729.12  2363.43  2132.56  2208.46  1318.67  1848.06     1864        0        0        0        0        0        0        0        0        0        0        0        0        0        0        0        0        0        0        0 
31  38789.7   7190.2  6440.05  6823.12  2457.43  2226.56  2302.46  1412.67  1942.06     1958        0        0        0        0        0        0        0        0        0        0        0        0        0        0        0        0        0        0        0 
32  38878.7   7279.2  6529.05  6912.12  2546.43  2315.56  2391.46  1501.67  2031.06     2047        0        0        0        0        0        0        0        0        0        0        0        0        0        0        0        0        0        0        0 
33  38973.7   7374.2  6624.05  7007.12  2641.43  2410.56  2486.46  1596.67  2126.06     2142        0        0        0        0        0        0        0        0        0        0        0        0        0        0        0        0        0        0        0 
34  39087.7   7488.2  6738.05  7121.12  2755.43  2524.56  2600.46  1710.67  2240.06     2256        0        0        0        0        0        0        0        0        0        0        0        0        0        0        0        0        0        0        0 
35  39196.6  7597.14  6846.99  7230.06  2864.38   2633.5   2709.4  1819.61     2349        0        0        0        0        0        0        0        0        0        0        0        0        0        0        0        0        0        0        0        0 
36    39829  8229.53  7479.38  7862.45  3496.76  3265.89  3341.79     2452        0        0        0        0        0        0        0        0        0        0        0        0        0        0        0        0        0        0        0        0        0 
37    39924  8324.53  7574.38  7957.45  3591.76  3360.89  3436.79     2547        0        0        0        0        0        0        0        0        0        0        0        0        0        0        0        0        0        0        0        0        0 
38  39301.2  7701.74  6951.59  7334.66  2968.97   2738.1     2814        0        0        0        0        0        0        0        0        0        0        0        0        0        0        0        0        0        0        0        0        0        0 
39  39388.2  7788.74  7038.59  7421.66  3055.97   2825.1     2901        0        0        0        0        0        0        0        0        0        0        0        0        0        0        0        0        0        0        0        0        0        0 
40  39481.2  7881.74  7131.59  7514.66  3148.97   2918.1     2994        0        0        0        0        0        0        0        0        0        0        0        0        0        0        0        0        0        0        0        0        0        0 
41  39568.2  7968.74  7218.59  7601.66  3235.97   3005.1     3081        0        0        0        0        0        0        0        0        0        0        0        0        0        0        0        0        0        0        0        0        0        0 
42  39753.2  8153.74  7403.59  7786.66  3420.97   3190.1     3266        0        0        0        0        0        0        0        0        0        0        0        0        0        0        0        0        0        0        0        0        0        0 
43  39926.1  8326.64  7576.49  7959.56  3593.87     3363        0        0        0        0        0        0        0        0        0        0        0        0        0        0        0        0        0        0        0        0        0        0        0 
44  39878.2  8278.76  7528.62  7911.68     3546        0        0        0        0        0        0        0        0        0        0        0        0        0        0        0        0        0        0        0        0        0        0        0        0 
45  39972.2  8372.76  7622.62  8005.68     3640        0        0        0        0        0        0        0        0        0        0        0        0        0        0        0        0        0        0        0        0        0        0        0        0 
46  40292.6  8693.08  7942.93     8326        0        0        0        0        0        0        0        0        0        0        0        0        0        0        0        0        0        0        0        0        0        0        0        0        0 
47  40531.6  8932.08  8181.93     8565        0        0        0        0        0        0        0        0        0        0        0        0        0        0        0        0        0        0        0        0        0        0        0        0        0 
48  40797.6  9198.08  8447.93     8831        0        0        0        0        0        0        0        0        0        0        0        0        0        0        0        0        0        0        0        0        0        0        0        0        0 
49  41043.6  9444.08  8693.93     9077        0        0        0        0        0        0        0        0        0        0        0        0        0        0        0        0        0        0        0        0        0        0        0        0        0 
50  41705.6  10106.1  9355.93     9739        0        0        0        0        0        0        0        0        0        0        0        0        0        0        0        0        0        0        0        0        0        0        0        0        0 
51  42372.6  10773.1    10023        0        0        0        0        0        0        0        0        0        0        0        0        0        0        0        0        0        0        0        0        0        0        0        0        0        0 
52  41975.5    10376        0        0        0        0        0        0        0        0        0        0        0        0        0        0        0        0        0        0        0        0        0        0        0        0        0        0        0 
53  42215.9  10616.4        0        0        0        0        0        0        0        0        0        0        0        0        0        0        0        0        0        0        0        0        0        0        0        0        0        0        0 
54  43485.4        0        0        0        0        0        0        0        0        0        0        0        0        0        0        0        0        0        0        0        0        0        0        0        0        0        0        0        0 
55  44561.5        0        0        0        0        0        0        0        0        0        0        0        0        0        0        0        0        0        0        0        0        0        0        0        0        0        0        0        0 
