Q      1s      2s       2p       2p*      3s      3p        3p*      4s       3d       3d*      4p       4p*      5s       4d       4d*      5p       5p*      6s       4f       4f*      5d       5d*      6p       6p*      7s       5f       5f*      6d       6d*
 0  42230.2   6903.2  6023.19  6506.96  1536.16  1268.91  1366.97   325.68   956.67  977.513  238.884  260.134  49.0639  125.744  129.524  26.2488  29.2427  4.67371  8.78177  9.08921        0        0        0        0        0        0        0        0        0 
 1  42231.7  6904.74  6024.73   6508.5   1537.7  1270.45  1368.51  327.222  958.212  979.055  240.426  261.675  50.6057  127.286  131.066  27.7906  30.7845   6.2155  10.3236   10.631        0        0        0        0        0        0        0        0        0 
 2    42243  6916.04  6036.03   6519.8     1549  1281.75  1379.81  338.522  969.512  990.355  251.726  272.976  61.9059  138.586  142.366  39.0908  42.0847  17.5156  21.6237        0        0        0        0        0        0        0        0        0        0 
 3  42264.5  6937.51   6057.5  6541.27  1570.47  1303.22  1401.28  359.987  990.977  1011.82  273.192  294.441  83.3712  160.052  163.832  60.5561    63.55   38.981        0        0        0        0        0        0        0        0        0        0        0 
 4    42283  6956.06  6076.04  6559.82  1589.02  1321.77  1419.83  378.536  1009.53  1030.37  291.741   312.99   101.92  178.601  182.381  79.1051   82.099    57.53        0        0        0        0        0        0        0        0        0        0        0 
 5  42282.9  6955.96  6075.95  6559.72  1588.92  1321.67  1419.73  378.437  1009.43  1030.27  291.642  312.891  101.821  178.502  182.282  79.0061       82        0        0        0        0        0        0        0        0        0        0        0        0 
 6  42297.9  6970.96  6090.95  6574.72  1603.92  1336.67  1434.73  393.437  1024.43  1045.27  306.642  327.891  116.821  193.502  197.282  94.0061       97        0        0        0        0        0        0        0        0        0        0        0        0 
 7  42312.9  6985.96  6105.95  6589.72  1618.92  1351.67  1449.73  408.437  1039.43  1060.27  321.642  342.891  131.821  208.502  212.282  109.006      112        0        0        0        0        0        0        0        0        0        0        0        0 
 8  42331.9  7004.96  6124.95  6608.72  1637.92  1370.67  1468.73  427.437  1058.43  1079.27  340.642  361.891  150.821  227.502  231.282  128.006      131        0        0        0        0        0        0        0        0        0        0        0        0 
 9  42348.9  7021.96  6141.95  6625.72  1654.92  1387.67  1485.73  444.437  1075.43  1096.27  357.642  378.891  167.821  244.502  248.282  145.006      148        0        0        0        0        0        0        0        0        0        0        0        0 
10  42365.9  7038.95  6158.94  6642.71  1671.91  1404.66  1502.72  461.431  1092.42  1113.26  374.636  395.885  184.815  261.496  265.276      162        0        0        0        0        0        0        0        0        0        0        0        0        0 
11  42296.6  6969.67  6089.66  6573.44  1602.64  1335.39  1433.45  392.156  1023.15  1043.99   305.36  326.609   115.54   192.22      196        0        0        0        0        0        0        0        0        0        0        0        0        0        0 
12  42317.7  6990.69  6110.68  6594.46  1623.66  1356.41  1454.47  413.176  1044.17  1065.01   326.38  347.629   136.56   213.24   217.02        0        0        0        0        0        0        0        0        0        0        0        0        0        0 
13  42450.6  7123.67  6243.66  6727.44  1756.64  1489.39  1587.45  546.156  1177.15  1197.99   459.36  480.609   269.54   346.22      350        0        0        0        0        0        0        0        0        0        0        0        0        0        0 
14  42478.6  7151.67  6271.66  6755.44  1784.64  1517.39  1615.45  574.156  1205.15  1225.99   487.36  508.609   297.54   374.22      378        0        0        0        0        0        0        0        0        0        0        0        0        0        0 
15  42512.6  7185.67  6305.66  6789.44  1818.64  1551.39  1649.45  608.156  1239.15  1259.99   521.36  542.609   331.54   408.22      412        0        0        0        0        0        0        0        0        0        0        0        0        0        0 
16  42545.6  7218.67  6338.66  6822.44  1851.64  1584.39  1682.45  641.156  1272.15  1292.99   554.36  575.609   364.54   441.22      445        0        0        0        0        0        0        0        0        0        0        0        0        0        0 
17  42578.6  7251.67  6371.66  6855.44  1884.64  1617.39  1715.45  674.156  1305.15  1325.99   587.36  608.609   397.54   474.22      478        0        0        0        0        0        0        0        0        0        0        0        0        0        0 
18  42616.6  7289.67  6409.66  6893.44  1922.64  1655.39  1753.45  712.156  1343.15  1363.99   625.36  646.609   435.54   512.22      516        0        0        0        0        0        0        0        0        0        0        0        0        0        0 
19  42654.6  7327.67  6447.66  6931.44  1960.64  1693.39  1791.45  750.156  1381.15  1401.99   663.36  684.609   473.54   550.22      554        0        0        0        0        0        0        0        0        0        0        0        0        0        0 
20  42694.4  7367.46  6487.44  6971.22  2000.42  1733.17  1831.23  789.936  1420.93  1441.77   703.14  724.389   513.32      590        0        0        0        0        0        0        0        0        0        0        0        0        0        0        0 
21  42808.1  7481.14  6601.12   7084.9   2114.1  1846.85  1944.91  903.616  1534.61  1555.45   816.82   838.07      627        0        0        0        0        0        0        0        0        0        0        0        0        0        0        0        0 
22  42844.1  7517.14  6637.12   7120.9   2150.1  1882.85  1980.91  939.616  1570.61  1591.45   852.82   874.07      663        0        0        0        0        0        0        0        0        0        0        0        0        0        0        0        0 
23    42773  7446.07  6566.05  7049.83  2079.03  1811.78  1909.84  868.546  1499.54  1520.38  781.751      803        0        0        0        0        0        0        0        0        0        0        0        0        0        0        0        0        0 
24    42810  7483.07  6603.05  7086.83  2116.03  1848.78  1946.84  905.546  1536.54  1557.38  818.751      840        0        0        0        0        0        0        0        0        0        0        0        0        0        0        0        0        0 
25    42850  7523.07  6643.05  7126.83  2156.03  1888.78  1986.84  945.546  1576.54  1597.38  858.751      880        0        0        0        0        0        0        0        0        0        0        0        0        0        0        0        0        0 
26    42890  7563.07  6683.05  7166.83  2196.03  1928.78  2026.84  985.546  1616.54  1637.38  898.751      920        0        0        0        0        0        0        0        0        0        0        0        0        0        0        0        0        0 
27    42955  7628.07  6748.05  7231.83  2261.03  1993.78  2091.84  1050.55  1681.54  1702.38  963.751      985        0        0        0        0        0        0        0        0        0        0        0        0        0        0        0        0        0 
28  43019.3  7692.32   6812.3  7296.08  2325.28  2058.03  2156.09   1114.8  1745.79  1766.63     1028        0        0        0        0        0        0        0        0        0        0        0        0        0        0        0        0        0        0 
29  42376.7  7049.69  6169.68  6653.45  1682.65   1415.4  1513.46  472.167  1103.16     1124        0        0        0        0        0        0        0        0        0        0        0        0        0        0        0        0        0        0        0 
30  42422.6  7095.59  6215.58  6699.35  1728.55   1461.3  1559.36  518.067  1149.06   1169.9        0        0        0        0        0        0        0        0        0        0        0        0        0        0        0        0        0        0        0 
31  43271.7  7944.69  7064.68  7548.45  2577.65   2310.4  2408.46  1367.17  1998.16     2019        0        0        0        0        0        0        0        0        0        0        0        0        0        0        0        0        0        0        0 
32  43360.7  8033.69  7153.68  7637.45  2666.65   2399.4  2497.46  1456.17  2087.16     2108        0        0        0        0        0        0        0        0        0        0        0        0        0        0        0        0        0        0        0 
33  43454.7  8127.69  7247.68  7731.45  2760.65   2493.4  2591.46  1550.17  2181.16     2202        0        0        0        0        0        0        0        0        0        0        0        0        0        0        0        0        0        0        0 
34  43556.7  8229.69  7349.68  7833.45  2862.65   2595.4  2693.46  1652.17  2283.16     2304        0        0        0        0        0        0        0        0        0        0        0        0        0        0        0        0        0        0        0 
35  43652.7  8325.69  7445.68  7929.45  2958.65   2691.4  2789.46  1748.17  2379.16     2400        0        0        0        0        0        0        0        0        0        0        0        0        0        0        0        0        0        0        0 
36  43753.7  8426.69  7546.68  8030.45  3059.65   2792.4  2890.46  1849.17  2480.16     2501        0        0        0        0        0        0        0        0        0        0        0        0        0        0        0        0        0        0        0 
37  43880.7  8553.69  7673.68  8157.45  3186.65   2919.4  3017.46  1976.17  2607.16     2628        0        0        0        0        0        0        0        0        0        0        0        0        0        0        0        0        0        0        0 
38  44002.5  8675.53  7795.52  8279.29  3308.49  3041.24   3139.3  2098.01     2729        0        0        0        0        0        0        0        0        0        0        0        0        0        0        0        0        0        0        0        0 
39  44742.5  9415.52  8535.51  9019.28  4048.48  3781.23  3879.29     2838        0        0        0        0        0        0        0        0        0        0        0        0        0        0        0        0        0        0        0        0        0 
40  44845.5  9518.52  8638.51  9122.28  4151.48  3884.23  3982.29     2941        0        0        0        0        0        0        0        0        0        0        0        0        0        0        0        0        0        0        0        0        0 
41  44090.2  8763.23  7883.22  8366.99  3396.19  3128.94     3227        0        0        0        0        0        0        0        0        0        0        0        0        0        0        0        0        0        0        0        0        0        0 
42  44182.2  8855.23  7975.22  8458.99  3488.19  3220.94     3319        0        0        0        0        0        0        0        0        0        0        0        0        0        0        0        0        0        0        0        0        0        0 
43  44282.2  8955.23  8075.22  8558.99  3588.19  3320.94     3419        0        0        0        0        0        0        0        0        0        0        0        0        0        0        0        0        0        0        0        0        0        0 
44  44375.2  9048.23  8168.22  8651.99  3681.19  3413.94     3512        0        0        0        0        0        0        0        0        0        0        0        0        0        0        0        0        0        0        0        0        0        0 
45  44592.2  9265.23  8385.22  8868.99  3898.19  3630.94     3729        0        0        0        0        0        0        0        0        0        0        0        0        0        0        0        0        0        0        0        0        0        0 
46  44793.3  9466.29  8586.28  9070.05  4099.25     3832        0        0        0        0        0        0        0        0        0        0        0        0        0        0        0        0        0        0        0        0        0        0        0 
47    44724  9397.04  8517.03   9000.8     4030        0        0        0        0        0        0        0        0        0        0        0        0        0        0        0        0        0        0        0        0        0        0        0        0 
48    44824  9497.04  8617.03   9100.8     4130        0        0        0        0        0        0        0        0        0        0        0        0        0        0        0        0        0        0        0        0        0        0        0        0 
49  45101.2  9774.24  8894.23     9378        0        0        0        0        0        0        0        0        0        0        0        0        0        0        0        0        0        0        0        0        0        0        0        0        0 
50  45355.2  10028.2  9148.23     9632        0        0        0        0        0        0        0        0        0        0        0        0        0        0        0        0        0        0        0        0        0        0        0        0        0 
51  45636.2  10309.2  9429.23     9913        0        0        0        0        0        0        0        0        0        0        0        0        0        0        0        0        0        0        0        0        0        0        0        0        0 
52  45898.2  10571.2  9691.23    10175        0        0        0        0        0        0        0        0        0        0        0        0        0        0        0        0        0        0        0        0        0        0        0        0        0 
53  46682.2  11355.2  10475.2    10959        0        0        0        0        0        0        0        0        0        0        0        0        0        0        0        0        0        0        0        0        0        0        0        0        0 
54    47469    12142    11262        0        0        0        0        0        0        0        0        0        0        0        0        0        0        0        0        0        0        0        0        0        0        0        0        0        0 
55    46968    11641        0        0        0        0        0        0        0        0        0        0        0        0        0        0        0        0        0        0        0        0        0        0        0        0        0        0        0 
56  47222.9  11895.9        0        0        0        0        0        0        0        0        0        0        0        0        0        0        0        0        0        0        0        0        0        0        0        0        0        0        0 
57  48571.7        0        0        0        0        0        0        0        0        0        0        0        0        0        0        0        0        0        0        0        0        0        0        0        0        0        0        0        0 
58  49722.2        0        0        0        0        0        0        0        0        0        0        0        0        0        0        0        0        0        0        0        0        0        0        0        0        0        0        0        0 
