Q      1s      2s       2p       2p*      3s      3p        3p*      4s       3d       3d*      4p       4p*      5s       4d       4d*      5p       5p*      6s       4f       4f*      5d       5d*      6p       6p*      7s       5f       5f*      6d       6d*
 0  52304.8   8790.2  7583.95  8332.52  2001.25  1644.67  1802.25   420.61  1272.63   1306.6  305.543   340.89  58.3617  166.747  173.262  29.6952  34.3424  5.04728  12.2842  13.1363        0        0        0        0        0        0        0        0        0 
 1  52303.2  8788.58  7582.33   8330.9  1999.63  1643.05  1800.62  418.987  1271.01  1304.98   303.92  339.267  56.7384  165.123  171.639   28.072  32.7191  3.42399  10.6609   11.513        0        0        0        0        0        0        0        0        0 
 2  52313.5  8798.88  7592.63  8341.21  2009.94  1653.35  1810.93  429.294  1281.31  1315.28  314.227  349.574  67.0454   175.43  181.946   38.379  43.0261   13.731  20.9679    21.82        0        0        0        0        0        0        0        0        0 
 3    52331  8816.39  7610.14  8358.72  2027.45  1670.86  1828.44  446.804  1298.82  1332.79  331.737  367.084  84.5554   192.94  199.456   55.889  60.5361   31.241  38.4779    39.33        0        0        0        0        0        0        0        0        0 
 4  52358.2  8843.56  7637.31  8385.89  2054.62  1698.03  1855.61  473.974  1325.99  1359.96  358.907  394.254  111.725   220.11  226.626   83.059  87.7061   58.411  65.6479     66.5        0        0        0        0        0        0        0        0        0 
 5  52381.7  8867.06  7660.81  8409.39  2078.12  1721.53  1879.11  497.474  1349.49  1383.46  382.407  417.754  135.225   243.61  250.126  106.559  111.206   81.911  89.1479       90        0        0        0        0        0        0        0        0        0 
 6  52399.7  8885.06  7678.81  8427.39  2096.12  1739.53  1897.11  515.474  1367.49  1401.46  400.407  435.754  153.225   261.61  268.126  124.559  129.206   99.911  107.148      108        0        0        0        0        0        0        0        0        0 
 7  52416.7  8902.06  7695.81  8444.39  2113.12  1756.53  1914.11  532.474  1384.49  1418.46  417.407  452.754  170.225   278.61  285.126  141.559  146.206  116.911  124.148      125        0        0        0        0        0        0        0        0        0 
 8  52435.5  8920.92  7714.67  8463.24  2131.97  1775.39  1932.96  551.326  1403.35  1437.31  436.259  471.606  189.078  297.462  303.978  160.411  165.058  135.763      143        0        0        0        0        0        0        0        0        0        0 
 9  52467.8  8953.15   7746.9  8495.48  2164.21  1807.62   1965.2  583.563  1435.58  1469.55  468.496  503.843  221.314  329.699  336.215  192.648  197.295      168        0        0        0        0        0        0        0        0        0        0        0 
10  52485.8  8971.15   7764.9  8513.48  2182.21  1825.62   1983.2  601.563  1453.58  1487.55  486.496  521.843  239.314  347.699  354.215  210.648  215.295      186        0        0        0        0        0        0        0        0        0        0        0 
11  52486.5  8971.86  7765.61  8514.18  2182.91  1826.33  1983.91  602.268  1454.29  1488.26  487.201  522.548  240.019  348.404   354.92  211.353      216        0        0        0        0        0        0        0        0        0        0        0        0 
12  52520.5  9005.86  7799.61  8548.18  2216.91  1860.33  2017.91  636.268  1488.29  1522.26  521.201  556.548  274.019  382.404   388.92  245.353      250        0        0        0        0        0        0        0        0        0        0        0        0 
13  52543.5  9028.86  7822.61  8571.18  2239.91  1883.33  2040.91  659.268  1511.29  1545.26  544.201  579.548  297.019  405.404   411.92  268.353      273        0        0        0        0        0        0        0        0        0        0        0        0 
14  52564.5  9049.86  7843.61  8592.18  2260.91  1904.33  2061.91  680.268  1532.29  1566.26  565.201  600.548  318.019  426.404   432.92  289.353      294        0        0        0        0        0        0        0        0        0        0        0        0 
15  52595.5  9080.86  7874.61  8623.18  2291.91  1935.33  2092.91  711.268  1563.29  1597.26  596.201  631.548  349.019  457.404   463.92  320.353      325        0        0        0        0        0        0        0        0        0        0        0        0 
16  52633.1   9118.5  7912.25  8660.83  2329.56  1972.97  2130.55  748.915  1600.94   1634.9  633.848  669.195  386.666  495.051  501.567      358        0        0        0        0        0        0        0        0        0        0        0        0        0 
17  52524.5  9009.94  7803.69  8552.26  2220.99  1864.41  2021.99  640.348  1492.37  1526.34  525.281  560.628  278.099  386.484      393        0        0        0        0        0        0        0        0        0        0        0        0        0        0 
18  52558.1  9043.54  7837.29  8585.86  2254.59  1898.01  2055.59  673.948  1525.97  1559.94  558.881  594.228  311.699  420.084    426.6        0        0        0        0        0        0        0        0        0        0        0        0        0        0 
19  52744.5  9229.94  8023.69  8772.26  2440.99  2084.41  2241.99  860.348  1712.37  1746.34  745.281  780.628  498.099  606.484      613        0        0        0        0        0        0        0        0        0        0        0        0        0        0 
20  52782.5  9267.94  8061.69  8810.26  2478.99  2122.41  2279.99  898.348  1750.37  1784.34  783.281  818.628  536.099  644.484      651        0        0        0        0        0        0        0        0        0        0        0        0        0        0 
21  52821.5  9306.94  8100.69  8849.26  2517.99  2161.41  2318.99  937.348  1789.37  1823.34  822.281  857.628  575.099  683.484      690        0        0        0        0        0        0        0        0        0        0        0        0        0        0 
22  52863.5  9348.94  8142.69  8891.26  2559.99  2203.41  2360.99  979.348  1831.37  1865.34  864.281  899.628  617.099  725.484      732        0        0        0        0        0        0        0        0        0        0        0        0        0        0 
23  52903.5  9388.94  8182.69  8931.26  2599.99  2243.41  2400.99  1019.35  1871.37  1905.34  904.281  939.628  657.099  765.484      772        0        0        0        0        0        0        0        0        0        0        0        0        0        0 
24  52947.5  9432.94  8226.69  8975.26  2643.99  2287.41  2444.99  1063.35  1915.37  1949.34  948.281  983.628  701.099  809.484      816        0        0        0        0        0        0        0        0        0        0        0        0        0        0 
25  52997.5  9482.94  8276.69  9025.26  2693.99  2337.41  2494.99  1113.35  1965.37  1999.34  998.281  1033.63  751.099  859.484      866        0        0        0        0        0        0        0        0        0        0        0        0        0        0 
26  53047.1  9532.45   8326.2  9074.78  2743.51  2386.92   2544.5  1162.86  2014.88  2048.85   1047.8  1083.14  800.615      909        0        0        0        0        0        0        0        0        0        0        0        0        0        0        0 
27  53200.4  9685.84  8479.59  9228.16  2896.89  2540.31  2697.89  1316.25  2168.27  2202.24  1201.18  1236.53      954        0        0        0        0        0        0        0        0        0        0        0        0        0        0        0        0 
28  53243.4  9728.84  8522.59  9271.16  2939.89  2583.31  2740.89  1359.25  2211.27  2245.24  1244.18  1279.53      997        0        0        0        0        0        0        0        0        0        0        0        0        0        0        0        0 
29  53128.9  9614.31  8408.06  9156.63  2825.36  2468.78  2626.36  1244.72  2096.74  2130.71  1129.65     1165        0        0        0        0        0        0        0        0        0        0        0        0        0        0        0        0        0 
30  53171.9  9657.31  8451.06  9199.63  2868.36  2511.78  2669.36  1287.72  2139.74  2173.71  1172.65     1208        0        0        0        0        0        0        0        0        0        0        0        0        0        0        0        0        0 
31  53219.9  9705.31  8499.06  9247.63  2916.36  2559.78  2717.36  1335.72  2187.74  2221.71  1220.65     1256        0        0        0        0        0        0        0        0        0        0        0        0        0        0        0        0        0 
32  53264.9  9750.31  8544.06  9292.63  2961.36  2604.78  2762.36  1380.72  2232.74  2266.71  1265.65     1301        0        0        0        0        0        0        0        0        0        0        0        0        0        0        0        0        0 
33  53356.9  9842.31  8636.06  9384.63  3053.36  2696.78  2854.36  1472.72  2324.74  2358.71  1357.65     1393        0        0        0        0        0        0        0        0        0        0        0        0        0        0        0        0        0 
34  53442.3  9927.66  8721.41  9469.98  3138.71  2782.13   2939.7  1558.07  2410.09  2444.06     1443        0        0        0        0        0        0        0        0        0        0        0        0        0        0        0        0        0        0 
35  52557.2   9042.6  7836.35  8584.92  2253.65  1897.07  2054.65  673.011  1525.03     1559        0        0        0        0        0        0        0        0        0        0        0        0        0        0        0        0        0        0        0 
36  52608.6     9094  7887.75  8636.32  2305.05  1948.47  2106.05  724.411  1576.43   1610.4        0        0        0        0        0        0        0        0        0        0        0        0        0        0        0        0        0        0        0 
37  53748.2  10233.6  9027.35  9775.92  3444.65  3088.07  3245.65  1864.01  2716.03     2750        0        0        0        0        0        0        0        0        0        0        0        0        0        0        0        0        0        0        0 
38  53850.2  10335.6  9129.35  9877.92  3546.65  3190.07  3347.65  1966.01  2818.03     2852        0        0        0        0        0        0        0        0        0        0        0        0        0        0        0        0        0        0        0 
39  53959.2  10444.6  9238.35  9986.92  3655.65  3299.07  3456.65  2075.01  2927.03     2961        0        0        0        0        0        0        0        0        0        0        0        0        0        0        0        0        0        0        0 
40  54076.2  10561.6  9355.35  10103.9  3772.65  3416.07  3573.65  2192.01  3044.03     3078        0        0        0        0        0        0        0        0        0        0        0        0        0        0        0        0        0        0        0 
41  54187.2  10672.6  9466.35  10214.9  3883.65  3527.07  3684.65  2303.01  3155.03     3189        0        0        0        0        0        0        0        0        0        0        0        0        0        0        0        0        0        0        0 
42  54298.2  10783.6  9577.35  10325.9  3994.65  3638.07  3795.65  2414.01  3266.03     3300        0        0        0        0        0        0        0        0        0        0        0        0        0        0        0        0        0        0        0 
43  54456.2  10941.6  9735.35  10483.9  4152.65  3796.07  3953.65  2572.01  3424.03     3458        0        0        0        0        0        0        0        0        0        0        0        0        0        0        0        0        0        0        0 
44  54605.2  11090.6  9884.32  10632.9  4301.62  3945.04  4102.62  2720.98     3573        0        0        0        0        0        0        0        0        0        0        0        0        0        0        0        0        0        0        0        0 
45  55582.2  12067.6  10861.3  11609.9  5278.64  4922.06  5079.64     3698        0        0        0        0        0        0        0        0        0        0        0        0        0        0        0        0        0        0        0        0        0 
46  55698.2  12183.6  10977.3  11725.9  5394.64  5038.06  5195.64     3814        0        0        0        0        0        0        0        0        0        0        0        0        0        0        0        0        0        0        0        0        0 
47  54641.6    11127   9920.7  10669.3  4338.01  3981.42     4139        0        0        0        0        0        0        0        0        0        0        0        0        0        0        0        0        0        0        0        0        0        0 
48  54744.6    11230  10023.7  10772.3  4441.01  4084.42     4242        0        0        0        0        0        0        0        0        0        0        0        0        0        0        0        0        0        0        0        0        0        0 
49  54857.6    11343  10136.7  10885.3  4554.01  4197.42     4355        0        0        0        0        0        0        0        0        0        0        0        0        0        0        0        0        0        0        0        0        0        0 
50  54962.6    11448  10241.7  10990.3  4659.01  4302.42     4460        0        0        0        0        0        0        0        0        0        0        0        0        0        0        0        0        0        0        0        0        0        0 
51  55262.6    11748  10541.7  11290.3  4959.01  4602.42     4760        0        0        0        0        0        0        0        0        0        0        0        0        0        0        0        0        0        0        0        0        0        0 
52  55537.1  12022.5  10816.3  11564.9  5233.58     4877        0        0        0        0        0        0        0        0        0        0        0        0        0        0        0        0        0        0        0        0        0        0        0 
53  55406.5  11891.9  10685.7  11434.3     5103        0        0        0        0        0        0        0        0        0        0        0        0        0        0        0        0        0        0        0        0        0        0        0        0 
54  55520.5  12005.9  10799.7  11548.3     5217        0        0        0        0        0        0        0        0        0        0        0        0        0        0        0        0        0        0        0        0        0        0        0        0 
55  55645.3  12130.7  10924.4    11673        0        0        0        0        0        0        0        0        0        0        0        0        0        0        0        0        0        0        0        0        0        0        0        0        0 
56  55929.3  12414.7  11208.4    11957        0        0        0        0        0        0        0        0        0        0        0        0        0        0        0        0        0        0        0        0        0        0        0        0        0 
57  56244.3  12729.7  11523.4    12272        0        0        0        0        0        0        0        0        0        0        0        0        0        0        0        0        0        0        0        0        0        0        0        0        0 
58  56535.3  13020.7  11814.4    12563        0        0        0        0        0        0        0        0        0        0        0        0        0        0        0        0        0        0        0        0        0        0        0        0        0 
59  57630.3  14115.7  12909.4    13658        0        0        0        0        0        0        0        0        0        0        0        0        0        0        0        0        0        0        0        0        0        0        0        0        0 
60  58723.9  15209.3    14003        0        0        0        0        0        0        0        0        0        0        0        0        0        0        0        0        0        0        0        0        0        0        0        0        0        0 
61  57948.6    14434        0        0        0        0        0        0        0        0        0        0        0        0        0        0        0        0        0        0        0        0        0        0        0        0        0        0        0 
62  58235.6    14721        0        0        0        0        0        0        0        0        0        0        0        0        0        0        0        0        0        0        0        0        0        0        0        0        0        0        0 
63  59739.3        0        0        0        0        0        0        0        0        0        0        0        0        0        0        0        0        0        0        0        0        0        0        0        0        0        0        0        0 
64  61049.7        0        0        0        0        0        0        0        0        0        0        0        0        0        0        0        0        0        0        0        0        0        0        0        0        0        0        0        0 
