Q      1s      2s       2p       2p*      3s      3p        3p*      4s       3d       3d*      4p       4p*      5s       4d       4d*      5p       5p*      6s       4f       4f*      5d       5d*      6p       6p*      7s       5f       5f*      6d       6d*
 0  59749.3  10206.8  8722.97  9705.49  2348.96  1917.71  2128.87  489.838   1501.9  1547.57  351.948  400.012  64.7279  194.784  203.759  31.6998  37.7387  5.28727  13.0202  14.4432        0        0        0        0        0        0        0        0        0 
 1  59746.9  10204.5  8720.59  9703.11  2346.58  1915.33  2126.49   487.46  1499.52  1545.19   349.57  397.634  62.3497  192.406  201.381  29.3216  35.3605  2.90903  10.6419   12.065        0        0        0        0        0        0        0        0        0 
 2  59758.5    10216  8732.19  9714.71  2358.17  1926.93  2138.09  499.055  1511.12  1556.79  361.165  409.229  73.9447  204.001  212.976  40.9166  46.9555   14.504  22.2369    23.66        0        0        0        0        0        0        0        0        0 
 3  59777.3  10234.8  8750.94  9733.46  2376.92  1945.68  2156.84  517.805  1529.87  1575.54  379.915  427.979  92.6947  222.751  231.726  59.6666  65.7055   33.254  40.9869    42.41        0        0        0        0        0        0        0        0        0 
 4  59800.3  10257.8  8773.93  9756.45  2399.91  1968.67  2179.83  540.795  1552.86  1598.53  402.905  450.969  115.685  245.741  254.716  82.6566  88.6955   56.244  63.9769     65.4        0        0        0        0        0        0        0        0        0 
 5  59832.9  10290.4  8806.53  9789.05  2432.51  2001.27  2212.43  573.395  1585.46  1631.13  435.505  483.569  148.285  278.341  287.316  115.257  121.295   88.844  96.5769       98        0        0        0        0        0        0        0        0        0 
 6  59850.9  10308.4  8824.53  9807.05  2450.51  2019.27  2230.43  591.395  1603.46  1649.13  453.505  501.569  166.285  296.341  305.316  133.257  139.295  106.844  114.577      116        0        0        0        0        0        0        0        0        0 
 7  59867.9  10325.4  8841.53  9824.05  2467.51  2036.27  2247.43  608.395  1620.46  1666.13  470.505  518.569  183.285  313.341  322.316  150.257  156.295  123.844  131.577      133        0        0        0        0        0        0        0        0        0 
 8  59894.9  10352.4  8868.53  9851.05  2494.51  2063.27  2274.43  635.395  1647.46  1693.13  497.505  545.569  210.285  340.341  349.316  177.257  183.295  150.844  158.577      160        0        0        0        0        0        0        0        0        0 
 9  59914.9  10372.4  8888.53  9871.05  2514.51  2083.27  2294.43  655.395  1667.46  1713.13  517.505  565.569  230.285  360.341  369.316  197.257  203.295  170.844  178.577      180        0        0        0        0        0        0        0        0        0 
10  59939.9  10397.4  8913.53  9896.05  2539.51  2108.27  2319.43  680.395  1692.46  1738.13  542.505  590.569  255.285  385.341  394.316  222.257  228.295  195.844  203.577      205        0        0        0        0        0        0        0        0        0 
11  59973.9  10431.4  8947.53  9930.05  2573.51  2142.27  2353.43  714.395  1726.46  1772.13  576.505  624.569  289.285  419.341  428.316  256.257  262.295  229.844  237.577      239        0        0        0        0        0        0        0        0        0 
12  60010.3  10467.8  8983.95  9966.47  2609.94  2178.69  2389.85  750.818  1762.88  1808.55  612.928  660.992  325.708  455.764  464.739   292.68  298.719  266.267      274        0        0        0        0        0        0        0        0        0        0 
13    60039  10496.5  9012.68   9995.2  2638.67  2207.43  2418.59  779.551  1791.62  1837.28  641.661  689.725  354.441  484.497  493.472  321.413  327.451      295        0        0        0        0        0        0        0        0        0        0        0 
14    60061  10518.5  9034.68  10017.2  2660.67  2229.43  2440.59  801.551  1813.62  1859.28  663.661  711.725  376.441  506.497  515.472  343.413  349.451      317        0        0        0        0        0        0        0        0        0        0        0 
15  60063.6  10521.1  9037.23  10019.8  2663.22  2231.97  2443.13    804.1  1816.16  1861.83  666.209  714.274  378.989  509.045  518.021  345.961      352        0        0        0        0        0        0        0        0        0        0        0        0 
16  60098.6  10556.1  9072.23  10054.8  2698.22  2266.97  2478.13    839.1  1851.16  1896.83  701.209  749.274  413.989  544.045  553.021  380.961      387        0        0        0        0        0        0        0        0        0        0        0        0 
17  60135.6  10593.1  9109.23  10091.8  2735.22  2303.97  2515.13    876.1  1888.16  1933.83  738.209  786.274  450.989  581.045  590.021  417.961      424        0        0        0        0        0        0        0        0        0        0        0        0 
18  60171.6  10629.1  9145.23  10127.8  2771.22  2339.97  2551.13    912.1  1924.16  1969.83  774.209  822.274  486.989  617.045  626.021  453.961      460        0        0        0        0        0        0        0        0        0        0        0        0 
19  60207.6  10665.1  9181.23  10163.8  2807.22  2375.97  2587.13    948.1  1960.16  2005.83  810.209  858.274  522.989  653.045  662.021  489.961      496        0        0        0        0        0        0        0        0        0        0        0        0 
20  60247.6  10705.1  9221.27  10203.8  2847.26  2416.01  2627.17  988.139   2000.2  2045.87  850.248  898.312  563.028  693.084  702.059      530        0        0        0        0        0        0        0        0        0        0        0        0        0 
21  60115.6  10573.1  9089.21  10071.7   2715.2  2283.95  2495.11  856.079  1868.14  1913.81  718.189  766.253  430.969  561.024      570        0        0        0        0        0        0        0        0        0        0        0        0        0        0 
22  60148.6  10606.1  9122.21  10104.7   2748.2  2316.95  2528.11  889.079  1901.14  1946.81  751.189  799.253  463.969  594.024      603        0        0        0        0        0        0        0        0        0        0        0        0        0        0 
23  60370.6  10828.1  9344.21  10326.7   2970.2  2538.95  2750.11  1111.08  2123.14  2168.81  973.189  1021.25  685.969  816.024      825        0        0        0        0        0        0        0        0        0        0        0        0        0        0 
24  60411.6  10869.1  9385.21  10367.7   3011.2  2579.95  2791.11  1152.08  2164.14  2209.81  1014.19  1062.25  726.969  857.024      866        0        0        0        0        0        0        0        0        0        0        0        0        0        0 
25  60456.6  10914.1  9430.21  10412.7   3056.2  2624.95  2836.11  1197.08  2209.14  2254.81  1059.19  1107.25  771.969  902.024      911        0        0        0        0        0        0        0        0        0        0        0        0        0        0 
26  60503.6  10961.1  9477.21  10459.7   3103.2  2671.95  2883.11  1244.08  2256.14  2301.81  1106.19  1154.25  818.969  949.024      958        0        0        0        0        0        0        0        0        0        0        0        0        0        0 
27  60549.6  11007.1  9523.21  10505.7   3149.2  2717.95  2929.11  1290.08  2302.14  2347.81  1152.19  1200.25  864.969  995.024     1004        0        0        0        0        0        0        0        0        0        0        0        0        0        0 
28  60595.6  11053.1  9569.21  10551.7   3195.2  2763.95  2975.11  1336.08  2348.14  2393.81  1198.19  1246.25  910.969  1041.02     1050        0        0        0        0        0        0        0        0        0        0        0        0        0        0 
29  60655.6  11113.1  9629.21  10611.7   3255.2  2823.95  3035.11  1396.08  2408.14  2453.81  1258.19  1306.25  970.969  1101.02     1110        0        0        0        0        0        0        0        0        0        0        0        0        0        0 
30  60711.5    11169  9685.19  10667.7  3311.17  2879.93  3091.09  1452.05  2464.12  2509.79  1314.16  1362.23  1026.94     1157        0        0        0        0        0        0        0        0        0        0        0        0        0        0        0 
31  60891.6  11349.1  9865.24  10847.8  3491.23  3059.98  3271.14  1632.11  2644.17  2689.84  1494.22  1542.28     1207        0        0        0        0        0        0        0        0        0        0        0        0        0        0        0        0 
32  60939.6  11397.1  9913.24  10895.8  3539.23  3107.98  3319.14  1680.11  2692.17  2737.84  1542.22  1590.28     1255        0        0        0        0        0        0        0        0        0        0        0        0        0        0        0        0 
33  60791.3  11248.8  9764.96  10747.5  3390.95   2959.7  3170.86  1531.83  2543.89  2589.56  1393.94     1442        0        0        0        0        0        0        0        0        0        0        0        0        0        0        0        0        0 
34  60839.3  11296.8  9812.96  10795.5  3438.95   3007.7  3218.86  1579.83  2591.89  2637.56  1441.94     1490        0        0        0        0        0        0        0        0        0        0        0        0        0        0        0        0        0 
35  60891.3  11348.8  9864.96  10847.5  3490.95   3059.7  3270.86  1631.83  2643.89  2689.56  1493.94     1542        0        0        0        0        0        0        0        0        0        0        0        0        0        0        0        0        0 
36  60940.3  11397.8  9913.96  10896.5  3539.95   3108.7  3319.86  1680.83  2692.89  2738.56  1542.94     1591        0        0        0        0        0        0        0        0        0        0        0        0        0        0        0        0        0 
37  61055.3  11512.8    10029  11011.5  3654.95   3223.7  3434.86  1795.83  2807.89  2853.56  1657.94     1706        0        0        0        0        0        0        0        0        0        0        0        0        0        0        0        0        0 
38  61158.4  11615.9    10132  11114.5  3758.01  3326.76  3537.92  1898.89  2910.95  2956.62     1761        0        0        0        0        0        0        0        0        0        0        0        0        0        0        0        0        0        0 
39  60090.8  10548.3   9064.4  10046.9  2690.39  2259.14   2470.3  831.269  1843.33     1889        0        0        0        0        0        0        0        0        0        0        0        0        0        0        0        0        0        0        0 
40    60147  10604.5   9120.6  10103.1  2746.59  2315.34   2526.5  887.469  1899.53   1945.2        0        0        0        0        0        0        0        0        0        0        0        0        0        0        0        0        0        0        0 
41  61499.8  11957.3  10473.4  11455.9  4099.39  3668.14   3879.3  2240.27  3252.33     3298        0        0        0        0        0        0        0        0        0        0        0        0        0        0        0        0        0        0        0 
42  61610.8  12068.3  10584.4  11566.9  4210.39  3779.14   3990.3  2351.27  3363.33     3409        0        0        0        0        0        0        0        0        0        0        0        0        0        0        0        0        0        0        0 
43  61729.8  12187.3  10703.4  11685.9  4329.39  3898.14   4109.3  2470.27  3482.33     3528        0        0        0        0        0        0        0        0        0        0        0        0        0        0        0        0        0        0        0 
44  61854.8  12312.3  10828.4  11810.9  4454.39  4023.14   4234.3  2595.27  3607.33     3653        0        0        0        0        0        0        0        0        0        0        0        0        0        0        0        0        0        0        0 
45  61976.8  12434.3  10950.4  11932.9  4576.39  4145.14   4356.3  2717.27  3729.33     3775        0        0        0        0        0        0        0        0        0        0        0        0        0        0        0        0        0        0        0 
46  62096.8  12554.3  11070.4  12052.9  4696.39  4265.14   4476.3  2837.27  3849.33     3895        0        0        0        0        0        0        0        0        0        0        0        0        0        0        0        0        0        0        0 
47  62276.8  12734.3  11250.4  12232.9  4876.39  4445.14   4656.3  3017.27  4029.33     4075        0        0        0        0        0        0        0        0        0        0        0        0        0        0        0        0        0        0        0 
48  62446.4  12903.9  11420.1  12402.6  5046.05  4614.81  4825.97  3186.94     4199        0        0        0        0        0        0        0        0        0        0        0        0        0        0        0        0        0        0        0        0 
49  63594.5    14052  12568.1  13550.7  6194.12  5762.87  5974.03     4335        0        0        0        0        0        0        0        0        0        0        0        0        0        0        0        0        0        0        0        0        0 
50  63720.5    14178  12694.1  13676.7  6320.12  5888.87  6100.03     4461        0        0        0        0        0        0        0        0        0        0        0        0        0        0        0        0        0        0        0        0        0 
51  62432.4    12890  11406.1  12388.6  5032.08  4600.84     4812        0        0        0        0        0        0        0        0        0        0        0        0        0        0        0        0        0        0        0        0        0        0 
52  62542.4    13000  11516.1  12498.6  5142.08  4710.84     4922        0        0        0        0        0        0        0        0        0        0        0        0        0        0        0        0        0        0        0        0        0        0 
53  62664.4    13122  11638.1  12620.6  5264.08  4832.84     5044        0        0        0        0        0        0        0        0        0        0        0        0        0        0        0        0        0        0        0        0        0        0 
54  62777.4    13235  11751.1  12733.6  5377.08  4945.84     5157        0        0        0        0        0        0        0        0        0        0        0        0        0        0        0        0        0        0        0        0        0        0 
55  63147.4    13605  12121.1  13103.6  5747.08  5315.84     5527        0        0        0        0        0        0        0        0        0        0        0        0        0        0        0        0        0        0        0        0        0        0 
56  63487.6  13945.1  12461.3  13443.8  6087.24     5656        0        0        0        0        0        0        0        0        0        0        0        0        0        0        0        0        0        0        0        0        0        0        0 
57  63301.4  13758.9    12275  13257.5     5901        0        0        0        0        0        0        0        0        0        0        0        0        0        0        0        0        0        0        0        0        0        0        0        0 
58  63423.4  13880.9    12397  13379.5     6023        0        0        0        0        0        0        0        0        0        0        0        0        0        0        0        0        0        0        0        0        0        0        0        0 
59  63390.8  13848.3  12364.5    13347        0        0        0        0        0        0        0        0        0        0        0        0        0        0        0        0        0        0        0        0        0        0        0        0        0 
60  63694.8  14152.3  12668.5    13651        0        0        0        0        0        0        0        0        0        0        0        0        0        0        0        0        0        0        0        0        0        0        0        0        0 
61  64031.8  14489.3  13005.5    13988        0        0        0        0        0        0        0        0        0        0        0        0        0        0        0        0        0        0        0        0        0        0        0        0        0 
62  64343.8  14801.3  13317.5    14300        0        0        0        0        0        0        0        0        0        0        0        0        0        0        0        0        0        0        0        0        0        0        0        0        0 
63  65706.8  16164.3  14680.5    15663        0        0        0        0        0        0        0        0        0        0        0        0        0        0        0        0        0        0        0        0        0        0        0        0        0 
64  67062.4  17519.9    16036        0        0        0        0        0        0        0        0        0        0        0        0        0        0        0        0        0        0        0        0        0        0        0        0        0        0 
65  66052.5    16510        0        0        0        0        0        0        0        0        0        0        0        0        0        0        0        0        0        0        0        0        0        0        0        0        0        0        0 
66  66356.8  16814.3        0        0        0        0        0        0        0        0        0        0        0        0        0        0        0        0        0        0        0        0        0        0        0        0        0        0        0 
67  67965.3        0        0        0        0        0        0        0        0        0        0        0        0        0        0        0        0        0        0        0        0        0        0        0        0        0        0        0        0 
68  69387.3        0        0        0        0        0        0        0        0        0        0        0        0        0        0        0        0        0        0        0        0        0        0        0        0        0        0        0        0 
