Q      1s      2s       2p       2p*      3s      3p        3p*      4s       3d       3d*      4p       4p*      5s       4d       4d*      5p       5p*      6s       4f       4f*      5d       5d*      6p       6p*      7s       5f       5f*      6d       6d*
 0   102007  23924.4  19104.3  23771.8  7785.86     6463   7650.9  2546.92  6024.28  6297.29  2068.44  2426.77   593.14  1765.63  1851.23   413.44   505.26    53.55  1348.11  1378.82   205.13   227.92        0        0        0        0        0        0        0 
 1   102007  23924.3  19104.3  23771.8  7785.66  6462.95  7650.84  2546.58  6024.28  6297.28  2068.56   2426.8   591.16  1765.82  1851.38    413.5   504.63        0  1347.94  1378.69   210.56   232.12        0        0        0        0        0        0        0 
 2   102007  23924.3  19104.4  23771.7  7785.73  6463.06  7650.91  2546.66  6024.14  6297.45  2068.48  2427.08   594.33  1764.25  1851.76   419.77   508.14        0  1348.71  1378.58   229.13   248.08        0        0        0        0        0        0        0 
 3   102007  23924.4  19104.4  23771.7  7785.88  6463.24  7651.04   2546.8  6024.08  6297.63  2068.49   2427.4   598.82  1764.16  1851.49    427.5   513.45        0  1349.84  1378.92   246.93   265.08        0        0        0        0        0        0        0 
 4   102007  23924.4  19104.5  23771.6  7786.11   6463.5  7651.26  2547.04  6024.05  6297.88  2068.58  2427.82   604.59     1764  1852.02   436.55   520.29        0  1351.43  1379.72    265.1   281.76        0        0        0        0        0        0        0 
 5   102007  23924.6  19104.6  23771.7  7786.45  6463.83  7651.58  2547.38  6024.17  6298.09  2068.87  2428.17   611.62  1764.13  1852.25   446.56   529.34        0  1353.29   1381.4   283.73   299.04        0        0        0        0        0        0        0 
 6   102007  23924.8  19104.8  23771.9  7786.88  6464.23  7652.01  2547.83  6024.48  6298.16  2069.41  2428.31   619.75   1764.9  1852.46   457.24   540.72        0  1355.29  1384.11   302.79   316.87        0        0        0        0        0        0        0 
 7   102007  23924.9    19105  23771.6  7787.38  6464.86  7652.48  2548.44   6024.2  6299.25  2069.49  2430.05   628.61  1763.52  1855.79    469.9   547.61        0  1359.37   1384.9   323.35   332.64        0        0        0        0        0        0        0 
 8   102007  23925.3  19105.3    23772  7788.05  6465.46  7653.14  2549.17  6024.75  6299.32  2070.44   2430.3   638.86   1764.6  1853.93   482.18    561.7        0  1362.28  1389.05   340.55   352.78        0        0        0        0        0        0        0 
 9   102006  23925.7  19105.6  23772.3  7788.82  6466.18  7653.91  2550.06  6025.33  6299.56  2071.52  2430.78   649.85  1765.81  1853.86   495.16   575.98        0  1365.82  1393.48   358.81   371.54        0        0        0        0        0        0        0 
10   102006  23926.2  19105.9  23772.8  7789.73  6466.99   7654.8  2551.11   6026.1  6299.73  2072.92  2431.18   661.63  1767.56   1853.8   508.62   591.54        0   1369.7  1398.69        0   389.76        0        0        0        0        0        0        0 
11   102006  23926.7  19106.3  23773.4  7790.74  6467.89  7655.82  2552.31  6027.01  6299.92  2074.56  2431.63   674.04   1769.7  1854.22   522.51   607.82        0  1373.99  1404.44        0        0        0        0        0        0        0        0        0 
12   102006  23924.8  19104.7  23771.6  7791.38  6469.42  7655.24  2569.67   6028.7  6298.35  2093.73  2450.59   706.35  1791.01  1878.03   554.48    642.3        0  1410.06  1440.91        0        0        0        0        0        0        0        0        0 
13   102005  23922.7  19102.9  23769.8  7792.32  6471.24  7655.04  2588.38  6030.54  6297.23  2114.24  2470.91   739.21  1813.63  1902.94   586.82   677.08        0  1447.42  1477.42        0        0        0        0        0        0        0        0        0 
14   102004  23920.6  19101.1  23767.8  7793.61  6473.42   7655.2  2608.47  6032.63   6296.5  2136.06  2492.62   772.61  1837.45  1929.01   619.54   712.21        0  1485.92  1514.17        0        0        0        0        0        0        0        0        0 
15   102004  23918.3  19099.2  23765.8  7795.28  6476.05  7655.67  2630.01  6035.12  6296.01  2159.21  2515.87   806.57   1862.4  1956.47   652.65   747.76        0  1524.61  1551.22        0        0        0        0        0        0        0        0        0 
16   102003    23916  19097.2  23763.6  7797.41  6478.98  7657.01  2653.05   6037.5  6296.73  2183.91  2540.32   841.07  1889.11  1984.41   686.23   783.51        0  1563.42  1588.73        0        0        0        0        0        0        0        0        0 
17   102002  23913.5  19095.1  23761.4  7800.05  6482.09  7659.54  2677.45  6039.43  6299.22   2210.2  2565.58   876.03  1917.87  2012.04   720.24   819.32        0  1603.42  1627.18        0        0        0        0        0        0        0        0        0 
18   102002    23911  19092.8  23759.2   7803.2   6485.4  7663.27  2703.12  6040.93  6303.46  2237.96   2591.5    911.4  1948.55  2039.26   754.63   855.19        0   1644.2  1667.72        0        0        0        0        0        0        0        0        0 
19   102001  23908.3  19090.8  23756.6   7806.3  6491.61  7661.06  2729.77  6049.59  6296.84   2263.8  2623.14    947.3  1971.91  2078.73   788.67   893.75        0  1684.24  1703.18        0        0        0        0        0        0        0        0        0 
20   102000  23905.5  19088.3  23754.2  7810.59  6495.96  7666.22  2758.34  6051.64  6302.72  2294.32   2651.6   983.72  2005.29  2107.48   823.91    930.4        0  1720.29  1741.93        0        0        0        0        0        0        0        0        0 
21   101999  23902.7  19085.8  23751.7  7815.35  6501.03  7671.41  2787.95  6054.62  6308.23  2325.55  2681.35  1020.48  2038.81  2137.75   859.34   967.54        0  1759.06  1781.36        0        0        0        0        0        0        0        0        0 
22   101998  23899.8  19083.3  23749.1  7820.67  6506.81  7676.88   2818.7  6058.35  6313.77  2357.66  2712.36  1057.65   2072.8  2169.25   895.04  1005.15        0  1799.22  1820.32        0        0        0        0        0        0        0        0        0 
23   101998  23896.8  19080.7  23746.4  7826.66  6513.03  7683.54  2850.66     6062  6320.86   2391.1     2744  1095.23  2108.39  2200.49   931.11  1043.01        0  1837.66  1858.01        0        0        0        0        0        0        0        0        0 
24   101997  23893.7  19077.9  23743.7   7833.3  6519.75  7691.15  2883.68  6065.76  6329.13  2425.61  2776.28  1133.16  2145.17   2231.7   967.48  1081.12        0        0  1894.97        0        0        0        0        0        0        0        0        0 
25   101996  23890.5  19075.2    23741  7840.56  6527.05  7699.47  2917.63   6069.9  6338.11  2460.97  2809.27  1171.41  2182.69  2263.26   1004.1  1119.54        0        0        0        0        0        0        0        0        0        0        0        0 
26   101997  23892.5  19076.2    23743   7843.3  6528.22  7702.76  2922.96  6072.98  6341.28  2458.64   2816.4  1191.93  2191.09  2271.41  1031.66  1139.19        0        0        0        0        0        0        0        0        0        0        0        0 
27   101997  23894.6  19077.4  23745.2  7846.16  6530.18  7706.37   2928.5  6076.19  6344.59  2464.95  2824.16  1212.62  2199.73  2279.82  1050.33  1158.41        0        0        0        0        0        0        0        0        0        0        0        0 
28   101998  23896.7  19078.6  23747.4  7849.16  6532.17  7710.48  2934.28  6079.55  6348.04  2470.62  2835.98  1233.51  2208.65  2288.53  1070.24  1173.48        0        0        0        0        0        0        0        0        0        0        0        0 
29   101999    23899  19079.9  23749.8  7852.27  6534.28  7714.96  2940.26  6083.04  6351.62  2476.84  2849.24   1254.6  2217.80  2297.48  1143.53  1187.49        0        0        0        0        0        0        0        0        0        0        0        0 
30   102001  23901.8  19082.4  23750.5  7856.41  6538.53  7713.46  2947.95  6087.07  6355.57  2486.52  2835.41  1273.54  2228.18  2308.58        0  1230.44        0        0        0        0        0        0        0        0        0        0        0        0 
31   102003  23904.8  19085.1  23751.3  7860.71  6542.97  7714.26   2955.9  6091.26  6359.68  2496.63  2840.17  1292.55  2238.85  2319.92        0        0        0        0        0        0        0        0        0        0        0        0        0        0 
32   102004    23905    19087  23753.5   7860.7  6547.02  7718.08  2952.25  6095.24  6363.66   2507.6  2849.49  1323.67  2250.37  2331.21        0        0        0        0        0        0        0        0        0        0        0        0        0        0 
33   102005  23905.4  19089.1  23755.7  7861.49  6551.22  7722.04  2957.22  6099.35  6367.77  2518.81  2859.06        0  2262.13  2342.73        0        0        0        0        0        0        0        0        0        0        0        0        0        0 
34   102004    23910  19093.4  23758.1  7874.74  6565.21  7734.95  2988.64  6098.58  6380.58  2548.33  2892.23        0  2307.86  2377.43        0        0        0        0        0        0        0        0        0        0        0        0        0        0 
35   102004  23914.8  19097.8  23760.7  7888.48   6579.7  7748.33  3020.45  6109.92   6388.8   2578.1  2925.76        0  2342.71  2417.31        0        0        0        0        0        0        0        0        0        0        0        0        0        0 
36   102003  23919.8  19102.5  23763.4  7902.76  6594.74  7762.19  3052.65  6121.16  6403.54  2608.07  2959.74        0  2378.45  2451.38        0        0        0        0        0        0        0        0        0        0        0        0        0        0 
37   102002  23925.1  19107.3  23766.3   7917.6  6610.32  7776.59  3085.28  6132.42  6419.32  2638.35  2994.13        0  2414.42  2485.12        0        0        0        0        0        0        0        0        0        0        0        0        0        0 
38   102002  23930.6  19112.3  23769.3  7932.97  6626.43  7791.48  3118.29  6144.23  6434.74  2668.84  3028.92        0  2450.59  2519.94        0        0        0        0        0        0        0        0        0        0        0        0        0        0 
39   102001  23936.2  19117.5  23772.2  7948.83  6643.13  7806.82  3151.63  6156.35  6457.31  2699.28   3064.3        0  2509.97   2548.4        0        0        0        0        0        0        0        0        0        0        0        0        0        0 
40   102001  23943.1  19122.6    23779  7965.92  6659.73  7823.45  3186.05  6172.15  6451.28  2734.14  3096.89        0  2541.87  2603.58        0        0        0        0        0        0        0        0        0        0        0        0        0        0 
41   102000  23950.1    19128  23785.9  7983.54  6676.85  7840.61  3220.81  6188.33  6463.86  2769.18  3129.73        0  2576.13   2641.4        0        0        0        0        0        0        0        0        0        0        0        0        0        0 
42   101999  23957.5  19133.5    23793  8001.75  6694.49  7858.36  3255.94  6205.09  6476.36   2804.6  3162.69        0        0  2678.59        0        0        0        0        0        0        0        0        0        0        0        0        0        0 
43   101998  23965.1  19139.2  23800.5  8020.49   6712.6  7876.67  3291.38  6222.34  6489.84   2840.3  3195.77        0        0        0        0        0        0        0        0        0        0        0        0        0        0        0        0        0 
44   102002  23973.9  19143.9  23809.4   8033.8  6710.88  7892.21  3326.55  6237.02  6504.74  2890.35  3232.06        0        0        0        0        0        0        0        0        0        0        0        0        0        0        0        0        0 
45   102005    23983  19149.8  23818.4  8047.44  6724.22  7914.28  3361.89  6252.01  6519.96  2925.23  3262.49        0        0        0        0        0        0        0        0        0        0        0        0        0        0        0        0        0 
46   102008  23992.4  19155.8  23828.9  8061.43  6736.62  7943.58  3397.43  6267.33  6535.53   2961.2  3285.01        0        0        0        0        0        0        0        0        0        0        0        0        0        0        0        0        0 
47   102012  24001.9  19162.1  23839.6  8075.74  6749.89  7973.48  3433.15  6282.95   6551.4  3167.54  3307.63        0        0        0        0        0        0        0        0        0        0        0        0        0        0        0        0        0 
48   102019  24013.9  19172.6  23841.1  8094.45  6769.45  7936.27  3466.48  6300.79  6569.32        0  3400.43        0        0        0        0        0        0        0        0        0        0        0        0        0        0        0        0        0 
49   102026  24026.1  19183.4  23845.9  8113.58  6789.52   7947.4  3499.91     6319  6587.57        0        0        0        0        0        0        0        0        0        0        0        0        0        0        0        0        0        0        0 
50   102029  24028.2  19191.7  23854.9  8109.36  6808.06  7964.55  3555.95  6336.11  6604.68        0        0        0        0        0        0        0        0        0        0        0        0        0        0        0        0        0        0        0 
51   102033  24031.6  19200.2    23864  8119.93  6826.88  7982.01        0  6353.51  6622.07        0        0        0        0        0        0        0        0        0        0        0        0        0        0        0        0        0        0        0 
52   102031  24057.4  19225.2  23877.7  8201.24  6898.74   8067.3        0  6431.79  6700.76        0        0        0        0        0        0        0        0        0        0        0        0        0        0        0        0        0        0        0 
53   102030  24084.1  19251.1    23892  8283.39  6971.19  8153.32        0   6512.7  6779.99        0        0        0        0        0        0        0        0        0        0        0        0        0        0        0        0        0        0        0 
54   102028  24111.8  19277.7    23907  8366.44   7044.2  8240.32        0   6594.9  6859.73        0        0        0        0        0        0        0        0        0        0        0        0        0        0        0        0        0        0        0 
55   102027  24140.5  19305.2  23922.6  8450.49  7117.93  8328.25        0  6674.86  6940.28        0        0        0        0        0        0        0        0        0        0        0        0        0        0        0        0        0        0        0 
56   102025  24170.1  19333.5    23939  8535.43  7192.24  8417.08        0  6754.21  7021.38        0        0        0        0        0        0        0        0        0        0        0        0        0        0        0        0        0        0        0 
57   102024  24200.7  19362.7  23955.6  8621.13  7266.87     8507        0  6973.19  7102.72        0        0        0        0        0        0        0        0        0        0        0        0        0        0        0        0        0        0        0 
58   102022  24236.4  19389.1  23991.1  8710.73  7353.73  8583.13        0  7024.93  7188.26        0        0        0        0        0        0        0        0        0        0        0        0        0        0        0        0        0        0        0 
59   102021  24273.1  19416.3  24027.6  8801.12  7441.13  8659.89        0  7085.37  7276.72        0        0        0        0        0        0        0        0        0        0        0        0        0        0        0        0        0        0        0 
60   102019  24311.1  19444.4  24065.2  8892.48  7529.36  8737.14        0        0  7360.18        0        0        0        0        0        0        0        0        0        0        0        0        0        0        0        0        0        0        0 
61   102018  24350.2  19473.3  24103.9  8984.64  7618.24  8814.83        0        0        0        0        0        0        0        0        0        0        0        0        0        0        0        0        0        0        0        0        0        0 
62   102030  24388.5  19480.3  24141.6  9054.15  7713.71  8890.34        0        0        0        0        0        0        0        0        0        0        0        0        0        0        0        0        0        0        0        0        0        0 
63   102043  24427.5  19510.8  24184.7  9123.95  7788.39  8961.54        0        0        0        0        0        0        0        0        0        0        0        0        0        0        0        0        0        0        0        0        0        0 
64   102056  24467.2  19540.7  24255.3   9194.1   7861.8  9006.25        0        0        0        0        0        0        0        0        0        0        0        0        0        0        0        0        0        0        0        0        0        0 
65   102069  24507.7  19571.7  24321.1  9264.53   8560.3  9057.05        0        0        0        0        0        0        0        0        0        0        0        0        0        0        0        0        0        0        0        0        0        0 
66   102096  24559.3  19616.7    24262  9337.04        0  9237.87        0        0        0        0        0        0        0        0        0        0        0        0        0        0        0        0        0        0        0        0        0        0 
67   102123  24611.9  19662.5  24293.6  9409.84        0        0        0        0        0        0        0        0        0        0        0        0        0        0        0        0        0        0        0        0        0        0        0        0 
68   102135  24611.9  19697.4  24330.3  9520.07        0        0        0        0        0        0        0        0        0        0        0        0        0        0        0        0        0        0        0        0        0        0        0        0 
69   102149  24637.2  19732.9  24367.6        0        0        0        0        0        0        0        0        0        0        0        0        0        0        0        0        0        0        0        0        0        0        0        0        0 
70   102202  24829.8  19929.2  24568.9        0        0        0        0        0        0        0        0        0        0        0        0        0        0        0        0        0        0        0        0        0        0        0        0        0 
71   102256  25023.6    20134  24771.6        0        0        0        0        0        0        0        0        0        0        0        0        0        0        0        0        0        0        0        0        0        0        0        0        0 
72   102311    25219  20326.8    24976        0        0        0        0        0        0        0        0        0        0        0        0        0        0        0        0        0        0        0        0        0        0        0        0        0 
73   102368  25415.5  23317.3  25181.7        0        0        0        0        0        0        0        0        0        0        0        0        0        0        0        0        0        0        0        0        0        0        0        0        0 
74   102480  25647.9        0  25462.9        0        0        0        0        0        0        0        0        0        0        0        0        0        0        0        0        0        0        0        0        0        0        0        0        0 
75   102595  25882.1        0        0        0        0        0        0        0        0        0        0        0        0        0        0        0        0        0        0        0        0        0        0        0        0        0        0        0 
76   102626  26145.5        0        0        0        0        0        0        0        0        0        0        0        0        0        0        0        0        0        0        0        0        0        0        0        0        0        0        0 
77   102701        0        0        0        0        0        0        0        0        0        0        0        0        0        0        0        0        0        0        0        0        0        0        0        0        0        0        0        0 
78   103822        0        0        0        0        0        0        0        0        0        0        0        0        0        0        0        0        0        0        0        0        0        0        0        0        0        0        0        0 
