Q      1s      2s       2p       2p*      3s      3p        3p*      4s       3d       3d*      4p       4p*      5s       4d       4d*      5p       5p*      6s       4f       4f*      5d       5d*      6p       6p*      7s       5f       5f*      6d       6d*
 0  86101.3    15479  12759.9  14828.8  3765.04  3007.62  3473.59  878.723  2434.33  2532.94  637.494  752.238  152.903  409.436  431.125  87.5481  108.441  12.2231  136.458  141.247   21.937  24.3406  4.80406  5.75104        0        0        0        0        0 
 1  86097.4    15475    12756  14824.9  3761.13  3003.71  3469.67  874.811  2430.42  2529.02  633.582  748.325   148.99  405.524  427.213  83.6358  104.529   8.3108  132.546  137.335  18.0247  20.4283        0        0        0        0        0        0        0 
 2  86106.9  15484.5  12765.4  14834.3  3770.55  3013.13   3479.1  884.234  2439.84  2538.45  643.006  757.749  158.414  414.947  436.637  93.0595  113.953  17.7345  141.969  146.759  27.4484   29.852        0        0        0        0        0        0        0 
 3  86128.1  15505.8  12786.7  14855.6  3791.84  3034.42  3500.38  905.522  2461.13  2559.74  664.294  779.037  179.702  436.235  457.925  114.347  135.241  39.0225  163.257  168.047  48.7364    51.14        0        0        0        0        0        0        0 
 4  86139.6  15517.2  12798.1    14867   3803.3  3045.88  3511.84  916.982  2472.59   2571.2  675.754  790.497  191.162  447.695  469.385  125.807  146.701  50.4825  174.717  179.507  60.1964     62.6        0        0        0        0        0        0        0 
 5    86157  15534.6  12815.5  14884.4   3820.7  3063.28  3529.24  934.382  2489.99   2588.6  693.154  807.897  208.562  465.095  486.785  143.207  164.101  67.8825  192.117  196.907  77.5964       80        0        0        0        0        0        0        0 
 6  86174.9  15552.5  12833.4  14902.3   3838.6  3081.18  3547.14  952.282  2507.89   2606.5  711.054  825.797  226.462  482.995  504.685  161.107  182.001  85.7825  210.017  214.807  95.4964     97.9        0        0        0        0        0        0        0 
 7    86193  15570.6  12851.5  14920.4   3856.7  3099.28  3565.24  970.382  2525.99   2624.6  729.154  843.897  244.562  501.095  522.785  179.207  200.101  103.883  228.117  232.907  113.596      116        0        0        0        0        0        0        0 
 8    86212  15589.6  12870.5  14939.4   3875.7  3118.28  3584.24  989.382  2544.99   2643.6  748.154  862.897  263.562  520.095  541.785  198.207  219.101  122.883  247.117  251.907  132.596      135        0        0        0        0        0        0        0 
 9    86235  15612.6  12893.5  14962.4   3898.7  3141.28  3607.24  1012.38  2567.99   2666.6  771.154  885.897  286.562  543.095  564.785  221.207  242.101  145.883  270.117  274.907  155.596      158        0        0        0        0        0        0        0 
10  86256.4    15634  12914.9  14983.8   3920.1  3162.68  3628.65  1033.79  2589.39     2688  792.557  907.301  307.966  564.499  586.188  242.611  263.504  167.286  291.521   296.31      177        0        0        0        0        0        0        0        0 
11  86158.1  15535.7  12816.6  14885.5  3821.79  3064.37  3530.34  935.475  2491.08  2589.69  694.247   808.99  209.655  466.188  487.878  144.301  165.194  68.9756   193.21      198        0        0        0        0        0        0        0        0        0 
12  86178.4    15556  12836.9  14905.8  3842.09  3084.67  3550.64  955.775  2511.38  2609.99  714.547   829.29  229.955  486.488  508.178  164.601  185.494  89.2756   213.51    218.3        0        0        0        0        0        0        0        0        0 
13    86267  15644.6  12925.5  14994.4  3930.69  3173.27  3639.24  1044.38  2599.98  2698.59  803.147   917.89  318.555  575.088  596.778  253.201  274.094  177.876   302.11    306.9        0        0        0        0        0        0        0        0        0 
14  86300.1  15677.7  12958.6  15027.5  3963.79  3206.37  3672.34  1077.48  2633.08  2731.69  836.247   950.99  351.655  608.188  629.878  286.301  307.194  210.976   335.21      340        0        0        0        0        0        0        0        0        0 
15  86326.1  15703.7  12984.6  15053.5  3989.79  3232.37  3698.34  1103.48  2659.08  2757.69  862.247   976.99  377.655  634.188  655.878  312.301  333.194  236.976   361.21      366        0        0        0        0        0        0        0        0        0 
16  86352.1  15729.7  13010.6  15079.5  4015.79  3258.37  3724.34  1129.48  2685.08  2783.69  888.247  1002.99  403.655  660.188  681.878  338.301  359.194  262.976   387.21      392        0        0        0        0        0        0        0        0        0 
17  86399.1  15776.7  13057.6  15126.5  4062.79  3305.37  3771.34  1176.48  2732.08  2830.69  935.247  1049.99  450.655  707.188  728.878  385.301  406.194  309.976   434.21      439        0        0        0        0        0        0        0        0        0 
18  86427.1  15804.7  13085.6  15154.5  4090.79  3333.37  3799.34  1204.48  2760.08  2858.69  963.247  1077.99  478.655  735.188  756.878  413.301  434.194  337.976   462.21      467        0        0        0        0        0        0        0        0        0 
19  86480.1  15857.7  13138.6  15207.5  4143.79  3386.37  3852.34  1257.48  2813.08  2911.69  1016.25  1130.99  531.655  788.188  809.878  466.301  487.194  390.976   515.21      520        0        0        0        0        0        0        0        0        0 
20  86530.1  15907.7  13188.6  15257.5  4193.79  3436.37  3902.34  1307.48  2863.08  2961.69  1066.25  1180.99  581.655  838.188  859.878  516.301  537.194  440.976   565.21      570        0        0        0        0        0        0        0        0        0 
21  86560.1  15937.7  13218.6  15287.5  4223.79  3466.37  3932.34  1337.48  2893.08  2991.69  1096.25  1210.99  611.655  868.188  889.878  546.301  567.194  470.976   595.21      600        0        0        0        0        0        0        0        0        0 
22  86600.1  15977.7  13258.6  15327.5  4263.79  3506.37  3972.34  1377.48  2933.08  3031.69  1136.25  1250.99  651.655  908.188  929.878  586.301  607.194  510.976   635.21      640        0        0        0        0        0        0        0        0        0 
23  86660.1  16037.7  13318.6  15387.5  4323.79  3566.37  4032.34  1437.48  2993.08  3091.69  1196.25  1310.99  711.655  968.188  989.878  646.301  667.194  570.976   695.21      700        0        0        0        0        0        0        0        0        0 
24  86724.9  16102.5  13383.4  15452.3  4388.58  3631.16  4097.13  1502.26  3057.87  3156.48  1261.04  1375.78  776.445  1032.98  1054.67   711.09  731.983  635.765      760        0        0        0        0        0        0        0        0        0        0 
25  86909.1  16286.7  13567.7  15636.6  4572.81   3815.4  4281.36   1686.5  3242.11  3340.71  1445.27  1560.01   960.68  1217.21   1238.9  895.325  916.218      820        0        0        0        0        0        0        0        0        0        0        0 
26  86969.1  16346.7  13627.7  15696.6  4632.81   3875.4  4341.36   1746.5  3302.11  3400.71  1505.27  1620.01  1020.68  1277.21   1298.9  955.325  976.218      880        0        0        0        0        0        0        0        0        0        0        0 
27  86922.9  16300.5  13581.4  15650.3   4586.6  3829.18  4295.14  1700.28  3255.89   3354.5  1459.05   1573.8  974.461  1230.99  1252.68  909.107      930        0        0        0        0        0        0        0        0        0        0        0        0 
28  86982.9  16360.5  13641.4  15710.3   4646.6  3889.18  4355.14  1760.28  3315.89   3414.5  1519.05   1633.8  1034.46  1290.99  1312.68  969.107      990        0        0        0        0        0        0        0        0        0        0        0        0 
29  87052.9  16430.5  13711.4  15780.3   4716.6  3959.18  4425.14  1830.28  3385.89   3484.5  1589.05   1703.8  1104.46  1360.99  1382.68  1039.11     1060        0        0        0        0        0        0        0        0        0        0        0        0 
30  87102.9  16480.5  13761.4  15830.3   4766.6  4009.18  4475.14  1880.28  3435.89   3534.5  1639.05   1753.8  1154.46  1410.99  1432.68  1089.11     1110        0        0        0        0        0        0        0        0        0        0        0        0 
31  87162.9  16540.5  13821.4  15890.3   4826.6  4069.18  4535.14  1940.28  3495.89   3594.5  1699.05   1813.8  1214.46  1470.99  1492.68  1149.11     1170        0        0        0        0        0        0        0        0        0        0        0        0 
32  87243.8  16621.4  13902.3  15971.2  4907.49  4150.07  4616.04  2021.17  3576.78  3675.39  1779.95  1894.69  1295.35  1551.89  1573.58     1230        0        0        0        0        0        0        0        0        0        0        0        0        0 
33  86960.2  16337.8  13618.8  15687.7  4623.91  3866.49  4332.46   1737.6   3293.2  3391.81  1496.37  1611.11  1011.78  1268.31     1290        0        0        0        0        0        0        0        0        0        0        0        0        0        0 
34  87020.2  16397.8  13678.8  15747.7  4683.91  3926.49  4392.46   1797.6   3353.2  3451.81  1556.37  1671.11  1071.78  1328.31     1350        0        0        0        0        0        0        0        0        0        0        0        0        0        0 
35  87295.2  16672.8  13953.8  16022.7  4958.91  4201.49  4667.46   2072.6   3628.2  3726.81  1831.37  1946.11  1346.78  1603.31     1625        0        0        0        0        0        0        0        0        0        0        0        0        0        0 
36  87351.2  16728.8  14009.8  16078.7  5014.91  4257.49  4723.46   2128.6   3684.2  3782.81  1887.37  2002.11  1402.78  1659.31     1681        0        0        0        0        0        0        0        0        0        0        0        0        0        0 
37  87410.2  16787.8  14068.8  16137.7  5073.91  4316.49  4782.46   2187.6   3743.2  3841.81  1946.37  2061.11  1461.78  1718.31     1740        0        0        0        0        0        0        0        0        0        0        0        0        0        0 
38  87472.2  16849.8  14130.8  16199.7  5135.91  4378.49  4844.46   2249.6   3805.2  3903.81  2008.37  2123.11  1523.78  1780.31     1802        0        0        0        0        0        0        0        0        0        0        0        0        0        0 
39  87532.2  16909.8  14190.8  16259.7  5195.91  4438.49  4904.46   2309.6   3865.2  3963.81  2068.37  2183.11  1583.78  1840.31     1862        0        0        0        0        0        0        0        0        0        0        0        0        0        0 
40  87590.2  16967.8  14248.8  16317.7  5253.91  4496.49  4962.46   2367.6   3923.2  4021.81  2126.37  2241.11  1641.78  1898.31     1920        0        0        0        0        0        0        0        0        0        0        0        0        0        0 
41  87684.2  17061.8  14342.8  16411.7  5347.91  4590.49  5056.46   2461.6   4017.2  4115.81  2220.37  2335.11  1735.78  1992.31     2014        0        0        0        0        0        0        0        0        0        0        0        0        0        0 
42  87766.9  17144.5  14425.4  16494.3   5430.6  4673.18  5139.15  2544.29  4099.89   4198.5  2303.06   2417.8  1818.47     2075        0        0        0        0        0        0        0        0        0        0        0        0        0        0        0 
43  88088.4    17466    14747  16815.9  5752.14  4994.72  5460.68  2865.82  4421.43  4520.03  2624.59  2739.34     2140        0        0        0        0        0        0        0        0        0        0        0        0        0        0        0        0 
44  88150.4    17528    14809  16877.9  5814.14  5056.72  5522.68  2927.82  4483.43  4582.03  2686.59  2801.34     2202        0        0        0        0        0        0        0        0        0        0        0        0        0        0        0        0 
45  87796.1  17173.7  14454.6  16523.5   5459.8  4702.38  5168.35  2573.49  4129.09   4227.7  2332.26     2447        0        0        0        0        0        0        0        0        0        0        0        0        0        0        0        0        0 
46  87857.1  17234.7  14515.6  16584.5   5520.8  4763.38  5229.35  2634.49  4190.09   4288.7  2393.26     2508        0        0        0        0        0        0        0        0        0        0        0        0        0        0        0        0        0 
47  87923.1  17300.7  14581.6  16650.5   5586.8  4829.38  5295.35  2700.49  4256.09   4354.7  2459.26     2574        0        0        0        0        0        0        0        0        0        0        0        0        0        0        0        0        0 
48  87984.1  17361.7  14642.6  16711.5   5647.8  4890.38  5356.35  2761.49  4317.09   4415.7  2520.26     2635        0        0        0        0        0        0        0        0        0        0        0        0        0        0        0        0        0 
49  88203.1  17580.7  14861.6  16930.5   5866.8  5109.38  5575.35  2980.49  4536.09   4634.7  2739.26     2854        0        0        0        0        0        0        0        0        0        0        0        0        0        0        0        0        0 
50  88388.8  17766.5  15047.4  17116.3  6052.54  5295.13  5761.09  3166.23  4721.84  4820.44     2925        0        0        0        0        0        0        0        0        0        0        0        0        0        0        0        0        0        0 
51  86662.4    16040  13320.9  15389.8   4326.1  3568.68  4034.65  1439.79  2995.39     3094        0        0        0        0        0        0        0        0        0        0        0        0        0        0        0        0        0        0        0 
52  86733.1  16110.7  13391.6  15460.5   4396.8  3639.38  4105.35  1510.49  3066.09   3164.7        0        0        0        0        0        0        0        0        0        0        0        0        0        0        0        0        0        0        0 
53  88802.4    18180  15460.9  17529.8   6466.1  5708.68  6174.65  3579.79  5135.39     5234        0        0        0        0        0        0        0        0        0        0        0        0        0        0        0        0        0        0        0 
54  88939.4    18317  15597.9  17666.8   6603.1  5845.68  6311.65  3716.79  5272.39     5371        0        0        0        0        0        0        0        0        0        0        0        0        0        0        0        0        0        0        0 
55  89086.4    18464  15744.9  17813.8   6750.1  5992.68  6458.65  3863.79  5419.39     5518        0        0        0        0        0        0        0        0        0        0        0        0        0        0        0        0        0        0        0 
56  89242.4    18620  15900.9  17969.8   6906.1  6148.68  6614.65  4019.79  5575.39     5674        0        0        0        0        0        0        0        0        0        0        0        0        0        0        0        0        0        0        0 
57  89392.4    18770  16050.9  18119.8   7056.1  6298.68  6764.65  4169.79  5725.39     5824        0        0        0        0        0        0        0        0        0        0        0        0        0        0        0        0        0        0        0 
58  89537.4    18915  16195.9  18264.8   7201.1  6443.68  6909.65  4314.79  5870.39     5969        0        0        0        0        0        0        0        0        0        0        0        0        0        0        0        0        0        0        0 
59  89809.4    19187  16467.9  18536.8   7473.1  6715.68  7181.65  4586.79  6142.39     6241        0        0        0        0        0        0        0        0        0        0        0        0        0        0        0        0        0        0        0 
60    90059  19436.6  16717.5  18786.5  7722.71  6965.29  7431.26  4836.39     6392        0        0        0        0        0        0        0        0        0        0        0        0        0        0        0        0        0        0        0        0 
61  91782.6  21160.2  18441.2  20510.1  9446.32   8688.9  9154.86     6560        0        0        0        0        0        0        0        0        0        0        0        0        0        0        0        0        0        0        0        0        0 
62  91936.6  21314.2  18595.2  20664.1  9600.32   8842.9  9308.86     6714        0        0        0        0        0        0        0        0        0        0        0        0        0        0        0        0        0        0        0        0        0 
63  89773.8  19151.4  16432.3  18501.2  7437.45  6680.03     7146        0        0        0        0        0        0        0        0        0        0        0        0        0        0        0        0        0        0        0        0        0        0 
64  89908.8  19286.4  16567.3  18636.2  7572.45  6815.03     7281        0        0        0        0        0        0        0        0        0        0        0        0        0        0        0        0        0        0        0        0        0        0 
65  90057.8  19435.4  16716.3  18785.2  7721.45  6964.03     7430        0        0        0        0        0        0        0        0        0        0        0        0        0        0        0        0        0        0        0        0        0        0 
66  90197.8  19575.4  16856.3  18925.2  7861.45  7104.03     7570        0        0        0        0        0        0        0        0        0        0        0        0        0        0        0        0        0        0        0        0        0        0 
67  90887.8  20265.4  17546.3  19615.2  8551.45  7794.03     8260        0        0        0        0        0        0        0        0        0        0        0        0        0        0        0        0        0        0        0        0        0        0 
68  91513.7  20891.3  18172.3  20241.2  9177.42     8420        0        0        0        0        0        0        0        0        0        0        0        0        0        0        0        0        0        0        0        0        0        0        0 
69  91066.3  20443.9  17724.8  19793.7     8730        0        0        0        0        0        0        0        0        0        0        0        0        0        0        0        0        0        0        0        0        0        0        0        0 
70  91216.3  20593.9  17874.8  19943.7     8880        0        0        0        0        0        0        0        0        0        0        0        0        0        0        0        0        0        0        0        0        0        0        0        0 
71  90342.6  19720.2  17001.1    19070        0        0        0        0        0        0        0        0        0        0        0        0        0        0        0        0        0        0        0        0        0        0        0        0        0 
72  90712.6  20090.2  17371.1    19440        0        0        0        0        0        0        0        0        0        0        0        0        0        0        0        0        0        0        0        0        0        0        0        0        0 
73  91112.6  20490.2  17771.1    19840        0        0        0        0        0        0        0        0        0        0        0        0        0        0        0        0        0        0        0        0        0        0        0        0        0 
74  91482.6  20860.2  18141.1    20210        0        0        0        0        0        0        0        0        0        0        0        0        0        0        0        0        0        0        0        0        0        0        0        0        0 
75  94052.6  23430.2  20711.1    22780        0        0        0        0        0        0        0        0        0        0        0        0        0        0        0        0        0        0        0        0        0        0        0        0        0 
76  96591.5  25969.1    23250        0        0        0        0        0        0        0        0        0        0        0        0        0        0        0        0        0        0        0        0        0        0        0        0        0        0 
77  94472.4    23850        0        0        0        0        0        0        0        0        0        0        0        0        0        0        0        0        0        0        0        0        0        0        0        0        0        0        0 
78  94856.5  24234.1        0        0        0        0        0        0        0        0        0        0        0        0        0        0        0        0        0        0        0        0        0        0        0        0        0        0        0 
79  96783.2        0        0        0        0        0        0        0        0        0        0        0        0        0        0        0        0        0        0        0        0        0        0        0        0        0        0        0        0 
80  98591.6        0        0        0        0        0        0        0        0        0        0        0        0        0        0        0        0        0        0        0        0        0        0        0        0        0        0        0        0 
