Q      1s      2s       2p       2p*      3s      3p        3p*      4s       3d       3d*      4p       4p*      5s       4d       4d*      5p       5p*      6s       4f       4f*      5d       5d*      6p       6p*      7s       5f       5f*      6d       6d*
 0   104649  19392.3  15563.1  18642.3  4889.48  3841.85  4550.66  1243.08  3155.41  3301.17  908.818  1091.61  272.164  630.229  664.471  173.427  213.444  44.2096  300.587  309.006  78.9882  84.8374  20.1541  26.5037  4.52342        0        0        0        0 
 1   104655  19397.9  15568.8    18648   4895.1  3847.48  4556.28   1248.7  3161.03  3306.79  914.441  1097.23  277.787  635.853  670.095  179.051  219.068  49.8334  306.211  314.629   84.612  90.4611  25.7778  32.1275  10.1472        0        0        0        0 
 2   104654  19396.8  15567.6  18646.8  4893.97  3846.35  4555.15  1247.58   3159.9  3305.66  913.314  1096.11   276.66  634.725  668.968  177.923   217.94  48.7059  305.083  313.502  83.4845  89.3337  24.6503       31        0        0        0        0        0 
 3   104664  19406.8  15577.6  18656.8  4903.97  3856.35  4565.15  1257.58   3169.9  3315.66  923.314  1106.11   286.66  644.725  678.968  187.923   227.94  58.7059  315.083  323.502  93.4845  99.3337  34.6503       41        0        0        0        0        0 
 4   104676  19418.7  15589.5  18668.7  4915.87  3868.25  4577.05  1269.48   3181.8  3327.56  935.214  1118.01   298.56  656.625  690.868  199.823   239.84  70.6059  326.983  335.402  105.385  111.234  46.5503     52.9        0        0        0        0        0 
 5   104687  19429.8  15600.6  18679.8  4926.97  3879.35  4588.15  1280.58   3192.9  3338.66  946.314  1129.11   309.66  667.725  701.968  210.923   250.94  81.7059  338.083  346.502  116.485  122.334  57.6503       64        0        0        0        0        0 
 6   104705  19447.8  15618.6  18697.8  4944.97  3897.35  4606.15  1298.58   3210.9  3356.66  964.314  1147.11   327.66  685.725  719.968  228.923   268.94  99.7059  356.083  364.502  134.485  140.334  75.6503       82        0        0        0        0        0 
 7   104726  19469.2    15640  18719.2  4966.32   3918.7   4627.5  1319.93  3232.25  3378.01  985.664  1168.46   349.01  707.075  741.317  250.273   290.29  121.056  377.433  385.852  155.834  161.683       97        0        0        0        0        0        0 
 8   104688  19431.5  15602.3  18681.5  4928.64  3881.02  4589.82  1282.24  3194.57  3340.33   947.98  1130.77  311.326  669.391  703.634  212.589  252.607  83.3723  339.749  348.168  118.151      124        0        0        0        0        0        0        0 
 9   104704  19447.5  15618.3  18697.5  4944.64  3897.02  4605.82  1298.24  3210.57  3356.33   963.98  1146.77  327.326  685.391  719.634  228.589  268.607  99.3723  355.749  364.168  134.151      140        0        0        0        0        0        0        0 
10   104769  19512.4  15683.2  18762.4  5009.54  3961.92  4670.72  1363.14  3275.47  3421.23  1028.88  1211.67  392.226  750.291  784.534  293.489  333.507  164.272  420.649  429.068  199.051    204.9        0        0        0        0        0        0        0 
11   104791  19534.5  15705.3  18784.5  5031.64  3984.02  4692.82  1385.24  3297.57  3443.33  1050.98  1233.77  414.326  772.391  806.634  315.589  355.607  186.372  442.749  451.168  221.151      227        0        0        0        0        0        0        0 
12   104814  19557.5  15728.3  18807.5  5054.64  4007.02  4715.82  1408.24  3320.57  3466.33  1073.98  1256.77  437.326  795.391  829.634  338.589  378.607  209.372  465.749  474.168  244.151      250        0        0        0        0        0        0        0 
13   104838  19581.5  15752.3  18831.5  5078.64  4031.02  4739.82  1432.24  3344.57  3490.33  1097.98  1280.77  461.326  819.391  853.634  362.589  402.607  233.372  489.749  498.168  268.151      274        0        0        0        0        0        0        0 
14   104863  19606.5  15777.3  18856.5  5103.64  4056.02  4764.82  1457.24  3369.57  3515.33  1122.98  1305.77  486.326  844.391  878.634  387.589  427.607  258.372  514.749  523.168  293.151      299        0        0        0        0        0        0        0 
15   104888  19631.5  15802.3  18881.5  5128.64  4081.02  4789.82  1482.24  3394.57  3540.33  1147.98  1330.77  511.326  869.391  903.634  412.589  452.607  283.372  539.749  548.168  318.151      324        0        0        0        0        0        0        0 
16   104920  19663.5  15834.3  18913.5  5160.64  4113.02  4821.82  1514.24  3426.57  3572.33  1179.98  1362.77  543.326  901.391  935.634  444.589  484.607  315.372  571.749  580.168  350.151      356        0        0        0        0        0        0        0 
17   104952  19695.3  15866.1  18945.4  5192.49  4144.86  4853.67  1546.09  3458.42  3604.18  1211.83  1394.62  575.175  933.241  967.483  476.439  516.456  347.221  603.599  612.017      382        0        0        0        0        0        0        0        0 
18   104749  19492.3  15663.1  18742.3  4989.47  3941.85  4650.65  1343.07   3255.4  3401.16  1008.81   1191.6  372.158  730.223  764.466  273.421  313.438  144.204  400.581      409        0        0        0        0        0        0        0        0        0 
19   104775  19518.3  15689.1  18768.3  5015.47  3967.85  4676.65  1369.07   3281.4  3427.16  1034.81   1217.6  398.158  756.223  790.466  299.421  339.438  170.204  426.581      435        0        0        0        0        0        0        0        0        0 
20   104910  19653.3  15824.1  18903.3  5150.47  4102.85  4811.65  1504.07   3416.4  3562.16  1169.81   1352.6  533.158  891.223  925.466  434.421  474.438  305.204  561.581      570        0        0        0        0        0        0        0        0        0 
21   104940  19683.3  15854.1  18933.3  5180.47  4132.85  4841.65  1534.07   3446.4  3592.16  1199.81   1382.6  563.158  921.223  955.466  464.421  504.438  335.204  591.581      600        0        0        0        0        0        0        0        0        0 
22   104970  19713.3  15884.1  18963.3  5210.47  4162.85  4871.65  1564.07   3476.4  3622.16  1229.81   1412.6  593.158  951.223  985.466  494.421  534.438  365.204  621.581      630        0        0        0        0        0        0        0        0        0 
23   105000  19743.3  15914.1  18993.3  5240.47  4192.85  4901.65  1594.07   3506.4  3652.16  1259.81   1442.6  623.158  981.223  1015.47  524.421  564.438  395.204  651.581      660        0        0        0        0        0        0        0        0        0 
24   105080  19823.3  15994.1  19073.3  5320.47  4272.85  4981.65  1674.07   3586.4  3732.16  1339.81   1522.6  703.158  1061.22  1095.47  604.421  644.438  475.204  731.581      740        0        0        0        0        0        0        0        0        0 
25   105110  19853.3  16024.1  19103.3  5350.47  4302.85  5011.65  1704.07   3616.4  3762.16  1369.81   1552.6  733.158  1091.22  1125.47  634.421  674.438  505.204  761.581      770        0        0        0        0        0        0        0        0        0 
26   105200  19943.3  16114.1  19193.3  5440.47  4392.85  5101.65  1794.07   3706.4  3852.16  1459.81   1642.6  823.158  1181.22  1215.47  724.421  764.438  595.204  851.581      860        0        0        0        0        0        0        0        0        0 
27   105240  19983.3  16154.1  19233.3  5480.47  4432.85  5141.65  1834.07   3746.4  3892.16  1499.81   1682.6  863.158  1221.22  1255.47  764.421  804.438  635.204  891.581      900        0        0        0        0        0        0        0        0        0 
28   105310  20053.3  16224.1  19303.3  5550.47  4502.85  5211.65  1904.07   3816.4  3962.16  1569.81   1752.6  933.158  1291.22  1325.47  834.421  874.438  705.204  961.581      970        0        0        0        0        0        0        0        0        0 
29   105380  20123.3  16294.1  19373.3  5620.47  4572.85  5281.65  1974.07   3886.4  4032.16  1639.81   1822.6  1003.16  1361.22  1395.47  904.421  944.438  775.204  1031.58     1040        0        0        0        0        0        0        0        0        0 
30   105450  20193.3  16364.1  19443.3  5690.47  4642.85  5351.65  2044.07   3956.4  4102.16  1709.81   1892.6  1073.16  1431.22  1465.47  974.421  1014.44  845.204  1101.58     1110        0        0        0        0        0        0        0        0        0 
31   105529  20271.7  16442.5  19521.8  5768.89  4721.27  5430.07  2122.49  4034.82  4180.58  1788.23  1971.02  1151.58  1509.64  1543.88  1052.84  1092.86  923.623     1180        0        0        0        0        0        0        0        0        0        0 
32   105855  20598.1  16768.9  19848.1  6095.27  5047.64  5756.45  2448.87   4361.2  4506.96  2114.61   2297.4  1477.95  1836.02  1870.26  1379.22  1419.23     1250        0        0        0        0        0        0        0        0        0        0        0 
33   105925  20668.1  16838.9  19918.1  6165.27  5117.64  5826.45  2518.87   4431.2  4576.96  2184.61   2367.4  1547.95  1906.02  1940.26  1449.22  1489.23     1320        0        0        0        0        0        0        0        0        0        0        0 
34   105826  20568.9  16739.7  19818.9  6066.03  5018.41  5727.21  2419.64  4331.96  4477.72  2085.37  2268.17  1448.72  1806.78  1841.03  1349.98     1390        0        0        0        0        0        0        0        0        0        0        0        0 
35   105896  20638.9  16809.7  19888.9  6136.03  5088.41  5797.21  2489.64  4401.96  4547.72  2155.37  2338.17  1518.72  1876.78  1911.03  1419.98     1460        0        0        0        0        0        0        0        0        0        0        0        0 
36   105966  20708.9  16879.7  19958.9  6206.03  5158.41  5867.21  2559.64  4471.96  4617.72  2225.37  2408.17  1588.72  1946.78  1981.03  1489.98     1530        0        0        0        0        0        0        0        0        0        0        0        0 
37   106046  20788.9  16959.7  20038.9  6286.03  5238.41  5947.21  2639.64  4551.96  4697.72  2305.37  2488.17  1668.72  2026.78  2061.03  1569.98     1610        0        0        0        0        0        0        0        0        0        0        0        0 
38   106116  20858.9  17029.7  20108.9  6356.03  5308.41  6017.21  2709.64  4621.96  4767.72  2375.37  2558.17  1738.72  2096.78  2131.03  1639.98     1680        0        0        0        0        0        0        0        0        0        0        0        0 
39   106226  20968.9  17139.7  20218.9  6466.05  5418.43  6127.23  2819.65  4731.98  4877.74  2485.39  2668.18  1848.74   2206.8  2241.04     1750        0        0        0        0        0        0        0        0        0        0        0        0        0 
40   105805  20547.9  16718.7  19797.9     6045  4997.38  5706.19  2398.61  4310.94   4456.7  2064.35  2247.14  1427.69  1785.76     1820        0        0        0        0        0        0        0        0        0        0        0        0        0        0 
41   105865  20607.9  16778.7  19857.9     6105  5057.38  5766.19  2458.61  4370.94   4516.7  2124.35  2307.14  1487.69  1845.76     1880        0        0        0        0        0        0        0        0        0        0        0        0        0        0 
42   106193  20935.9  17106.7  20185.9     6433  5385.38  6094.19  2786.61  4698.94   4844.7  2452.35  2635.14  1815.69  2173.76     2208        0        0        0        0        0        0        0        0        0        0        0        0        0        0 
43   106256  20998.9  17169.7  20248.9     6496  5448.38  6157.19  2849.61  4761.94   4907.7  2515.35  2698.14  1878.69  2236.76     2271        0        0        0        0        0        0        0        0        0        0        0        0        0        0 
44   106323  21065.9  17236.7  20315.9     6563  5515.38  6224.19  2916.61  4828.94   4974.7  2582.35  2765.14  1945.69  2303.76     2338        0        0        0        0        0        0        0        0        0        0        0        0        0        0 
45   106394  21136.9  17307.7  20386.9     6634  5586.38  6295.19  2987.61  4899.94   5045.7  2653.35  2836.14  2016.69  2374.76     2409        0        0        0        0        0        0        0        0        0        0        0        0        0        0 
46   106462  21204.9  17375.7  20454.9     6702  5654.38  6363.19  3055.61  4967.94   5113.7  2721.35  2904.14  2084.69  2442.76     2477        0        0        0        0        0        0        0        0        0        0        0        0        0        0 
47   106529  21271.9  17442.7  20521.9     6769  5721.38  6430.19  3122.61  5034.94   5180.7  2788.35  2971.14  2151.69  2509.76     2544        0        0        0        0        0        0        0        0        0        0        0        0        0        0 
48   106647  21389.9  17560.7  20639.9     6887  5839.38  6548.19  3240.61  5152.94   5298.7  2906.35  3089.14  2269.69  2627.76     2662        0        0        0        0        0        0        0        0        0        0        0        0        0        0 
49   106750  21493.1  17663.9  20743.1  6990.25  5942.62  6651.43  3343.85  5256.18  5401.94  3009.59  3192.38  2372.93     2731        0        0        0        0        0        0        0        0        0        0        0        0        0        0        0 
50   107183  21926.2    18097  21176.2  7423.31  6375.69  7084.49  3776.92  5689.24     5835  3442.65  3625.45     2806        0        0        0        0        0        0        0        0        0        0        0        0        0        0        0        0 
51   107253  21996.2    18167  21246.2  7493.31  6445.69  7154.49  3846.92  5759.24     5905  3512.65  3695.45     2876        0        0        0        0        0        0        0        0        0        0        0        0        0        0        0        0 
52   106713  21455.7  17626.5  20705.7  6952.87  5905.24  6614.05  3306.47   5218.8  5364.56  2972.21     3155        0        0        0        0        0        0        0        0        0        0        0        0        0        0        0        0        0 
53   106782  21524.7  17695.5  20774.7  7021.87  5974.24  6683.05  3375.47   5287.8  5433.56  3041.21     3224        0        0        0        0        0        0        0        0        0        0        0        0        0        0        0        0        0 
54   106856  21598.7  17769.5  20848.7  7095.87  6048.24  6757.05  3449.47   5361.8  5507.56  3115.21     3298        0        0        0        0        0        0        0        0        0        0        0        0        0        0        0        0        0 
55   106926  21668.7  17839.5  20918.7  7165.87  6118.24  6827.05  3519.47   5431.8  5577.56  3185.21     3368        0        0        0        0        0        0        0        0        0        0        0        0        0        0        0        0        0 
56   107240  21982.7  18153.5  21232.7  7479.87  6432.24  7141.05  3833.47   5745.8  5891.56  3499.21     3682        0        0        0        0        0        0        0        0        0        0        0        0        0        0        0        0        0 
57   107503  22245.5  18416.3  21495.5  7742.66  6695.04  7403.84  4096.26  6008.59  6154.35     3762        0        0        0        0        0        0        0        0        0        0        0        0        0        0        0        0        0        0 
58   105307  20050.2    16221  19300.2  5547.31  4499.68  5208.49  1900.91  3813.24     3959        0        0        0        0        0        0        0        0        0        0        0        0        0        0        0        0        0        0        0 
59   105388  20131.2    16302  19381.2  5628.31  4580.68  5289.49  1981.91  3894.24     4040        0        0        0        0        0        0        0        0        0        0        0        0        0        0        0        0        0        0        0 
60   107913  22656.2    18827  21906.2  8153.31  7105.68  7814.49  4506.91  6419.24     6565        0        0        0        0        0        0        0        0        0        0        0        0        0        0        0        0        0        0        0 
61   108066  22809.2    18980  22059.2  8306.31  7258.68  7967.49  4659.91  6572.24     6718        0        0        0        0        0        0        0        0        0        0        0        0        0        0        0        0        0        0        0 
62   108229  22972.2    19143  22222.2  8469.31  7421.68  8130.49  4822.91  6735.24     6881        0        0        0        0        0        0        0        0        0        0        0        0        0        0        0        0        0        0        0 
63   108404  23147.2    19318  22397.2  8644.31  7596.68  8305.49  4997.91  6910.24     7056        0        0        0        0        0        0        0        0        0        0        0        0        0        0        0        0        0        0        0 
64   108570  23313.2    19484  22563.2  8810.31  7762.68  8471.49  5163.91  7076.24     7222        0        0        0        0        0        0        0        0        0        0        0        0        0        0        0        0        0        0        0 
65   108728  23471.2    19642  22721.2  8968.31  7920.68  8629.49  5321.91  7234.24     7380        0        0        0        0        0        0        0        0        0        0        0        0        0        0        0        0        0        0        0 
66   109068  23811.2    19982  23061.2  9308.31  8260.68  8969.49  5661.91  7574.24     7720        0        0        0        0        0        0        0        0        0        0        0        0        0        0        0        0        0        0        0 
67   109384  24126.9  20297.7  23376.9  9624.07  8576.45  9285.25  5977.67     7890        0        0        0        0        0        0        0        0        0        0        0        0        0        0        0        0        0        0        0        0 
68   111486  26229.2  22400.1  25479.3  11726.4  10678.8  11387.6     8080        0        0        0        0        0        0        0        0        0        0        0        0        0        0        0        0        0        0        0        0        0 
69   111656  26399.2  22570.1  25649.3  11896.4  10848.8  11557.6     8250        0        0        0        0        0        0        0        0        0        0        0        0        0        0        0        0        0        0        0        0        0 
70   108829  23571.7  19742.5  22821.7  9068.82   8021.2     8730        0        0        0        0        0        0        0        0        0        0        0        0        0        0        0        0        0        0        0        0        0        0 
71   108979  23721.7  19892.5  22971.7  9218.82   8171.2     8880        0        0        0        0        0        0        0        0        0        0        0        0        0        0        0        0        0        0        0        0        0        0 
72   109139  23881.7  20052.5  23131.7  9378.82   8331.2     9040        0        0        0        0        0        0        0        0        0        0        0        0        0        0        0        0        0        0        0        0        0        0 
73   109299  24041.7  20212.5  23291.7  9538.82   8491.2     9200        0        0        0        0        0        0        0        0        0        0        0        0        0        0        0        0        0        0        0        0        0        0 
74   110289  25031.7  21202.5  24281.7  10528.8   9481.2    10190        0        0        0        0        0        0        0        0        0        0        0        0        0        0        0        0        0        0        0        0        0        0 
75   111167  25910.5  22081.3  25160.5  11407.6    10360        0        0        0        0        0        0        0        0        0        0        0        0        0        0        0        0        0        0        0        0        0        0        0 
76   110480  25222.8  21393.7  24472.9    10720        0        0        0        0        0        0        0        0        0        0        0        0        0        0        0        0        0        0        0        0        0        0        0        0 
77   110650  25392.8  21563.7  24642.9    10890        0        0        0        0        0        0        0        0        0        0        0        0        0        0        0        0        0        0        0        0        0        0        0        0 
78   108907    23650  19820.8    22900        0        0        0        0        0        0        0        0        0        0        0        0        0        0        0        0        0        0        0        0        0        0        0        0        0 
79   109307    24050  20220.8    23300        0        0        0        0        0        0        0        0        0        0        0        0        0        0        0        0        0        0        0        0        0        0        0        0        0 
80   109757    24500  20670.8    23750        0        0        0        0        0        0        0        0        0        0        0        0        0        0        0        0        0        0        0        0        0        0        0        0        0 
81   110167    24910  21080.8    24160        0        0        0        0        0        0        0        0        0        0        0        0        0        0        0        0        0        0        0        0        0        0        0        0        0 
82   113837    28580  24750.8    27830        0        0        0        0        0        0        0        0        0        0        0        0        0        0        0        0        0        0        0        0        0        0        0        0        0 
83   117456  32199.2    28370        0        0        0        0        0        0        0        0        0        0        0        0        0        0        0        0        0        0        0        0        0        0        0        0        0        0 
84   114307    29050        0        0        0        0        0        0        0        0        0        0        0        0        0        0        0        0        0        0        0        0        0        0        0        0        0        0        0 
85   114737  29479.8        0        0        0        0        0        0        0        0        0        0        0        0        0        0        0        0        0        0        0        0        0        0        0        0        0        0        0 
86   116849        0        0        0        0        0        0        0        0        0        0        0        0        0        0        0        0        0        0        0        0        0        0        0        0        0        0        0        0 
87   118931        0        0        0        0        0        0        0        0        0        0        0        0        0        0        0        0        0        0        0        0        0        0        0        0        0        0        0        0 
