Q      1s      2s       2p       2p*      3s      3p        3p*      4s       3d       3d*      4p       4p*      5s       4d       4d*      5p       5p*      6s       4f       4f*      5d       5d*      6p       6p*      7s       5f       5f*      6d       6d*
 0  22250.9  3278.41  2887.35  3019.03  611.754  486.587   509.72  93.9572  302.915  307.368  57.4713  61.0508  6.07368  10.2507  10.6052        0        0        0        0        0        0        0        0        0        0        0        0        0        0 
 1    22257  3284.56   2893.5  3025.18  617.909  492.742  515.875  100.112   309.07  313.523  63.6261  67.2057  12.2285  16.4056    16.76        0        0        0        0        0        0        0        0        0        0        0        0        0        0 
 2  22268.7  3296.27  2905.21  3036.89  629.619  504.452  527.585  111.822   320.78  325.233  75.3361  78.9157  23.9385  28.1156    28.47        0        0        0        0        0        0        0        0        0        0        0        0        0        0 
 3  22285.2   3312.8  2921.74  3053.42  646.149  520.982  544.115  128.352   337.31  341.763  91.8661  95.4457  40.4685  44.6456       45        0        0        0        0        0        0        0        0        0        0        0        0        0        0 
 4  22299.2   3326.8  2935.74  3067.42  660.149  534.982  558.115  142.352   351.31  355.763  105.866  109.446  54.4685  58.6456       59        0        0        0        0        0        0        0        0        0        0        0        0        0        0 
 5  22316.6  3344.16   2953.1  3084.78  677.504  552.336   575.47  159.706  368.664  373.117  123.221    126.8   71.823       76        0        0        0        0        0        0        0        0        0        0        0        0        0        0        0 
 6  22337.8  3365.34  2974.27  3105.96  698.681  573.513  596.647  180.884  389.841  394.294  144.398  147.977       93        0        0        0        0        0        0        0        0        0        0        0        0        0        0        0        0 
 7  22354.8  3382.34  2991.27  3122.96  715.681  590.513  613.647  197.884  406.841  411.294  161.398  164.977      110        0        0        0        0        0        0        0        0        0        0        0        0        0        0        0        0 
 8  22368.2  3395.77  3004.71  3136.39  729.114  603.946   627.08  211.316  420.274  424.727   174.83   178.41        0        0        0        0        0        0        0        0        0        0        0        0        0        0        0        0        0 
 9  22387.8  3415.36   3024.3  3155.98  748.704  623.536   646.67  230.906  439.864  444.317   194.42      198        0        0        0        0        0        0        0        0        0        0        0        0        0        0        0        0        0 
10  22409.7  3437.26   3046.2  3177.88  770.604  645.436   668.57  252.806  461.764  466.217   216.32    219.9        0        0        0        0        0        0        0        0        0        0        0        0        0        0        0        0        0 
11  22434.8  3462.36   3071.3  3202.98  795.704  670.536   693.67  277.906  486.864  491.317   241.42      245        0        0        0        0        0        0        0        0        0        0        0        0        0        0        0        0        0 
12  22460.8  3488.36   3097.3  3228.98  821.704  696.536   719.67  303.906  512.864  517.317   267.42      271        0        0        0        0        0        0        0        0        0        0        0        0        0        0        0        0        0 
13  22489.3  3516.84  3125.78  3257.46  850.183  725.015  748.149  332.386  541.343  545.797    295.9        0        0        0        0        0        0        0        0        0        0        0        0        0        0        0        0        0        0 
14  22291.5  3319.04  2927.98  3059.66  652.387  527.219  550.353  134.589  343.547      348        0        0        0        0        0        0        0        0        0        0        0        0        0        0        0        0        0        0        0 
15  22319.7  3347.29  2956.23  3087.91  680.637  555.469  578.603  162.839  371.797   376.25        0        0        0        0        0        0        0        0        0        0        0        0        0        0        0        0        0        0        0 
16  22613.5  3641.04  3249.98  3381.66  974.387  849.219  872.353  456.589  665.547      670        0        0        0        0        0        0        0        0        0        0        0        0        0        0        0        0        0        0        0 
17  22666.5  3694.04  3302.98  3434.66  1027.39  902.219  925.353  509.589  718.547      723        0        0        0        0        0        0        0        0        0        0        0        0        0        0        0        0        0        0        0 
18  22727.5  3755.04  3363.98  3495.66  1088.39  963.219  986.353  570.589  779.547      784        0        0        0        0        0        0        0        0        0        0        0        0        0        0        0        0        0        0        0 
19  22788.5  3816.04  3424.98  3556.66  1149.39  1024.22  1047.35  631.589  840.547      845        0        0        0        0        0        0        0        0        0        0        0        0        0        0        0        0        0        0        0 
20  22848.5  3876.04  3484.98  3616.66  1209.39  1084.22  1107.35  691.589  900.547      905        0        0        0        0        0        0        0        0        0        0        0        0        0        0        0        0        0        0        0 
21  22924.5  3952.04  3560.98  3692.66  1285.39  1160.22  1183.35  767.589  976.547      981        0        0        0        0        0        0        0        0        0        0        0        0        0        0        0        0        0        0        0 
22  22991.5  4019.04  3627.98  3759.66  1352.39  1227.22  1250.35  834.589  1043.55     1048        0        0        0        0        0        0        0        0        0        0        0        0        0        0        0        0        0        0        0 
23  23062.9  4090.49  3699.43  3831.12  1423.84  1298.67  1321.81  906.042     1115        0        0        0        0        0        0        0        0        0        0        0        0        0        0        0        0        0        0        0        0 
24  23343.9  4371.45  3980.39  4112.07   1704.8  1579.63  1602.76     1187        0        0        0        0        0        0        0        0        0        0        0        0        0        0        0        0        0        0        0        0        0 
25  23409.9  4437.45  4046.39  4178.07   1770.8  1645.63  1668.76     1253        0        0        0        0        0        0        0        0        0        0        0        0        0        0        0        0        0        0        0        0        0 
26  23188.1  4215.69  3824.63  3956.31  1549.03  1423.87     1447        0        0        0        0        0        0        0        0        0        0        0        0        0        0        0        0        0        0        0        0        0        0 
27  23247.8  4275.39  3884.33  4016.01  1608.73  1483.57   1506.7        0        0        0        0        0        0        0        0        0        0        0        0        0        0        0        0        0        0        0        0        0        0 
28  23318.1  4345.69  3954.63  4086.31  1679.03  1553.87     1577        0        0        0        0        0        0        0        0        0        0        0        0        0        0        0        0        0        0        0        0        0        0 
29  23400.1  4427.69  4036.63  4168.31  1761.03  1635.87     1659        0        0        0        0        0        0        0        0        0        0        0        0        0        0        0        0        0        0        0        0        0        0 
30  23484.1  4511.69  4120.63  4252.31  1845.03  1719.87     1743        0        0        0        0        0        0        0        0        0        0        0        0        0        0        0        0        0        0        0        0        0        0 
31  23558.3  4585.82  4194.76  4326.44  1919.17     1794        0        0        0        0        0        0        0        0        0        0        0        0        0        0        0        0        0        0        0        0        0        0        0 
32  23588.1  4615.65  4224.59  4356.28     1949        0        0        0        0        0        0        0        0        0        0        0        0        0        0        0        0        0        0        0        0        0        0        0        0 
33  23652.1  4679.69  4288.63  4420.32  2013.04        0        0        0        0        0        0        0        0        0        0        0        0        0        0        0        0        0        0        0        0        0        0        0        0 
34  23989.8  5017.38  4626.32     4758        0        0        0        0        0        0        0        0        0        0        0        0        0        0        0        0        0        0        0        0        0        0        0        0        0 
35  24170.8  5198.38  4807.32     4939        0        0        0        0        0        0        0        0        0        0        0        0        0        0        0        0        0        0        0        0        0        0        0        0        0 
36  24367.8  5395.38  5004.32     5136        0        0        0        0        0        0        0        0        0        0        0        0        0        0        0        0        0        0        0        0        0        0        0        0        0 
37  24561.8  5589.38  5198.32     5330        0        0        0        0        0        0        0        0        0        0        0        0        0        0        0        0        0        0        0        0        0        0        0        0        0 
38  24878.8  5906.38  5515.32     5647        0        0        0        0        0        0        0        0        0        0        0        0        0        0        0        0        0        0        0        0        0        0        0        0        0 
39  25224.5  6252.06     5861        0        0        0        0        0        0        0        0        0        0        0        0        0        0        0        0        0        0        0        0        0        0        0        0        0        0 
40  25109.4     6137        0        0        0        0        0        0        0        0        0        0        0        0        0        0        0        0        0        0        0        0        0        0        0        0        0        0        0 
41  25284.2  6311.72        0        0        0        0        0        0        0        0        0        0        0        0        0        0        0        0        0        0        0        0        0        0        0        0        0        0        0 
42  26229.9        0        0        0        0        0        0        0        0        0        0        0        0        0        0        0        0        0        0        0        0        0        0        0        0        0        0        0        0 
43  27033.5        0        0        0        0        0        0        0        0        0        0        0        0        0        0        0        0        0        0        0        0        0        0        0        0        0        0        0        0 
