Q      1s      2s       2p       2p*      3s      3p        3p*      4s       3d       3d*      4p       4p*      5s       4d       4d*      5p       5p*      6s       4f       4f*      5d       5d*      6p       6p*      7s       5f       5f*      6d       6d*
 0  39154.5  6339.65   5548.3  5962.81  1402.11  1159.61  1242.37  302.936  865.827  883.277  223.987  241.726    49.54  118.468   121.58  27.7952  30.5211  4.88828        0        0  6.34961  6.47713        0        0        0        0        0        0        0 
 1  39160.8  6345.95  5554.59  5969.11  1408.41  1165.91  1248.67  309.233  872.124  889.574  230.284  248.022  55.8367  124.765  127.877  34.0919  36.8177   11.185        0        0        0        0        0        0        0        0        0        0        0 
 2  39168.8  6353.94  5562.59   5977.1   1416.4   1173.9  1256.66  317.225  880.116  897.566  238.276  256.015   63.829  132.757  135.869  42.0842  44.8101  19.1773        0        0        0        0        0        0        0        0        0        0        0 
 3  39173.9  6359.08  5567.73  5982.24  1421.54  1179.04   1261.8  322.365  885.256  902.706  243.416  261.155   68.969  137.897  141.009  47.2242    49.95        0        0        0        0        0        0        0        0        0        0        0        0 
 4  39185.6  6370.73  5579.38  5993.89  1433.19  1190.69  1273.45  334.015  896.906  914.356  255.066  272.805   80.619  149.547  152.659  58.8742     61.6        0        0        0        0        0        0        0        0        0        0        0        0 
 5    39198  6383.13  5591.78  6006.29  1445.59  1203.09  1285.85  346.415  909.306  926.756  267.466  285.205   93.019  161.947  165.059  71.2742       74        0        0        0        0        0        0        0        0        0        0        0        0 
 6    39212  6397.13  5605.78  6020.29  1459.59  1217.09  1299.85  360.415  923.306  940.756  281.466  299.205  107.019  175.947  179.059  85.2742       88        0        0        0        0        0        0        0        0        0        0        0        0 
 7    39229  6414.13  5622.78  6037.29  1476.59  1234.09  1316.85  377.415  940.306  957.756  298.466  316.205  124.019  192.947  196.059  102.274      105        0        0        0        0        0        0        0        0        0        0        0        0 
 8  39245.7  6430.86   5639.5  6054.02  1493.32  1250.82  1333.58  394.141  957.032  974.482  315.192  332.931  140.745  209.673  212.785      119        0        0        0        0        0        0        0        0        0        0        0        0        0 
 9  39184.3  6369.47  5578.12  5992.63  1431.93  1189.43  1272.19  332.756  895.647  913.097  253.807  271.546  79.3598  148.288    151.4        0        0        0        0        0        0        0        0        0        0        0        0        0        0 
10  39201.7  6386.84  5595.49     6010   1449.3   1206.8  1289.56  350.126  913.017  930.467  271.177  288.916  96.7298  165.658   168.77        0        0        0        0        0        0        0        0        0        0        0        0        0        0 
11  39307.9  6493.07  5701.72  6116.23  1555.53  1313.03  1395.79  456.356  1019.25   1036.7  377.407  395.146   202.96  271.888      275        0        0        0        0        0        0        0        0        0        0        0        0        0        0 
12  39335.9  6521.07  5729.72  6144.23  1583.53  1341.03  1423.79  484.356  1047.25   1064.7  405.407  423.146   230.96  299.888      303        0        0        0        0        0        0        0        0        0        0        0        0        0        0 
13  39364.9  6550.07  5758.72  6173.23  1612.53  1370.03  1452.79  513.356  1076.25   1093.7  434.407  452.146   259.96  328.888      332        0        0        0        0        0        0        0        0        0        0        0        0        0        0 
14  39396.9  6582.07  5790.72  6205.23  1644.53  1402.03  1484.79  545.356  1108.25   1125.7  466.407  484.146   291.96  360.888      364        0        0        0        0        0        0        0        0        0        0        0        0        0        0 
15  39425.9  6611.07  5819.72  6234.23  1673.53  1431.03  1513.79  574.356  1137.25   1154.7  495.407  513.146   320.96  389.888      393        0        0        0        0        0        0        0        0        0        0        0        0        0        0 
16  39463.9  6649.07  5857.72  6272.23  1711.53  1469.03  1551.79  612.356  1175.25   1192.7  533.407  551.146   358.96  427.888      431        0        0        0        0        0        0        0        0        0        0        0        0        0        0 
17  39496.9  6682.07  5890.72  6305.23  1744.53  1502.03  1584.79  645.356  1208.25   1225.7  566.407  584.146   391.96  460.888      464        0        0        0        0        0        0        0        0        0        0        0        0        0        0 
18    39534  6719.19  5927.83  6342.35  1781.64  1539.15  1621.91  682.468  1245.36  1262.81  603.519  621.258  429.072      498        0        0        0        0        0        0        0        0        0        0        0        0        0        0        0 
19    39638  6823.11  6031.76  6446.27  1885.57  1643.07  1725.83  786.396  1349.29  1366.74  707.447  725.186      533        0        0        0        0        0        0        0        0        0        0        0        0        0        0        0        0 
20    39671  6856.11  6064.76  6479.27  1918.57  1676.07  1758.83  819.396  1382.29  1399.74  740.447  758.186      566        0        0        0        0        0        0        0        0        0        0        0        0        0        0        0        0 
21  39608.8  6793.93  6002.57  6417.09  1856.39  1613.89  1696.65   757.21   1320.1  1337.55  678.261      696        0        0        0        0        0        0        0        0        0        0        0        0        0        0        0        0        0 
22  39643.8  6828.93  6037.57  6452.09  1891.39  1648.89  1731.65   792.21   1355.1  1372.55  713.261      731        0        0        0        0        0        0        0        0        0        0        0        0        0        0        0        0        0 
23  39682.8  6867.93  6076.57  6491.09  1930.39  1687.89  1770.65   831.21   1394.1  1411.55  752.261      770        0        0        0        0        0        0        0        0        0        0        0        0        0        0        0        0        0 
24  39718.8  6903.93  6112.57  6527.09  1966.39  1723.89  1806.65   867.21   1430.1  1447.55  788.261      806        0        0        0        0        0        0        0        0        0        0        0        0        0        0        0        0        0 
25  39777.8  6962.93  6171.57  6586.09  2025.39  1782.89  1865.65   926.21   1489.1  1506.55  847.261      865        0        0        0        0        0        0        0        0        0        0        0        0        0        0        0        0        0 
26  39836.5  7021.67  6230.31  6644.83  2084.13  1841.63  1924.39  984.949  1547.84  1565.29      906        0        0        0        0        0        0        0        0        0        0        0        0        0        0        0        0        0        0 
27  39266.2  6451.38  5660.02  6074.54  1513.84  1271.34   1354.1  414.659   977.55      995        0        0        0        0        0        0        0        0        0        0        0        0        0        0        0        0        0        0        0 
28  39310.3  6495.47  5704.11  6118.63  1557.93  1315.43  1398.19  458.749  1021.64  1039.09        0        0        0        0        0        0        0        0        0        0        0        0        0        0        0        0        0        0        0 
29  40071.2  7256.38  6465.02  6879.54  2318.84  2076.34   2159.1  1219.66  1782.55     1800        0        0        0        0        0        0        0        0        0        0        0        0        0        0        0        0        0        0        0 
30  40155.2  7340.38  6549.02  6963.54  2402.84  2160.34   2243.1  1303.66  1866.55     1884        0        0        0        0        0        0        0        0        0        0        0        0        0        0        0        0        0        0        0 
31  40245.2  7430.38  6639.02  7053.54  2492.84  2250.34   2333.1  1393.66  1956.55     1974        0        0        0        0        0        0        0        0        0        0        0        0        0        0        0        0        0        0        0 
32  40340.2  7525.38  6734.02  7148.54  2587.84  2345.34   2428.1  1488.66  2051.55     2069        0        0        0        0        0        0        0        0        0        0        0        0        0        0        0        0        0        0        0 
33  40433.2  7618.38  6827.02  7241.54  2680.84  2438.34   2521.1  1581.66  2144.55     2162        0        0        0        0        0        0        0        0        0        0        0        0        0        0        0        0        0        0        0 
34  40530.2  7715.38  6924.02  7338.54  2777.84  2535.34   2618.1  1678.66  2241.55     2259        0        0        0        0        0        0        0        0        0        0        0        0        0        0        0        0        0        0        0 
35  40648.2  7833.38  7042.02  7456.54  2895.84  2653.34   2736.1  1796.66  2359.55     2377        0        0        0        0        0        0        0        0        0        0        0        0        0        0        0        0        0        0        0 
36  40761.7  7946.83  7155.47  7569.99  3009.29  2766.79  2849.55  1910.11     2473        0        0        0        0        0        0        0        0        0        0        0        0        0        0        0        0        0        0        0        0 
37  41428.6  8613.72  7822.36  8236.88  3676.18  3433.68  3516.44     2577        0        0        0        0        0        0        0        0        0        0        0        0        0        0        0        0        0        0        0        0        0 
38  41525.6  8710.72  7919.36  8333.88  3773.18  3530.68  3613.44     2674        0        0        0        0        0        0        0        0        0        0        0        0        0        0        0        0        0        0        0        0        0 
39  40862.1  8047.28  7255.93  7670.44  3109.74  2867.24     2950        0        0        0        0        0        0        0        0        0        0        0        0        0        0        0        0        0        0        0        0        0        0 
40  40948.1  8133.28  7341.93  7756.44  3195.74  2953.24     3036        0        0        0        0        0        0        0        0        0        0        0        0        0        0        0        0        0        0        0        0        0        0 
41  41045.1  8230.28  7438.93  7853.44  3292.74  3050.24     3133        0        0        0        0        0        0        0        0        0        0        0        0        0        0        0        0        0        0        0        0        0        0 
42  41134.1  8319.28  7527.93  7942.44  3381.74  3139.24     3222        0        0        0        0        0        0        0        0        0        0        0        0        0        0        0        0        0        0        0        0        0        0 
43  41328.1  8513.28  7721.93  8136.44  3575.74  3333.24     3416        0        0        0        0        0        0        0        0        0        0        0        0        0        0        0        0        0        0        0        0        0        0 
44  41509.9  8695.04  7903.68   8318.2   3757.5     3515        0        0        0        0        0        0        0        0        0        0        0        0        0        0        0        0        0        0        0        0        0        0        0 
45  41456.4  8641.54  7850.19   8264.7     3704        0        0        0        0        0        0        0        0        0        0        0        0        0        0        0        0        0        0        0        0        0        0        0        0 
46  41552.4  8737.54  7946.19   8360.7     3800        0        0        0        0        0        0        0        0        0        0        0        0        0        0        0        0        0        0        0        0        0        0        0        0 
47  41860.7  9045.84  8254.48     8669        0        0        0        0        0        0        0        0        0        0        0        0        0        0        0        0        0        0        0        0        0        0        0        0        0 
48  42105.7  9290.84  8499.48     8914        0        0        0        0        0        0        0        0        0        0        0        0        0        0        0        0        0        0        0        0        0        0        0        0        0 
49  42375.7  9560.84  8769.48     9184        0        0        0        0        0        0        0        0        0        0        0        0        0        0        0        0        0        0        0        0        0        0        0        0        0 
50  42628.7  9813.84  9022.48     9437        0        0        0        0        0        0        0        0        0        0        0        0        0        0        0        0        0        0        0        0        0        0        0        0        0 
51  43327.7  10512.8  9721.48    10136        0        0        0        0        0        0        0        0        0        0        0        0        0        0        0        0        0        0        0        0        0        0        0        0        0 
52  44032.2  11217.4    10426        0        0        0        0        0        0        0        0        0        0        0        0        0        0        0        0        0        0        0        0        0        0        0        0        0        0 
53  43603.8    10789        0        0        0        0        0        0        0        0        0        0        0        0        0        0        0        0        0        0        0        0        0        0        0        0        0        0        0 
54  43848.2  11033.4        0        0        0        0        0        0        0        0        0        0        0        0        0        0        0        0        0        0        0        0        0        0        0        0        0        0        0 
55    45145        0        0        0        0        0        0        0        0        0        0        0        0        0        0        0        0        0        0        0        0        0        0        0        0        0        0        0        0 
56  46245.6        0        0        0        0        0        0        0        0        0        0        0        0        0        0        0        0        0        0        0        0        0        0        0        0        0        0        0        0 
