Q      1s      2s       2p       2p*      3s      3p        3p*      4s       3d       3d*      4p       4p*      5s       4d       4d*      5p       5p*      6s       4f       4f*      5d       5d*      6p       6p*      7s       5f       5f*      6d       6d*
 0  72138.9  12645.7  10630.9  12073.4  2990.77  2418.55  2736.55  657.652  1929.21  1997.55  475.534  550.532  101.185  285.478  299.579  54.4376  65.9789  7.57246  59.3229  62.0185  9.96193  10.8076        0        0        0        0        0        0        0 
 1  72144.7  12651.5  10636.7  12079.2  2996.56  2424.34  2742.34  663.444  1935.01  2003.35  481.327  556.324  106.977  291.271  305.371    60.23  71.7714  13.3649  65.1153  67.8109  15.7544     16.6        0        0        0        0        0        0        0 
 2  72155.1  12661.9  10647.1  12089.6  3006.96  2434.74  2752.74  673.844  1945.41  2013.75  491.727  566.724  117.377  301.671  315.771    70.63  82.1714  23.7649  75.5153  78.2109  26.1544       27        0        0        0        0        0        0        0 
 3  72167.2    12674  10659.2  12101.7  3019.06  2446.84  2764.84  685.944  1957.51  2025.85  503.827  578.824  129.477  313.771  327.871    82.73  94.2714  35.8649  87.6153  90.3109  38.2544     39.1        0        0        0        0        0        0        0 
 4  72180.8  12687.6  10672.8  12115.3  3032.71  2460.48  2778.49   699.59  1971.15  2039.49  517.473   592.47  143.123  327.416  341.517  96.3756  107.917  49.5105  101.261  103.957     51.9        0        0        0        0        0        0        0        0 
 5  72143.9  12650.7  10635.8  12078.4  2995.75  2423.53  2741.53  662.633  1934.19  2002.54  480.516  555.513  106.166   290.46   304.56  59.4191  70.9604   12.554  64.3044       67        0        0        0        0        0        0        0        0        0 
 6  72159.6  12666.4  10651.6  12094.1  3011.46  2439.24  2757.24  678.343   1949.9  2018.25  496.226  571.223  121.876   306.17   320.27  75.1291  86.6704   28.264  80.0144    82.71        0        0        0        0        0        0        0        0        0 
 7  72221.3  12728.1  10713.2  12155.8  3073.15  2500.93  2818.93  740.033  2011.59  2079.94  557.916  632.913  183.566   367.86   381.96  136.819   148.36   89.954  141.704    144.4        0        0        0        0        0        0        0        0        0 
 8  72241.9  12748.7  10733.8  12176.4  3093.75  2521.53  2839.53  760.633  2032.19  2100.54  578.516  653.513  204.166   388.46   402.56  157.419   168.96  110.554  162.304      165        0        0        0        0        0        0        0        0        0 
 9  72263.9  12770.7  10755.8  12198.4  3115.75  2543.53  2861.53  782.633  2054.19  2122.54  600.516  675.513  226.166   410.46   424.56  179.419   190.96  132.554  184.304      187        0        0        0        0        0        0        0        0        0 
10  72284.9  12791.7  10776.8  12219.4  3136.75  2564.53  2882.53  803.633  2075.19  2143.54  621.516  696.513  247.166   431.46   445.56  200.419   211.96  153.554  205.304      208        0        0        0        0        0        0        0        0        0 
11  72312.9  12819.7  10804.8  12247.4  3164.75  2592.53  2910.53  831.633  2103.19  2171.54  649.516  724.513  275.166   459.46   473.56  228.419   239.96  181.554  233.304      236        0        0        0        0        0        0        0        0        0 
12  72344.9  12851.7  10836.8  12279.4  3196.75  2624.53  2942.53  863.633  2135.19  2203.54  681.516  756.513  307.166   491.46   505.56  260.419   271.96  213.554  265.304      268        0        0        0        0        0        0        0        0        0 
13  72367.9  12874.7  10859.8  12302.4  3219.75  2647.53  2965.53  886.633  2158.19  2226.54  704.516  779.513  330.166   514.46   528.56  283.419   294.96  236.554  288.304      291        0        0        0        0        0        0        0        0        0 
14  72406.9  12913.7  10898.8  12341.4  3258.75  2686.53  3004.53  925.633  2197.19  2265.54  743.516  818.513  369.166   553.46   567.56  322.419   333.96  275.554  327.304      330        0        0        0        0        0        0        0        0        0 
15  72453.9  12960.7  10945.8  12388.4  3305.75  2733.53  3051.53  972.633  2244.19  2312.54  790.516  865.513  416.166   600.46   614.56  369.419   380.96  322.554  374.304      377        0        0        0        0        0        0        0        0        0 
16  72479.9  12986.7  10971.8  12414.4  3331.75  2759.53  3077.53  998.633  2270.19  2338.54  816.516  891.513  442.166   626.46   640.56  395.419   406.96  348.554  400.304      403        0        0        0        0        0        0        0        0        0 
17  72505.9  13012.7  10997.8  12440.4  3357.75  2785.53  3103.53  1024.63  2296.19  2364.54  842.516  917.513  468.166   652.46   666.56  421.419   432.96  374.554  426.304      429        0        0        0        0        0        0        0        0        0 
18  72555.6  13062.3  11047.5  12490.1  3407.45  2835.22  3153.23  1074.33  2345.89  2414.23  892.212  967.209  517.862  702.155  716.256  471.115  482.656   424.25      476        0        0        0        0        0        0        0        0        0        0 
19  72651.3  13158.1  11143.3  12585.8   3503.2  2930.97  3248.98  1170.08  2441.64  2509.98  987.962  1062.96  613.613  797.906  812.006  566.865  578.406      520        0        0        0        0        0        0        0        0        0        0        0 
20  72701.3  13208.1  11193.3  12635.8   3553.2  2980.97  3298.98  1220.08  2491.64  2559.98  1037.96  1112.96  663.613  847.906  862.006  616.865  628.406      570        0        0        0        0        0        0        0        0        0        0        0 
21  72692.9  13199.7  11184.9  12627.4  3544.79  2972.57  3290.57  1211.67  2483.23  2551.58  1029.56  1104.55  655.206  839.499    853.6  608.459      620        0        0        0        0        0        0        0        0        0        0        0        0 
22  72742.9  13249.7  11234.9  12677.4  3594.79  3022.57  3340.57  1261.67  2533.23  2601.58  1079.56  1154.55  705.206  889.499    903.6  658.459      670        0        0        0        0        0        0        0        0        0        0        0        0 
23  72792.9  13299.7  11284.9  12727.4  3644.79  3072.57  3390.57  1311.67  2583.23  2651.58  1129.56  1204.55  755.206  939.499    953.6  708.459      720        0        0        0        0        0        0        0        0        0        0        0        0 
24  72832.9  13339.7  11324.9  12767.4  3684.79  3112.57  3430.57  1351.67  2623.23  2691.58  1169.56  1244.55  795.206  979.499    993.6  748.459      760        0        0        0        0        0        0        0        0        0        0        0        0 
25  72882.9  13389.7  11374.9  12817.4  3734.79  3162.57  3480.57  1401.67  2673.23  2741.58  1219.56  1294.55  845.206   1029.5   1043.6  798.459      810        0        0        0        0        0        0        0        0        0        0        0        0 
26  72944.4  13451.2  11436.4  12878.9  3796.33  3224.11  3542.11  1463.21  2734.78  2803.12   1281.1  1356.09  906.747  1091.04  1105.14      860        0        0        0        0        0        0        0        0        0        0        0        0        0 
27  72749.3  13256.1  11241.3  12683.8  3601.19  3028.97  3346.97  1268.07  2539.63  2607.98  1085.96  1160.95  711.606  895.899      910        0        0        0        0        0        0        0        0        0        0        0        0        0        0 
28  72792.3  13299.1  11284.3  12726.8  3644.19  3071.97  3389.97  1311.07  2582.63  2650.98  1128.96  1203.95  754.606  938.899      953        0        0        0        0        0        0        0        0        0        0        0        0        0        0 
29  73033.3  13540.1  11525.3  12967.8  3885.19  3312.97  3630.97  1552.07  2823.63  2891.98  1369.96  1444.95  995.606   1179.9     1194        0        0        0        0        0        0        0        0        0        0        0        0        0        0 
30  73081.3  13588.1  11573.3  13015.8  3933.19  3360.97  3678.97  1600.07  2871.63  2939.98  1417.96  1492.95  1043.61   1227.9     1242        0        0        0        0        0        0        0        0        0        0        0        0        0        0 
31  73133.3  13640.1  11625.3  13067.8  3985.19  3412.97  3730.97  1652.07  2923.63  2991.98  1469.96  1544.95  1095.61   1279.9     1294        0        0        0        0        0        0        0        0        0        0        0        0        0        0 
32  73188.3  13695.1  11680.3  13122.8  4040.19  3467.97  3785.97  1707.07  2978.63  3046.98  1524.96  1599.95  1150.61   1334.9     1349        0        0        0        0        0        0        0        0        0        0        0        0        0        0 
33  73241.3  13748.1  11733.3  13175.8  4093.19  3520.97  3838.97  1760.07  3031.63  3099.98  1577.96  1652.95  1203.61   1387.9     1402        0        0        0        0        0        0        0        0        0        0        0        0        0        0 
34  73293.3  13800.1  11785.3  13227.8  4145.19  3572.97  3890.97  1812.07  3083.63  3151.98  1629.96  1704.95  1255.61   1439.9     1454        0        0        0        0        0        0        0        0        0        0        0        0        0        0 
35  73369.3  13876.1  11861.3  13303.8  4221.19  3648.97  3966.97  1888.07  3159.63  3227.98  1705.96  1780.95  1331.61   1515.9     1530        0        0        0        0        0        0        0        0        0        0        0        0        0        0 
36  73436.4  13943.2  11928.4  13370.9  4288.29  3716.07  4034.07  1955.17  3226.74  3295.08  1773.06  1848.05  1398.71     1583        0        0        0        0        0        0        0        0        0        0        0        0        0        0        0 
37  73678.7  14185.5  12170.7  13613.2  4530.59  3958.36  4276.36  2197.47  3469.03  3537.37  2015.35  2090.35     1641        0        0        0        0        0        0        0        0        0        0        0        0        0        0        0        0 
38  73733.7  14240.5  12225.7  13668.2  4585.59  4013.36  4331.36  2252.47  3524.03  3592.37  2070.35  2145.35     1696        0        0        0        0        0        0        0        0        0        0        0        0        0        0        0        0 
39  73500.3  14007.1  11992.3  13434.8  4352.24  3780.01  4098.02  2019.12  3290.68  3359.02     1837     1912        0        0        0        0        0        0        0        0        0        0        0        0        0        0        0        0        0 
40  73554.3  14061.1  12046.3  13488.8  4406.24  3834.01  4152.02  2073.12  3344.68  3413.02     1891     1966        0        0        0        0        0        0        0        0        0        0        0        0        0        0        0        0        0 
41  73613.3  14120.1  12105.3  13547.8  4465.24  3893.01  4211.02  2132.12  3403.68  3472.02     1950     2025        0        0        0        0        0        0        0        0        0        0        0        0        0        0        0        0        0 
42  73668.3  14175.1  12160.3  13602.8  4520.24  3948.01  4266.02  2187.12  3458.68  3527.02     2005     2080        0        0        0        0        0        0        0        0        0        0        0        0        0        0        0        0        0 
43  73828.3  14335.1  12320.3  13762.8  4680.24  4108.01  4426.02  2347.12  3618.68  3687.02     2165     2240        0        0        0        0        0        0        0        0        0        0        0        0        0        0        0        0        0 
44  73965.3  14472.1  12457.3  13899.8  4817.24  4245.01  4563.01  2484.12  3755.68  3824.02     2302        0        0        0        0        0        0        0        0        0        0        0        0        0        0        0        0        0        0 
45  72591.3  13098.1  11083.3  12525.8  3443.22  2870.99  3188.99   1110.1  2381.66     2450        0        0        0        0        0        0        0        0        0        0        0        0        0        0        0        0        0        0        0 
46  72655.8  13162.6  11147.8  12590.3  3507.72  2935.49  3253.49   1174.6  2446.16   2514.5        0        0        0        0        0        0        0        0        0        0        0        0        0        0        0        0        0        0        0 
47  74355.3  14862.1  12847.3  14289.8  5207.22  4634.99  4952.99   2874.1  4145.66     4214        0        0        0        0        0        0        0        0        0        0        0        0        0        0        0        0        0        0        0 
48  74476.3  14983.1  12968.3  14410.8  5328.22  4755.99  5073.99   2995.1  4266.66     4335        0        0        0        0        0        0        0        0        0        0        0        0        0        0        0        0        0        0        0 
49  74609.3  15116.1  13101.3  14543.8  5461.22  4888.99  5206.99   3128.1  4399.66     4468        0        0        0        0        0        0        0        0        0        0        0        0        0        0        0        0        0        0        0 
50  74750.3  15257.1  13242.3  14684.8  5602.22  5029.99  5347.99   3269.1  4540.66     4609        0        0        0        0        0        0        0        0        0        0        0        0        0        0        0        0        0        0        0 
51  74886.3  15393.1  13378.3  14820.8  5738.22  5165.99  5483.99   3405.1  4676.66     4745        0        0        0        0        0        0        0        0        0        0        0        0        0        0        0        0        0        0        0 
52  75018.3  15525.1  13510.3  14952.8  5870.22  5297.99  5615.99   3537.1  4808.66     4877        0        0        0        0        0        0        0        0        0        0        0        0        0        0        0        0        0        0        0 
53  75240.3  15747.1  13732.3  15174.8  6092.22  5519.99  5837.99   3759.1  5030.66     5099        0        0        0        0        0        0        0        0        0        0        0        0        0        0        0        0        0        0        0 
54  75445.7  15952.5  13937.6  15380.2  6297.56  5725.33  6043.34  3964.44     5236        0        0        0        0        0        0        0        0        0        0        0        0        0        0        0        0        0        0        0        0 
55  76869.2    17376  15361.2  16803.7  7721.12  7148.89   7466.9     5388        0        0        0        0        0        0        0        0        0        0        0        0        0        0        0        0        0        0        0        0        0 
56  77009.2    17516  15501.2  16943.7  7861.12  7288.89   7606.9     5528        0        0        0        0        0        0        0        0        0        0        0        0        0        0        0        0        0        0        0        0        0 
57  75321.3  15828.1  13813.3  15255.8  6173.22     5601     5919        0        0        0        0        0        0        0        0        0        0        0        0        0        0        0        0        0        0        0        0        0        0 
58  75444.3  15951.1  13936.3  15378.8  6296.22     5724     6042        0        0        0        0        0        0        0        0        0        0        0        0        0        0        0        0        0        0        0        0        0        0 
59  75578.3  16085.1  14070.3  15512.8  6430.22     5858     6176        0        0        0        0        0        0        0        0        0        0        0        0        0        0        0        0        0        0        0        0        0        0 
60  75702.3  16209.1  14194.3  15636.8  6554.22     5982     6300        0        0        0        0        0        0        0        0        0        0        0        0        0        0        0        0        0        0        0        0        0        0 
61  76212.3  16719.1  14704.3  16146.8  7064.22     6492     6810        0        0        0        0        0        0        0        0        0        0        0        0        0        0        0        0        0        0        0        0        0        0 
62  76672.3  17179.1  15164.3  16606.8  7524.23     6952        0        0        0        0        0        0        0        0        0        0        0        0        0        0        0        0        0        0        0        0        0        0        0 
63  76378.1  16884.9  14870.1  16312.6     7230        0        0        0        0        0        0        0        0        0        0        0        0        0        0        0        0        0        0        0        0        0        0        0        0 
64  76514.1  17020.9  15006.1  16448.6     7366        0        0        0        0        0        0        0        0        0        0        0        0        0        0        0        0        0        0        0        0        0        0        0        0 
65  76145.5  16652.3  14637.5    16080        0        0        0        0        0        0        0        0        0        0        0        0        0        0        0        0        0        0        0        0        0        0        0        0        0 
66  76475.5  16982.3  14967.5    16410        0        0        0        0        0        0        0        0        0        0        0        0        0        0        0        0        0        0        0        0        0        0        0        0        0 
67  76845.5  17352.3  15337.5    16780        0        0        0        0        0        0        0        0        0        0        0        0        0        0        0        0        0        0        0        0        0        0        0        0        0 
68  77185.5  17692.3  15677.5    17120        0        0        0        0        0        0        0        0        0        0        0        0        0        0        0        0        0        0        0        0        0        0        0        0        0 
69  79065.5  19572.3  17557.5    19000        0        0        0        0        0        0        0        0        0        0        0        0        0        0        0        0        0        0        0        0        0        0        0        0        0 
70    80928  21434.8    19420        0        0        0        0        0        0        0        0        0        0        0        0        0        0        0        0        0        0        0        0        0        0        0        0        0        0 
71  79443.2    19950        0        0        0        0        0        0        0        0        0        0        0        0        0        0        0        0        0        0        0        0        0        0        0        0        0        0        0 
72  79790.6  20297.4        0        0        0        0        0        0        0        0        0        0        0        0        0        0        0        0        0        0        0        0        0        0        0        0        0        0        0 
73  81556.9        0        0        0        0        0        0        0        0        0        0        0        0        0        0        0        0        0        0        0        0        0        0        0        0        0        0        0        0 
74  83162.3        0        0        0        0        0        0        0        0        0        0        0        0        0        0        0        0        0        0        0        0        0        0        0        0        0        0        0        0 
