Q      1s      2s       2p       2p*      3s      3p        3p*      4s       3d       3d*      4p       4p*      5s       4d       4d*      5p       5p*      6s       4f       4f*      5d       5d*      6p       6p*      7s       5f       5f*      6d       6d*
 0  67840.7    11790  9969.32  11242.2  2761.34  2240.45  2518.85  591.849  1776.75  1836.77  428.751  493.489  87.1838  250.369  262.499  45.6871  54.9341  6.91194  39.4095  41.5863  7.64029  8.12173        0        0        0        0        0        0        0 
 1  67848.7  11798.1  9977.39  11250.2  2769.42  2248.53  2526.92  599.928  1784.83  1844.85   436.83  501.567   95.262  258.448  270.578  53.7654  63.0124  14.9902  47.4877  49.6646  15.7186     16.2        0        0        0        0        0        0        0 
 2  67856.1  11805.5  9984.78  11257.6   2776.8  2255.91   2534.3  607.309  1792.21  1852.23  444.211  508.948  102.643  265.829  277.959  61.1468  70.3938  22.3716  54.8692   57.046     23.1        0        0        0        0        0        0        0        0 
 3  67834.1  11783.4  9962.73  11235.6  2754.75  2233.87  2512.26  585.263  1770.16  1830.19  422.165  486.902  80.5974  243.783  255.913  39.1008  48.3478 0.325619  32.8231       35        0        0        0        0        0        0        0        0        0 
 4  67847.3  11796.7     9976  11248.9  2768.02  2247.14  2525.53  598.535  1783.43  1843.46  435.437  500.174  93.8694  257.055  269.185  52.3728  61.6198  13.5976  46.0951   48.272        0        0        0        0        0        0        0        0        0 
 5  67893.1  11842.5  10021.7  11294.6  2813.76  2292.88  2571.27  644.273  1829.17   1889.2  481.175  545.912  139.607  302.793  314.923  98.1108  107.358  59.3356  91.8331    94.01        0        0        0        0        0        0        0        0        0 
 6  67918.1  11867.4  10046.7  11319.6  2838.75  2317.87  2596.26  669.263  1854.16  1914.19  506.165  570.902  164.597  327.783  339.913  123.101  132.348  84.3256  116.823      119        0        0        0        0        0        0        0        0        0 
 7  67938.1  11887.4  10066.7  11339.6  2858.75  2337.87  2616.26  689.263  1874.16  1934.19  526.165  590.902  184.597  347.783  359.913  143.101  152.348  104.326  136.823      139        0        0        0        0        0        0        0        0        0 
 8  67958.1  11907.4  10086.7  11359.6  2878.75  2357.87  2636.26  709.263  1894.16  1954.19  546.165  610.902  204.597  367.783  379.913  163.101  172.348  124.326  156.823      159        0        0        0        0        0        0        0        0        0 
 9  67979.1  11928.4  10107.7  11380.6  2899.75  2378.87  2657.26  730.263  1915.16  1975.19  567.165  631.902  225.597  388.783  400.913  184.101  193.348  145.326  177.823      180        0        0        0        0        0        0        0        0        0 
10  68012.1  11961.4  10140.7  11413.6  2932.75  2411.87  2690.26  763.263  1948.16  2008.19  600.165  664.902  258.597  421.783  433.913  217.101  226.348  178.326  210.823      213        0        0        0        0        0        0        0        0        0 
11  68034.1  11983.4  10162.7  11435.6  2954.75  2433.87  2712.26  785.263  1970.16  2030.19  622.165  686.902  280.597  443.783  455.913  239.101  248.348  200.326  232.823      235        0        0        0        0        0        0        0        0        0 
12  68061.1  12010.4  10189.7  11462.6  2981.75  2460.87  2739.26  812.263  1997.16  2057.19  649.165  713.902  307.597  470.783  482.913  266.101  275.348  227.326  259.823      262        0        0        0        0        0        0        0        0        0 
13  68103.1  12052.4  10231.7  11504.6  3023.75  2502.87  2781.26  854.263  2039.16  2099.19  691.165  755.902  349.597  512.783  524.913  308.101  317.348  269.326  301.823      304        0        0        0        0        0        0        0        0        0 
14  68137.1  12086.4  10265.7  11538.6  3057.75  2536.87  2815.26  888.263  2073.16  2133.19  725.165  789.902  383.597  546.783  558.913  342.101  351.348  303.326  335.823      338        0        0        0        0        0        0        0        0        0 
15  68162.1  12111.4  10290.7  11563.6  3082.75  2561.87  2840.26  913.263  2098.16  2158.19  750.165  814.902  408.597  571.783  583.913  367.101  376.348  328.326  360.823      363        0        0        0        0        0        0        0        0        0 
16  68197.2  12146.6  10325.9  11598.8  3117.93  2597.05  2875.44   948.44  2133.34  2193.36  785.342  850.079  443.774   606.96   619.09  402.278  411.525  363.502      396        0        0        0        0        0        0        0        0        0        0 
17  68272.7  12222.1  10401.4  11674.3  3193.43  2672.54  2950.93  1023.94  2208.84  2268.86  860.839  925.577  519.272  682.457  694.587  477.775  487.022      439        0        0        0        0        0        0        0        0        0        0        0 
18  68315.7  12265.1  10444.4  11717.3  3236.43  2715.54  2993.93  1066.94  2251.84  2311.86  903.839  968.577  562.272  725.457  737.587  520.775  530.022      482        0        0        0        0        0        0        0        0        0        0        0 
19  68315.7  12265.1  10444.4  11717.2   3236.4  2715.52  2993.91  1066.92  2251.82  2311.84  903.817  968.554   562.25  725.435  737.565  520.753      530        0        0        0        0        0        0        0        0        0        0        0        0 
20  68355.7  12305.1  10484.4  11757.2   3276.4  2755.52  3033.91  1106.92  2291.82  2351.84  943.817  1008.55   602.25  765.435  777.565  560.753      570        0        0        0        0        0        0        0        0        0        0        0        0 
21  68395.7  12345.1  10524.4  11797.2   3316.4  2795.52  3073.91  1146.92  2331.82  2391.84  983.817  1048.55   642.25  805.435  817.565  600.753      610        0        0        0        0        0        0        0        0        0        0        0        0 
22  68445.7  12395.1  10574.4  11847.2   3366.4  2845.52  3123.91  1196.92  2381.82  2441.84  1033.82  1098.55   692.25  855.435  867.565  650.753      660        0        0        0        0        0        0        0        0        0        0        0        0 
23  68485.7  12435.1  10614.4  11887.2   3406.4  2885.52  3163.91  1236.92  2421.82  2481.84  1073.82  1138.55   732.25  895.435  907.565  690.753      700        0        0        0        0        0        0        0        0        0        0        0        0 
24    68545  12494.3  10673.6  11946.5  3465.65  2944.77  3223.16  1296.16  2481.06  2541.08  1133.06   1197.8  791.497  954.682  966.812      750        0        0        0        0        0        0        0        0        0        0        0        0        0 
25  68368.2  12317.5  10496.8  11769.7  3288.84  2767.96  3046.35  1119.35  2304.25  2364.27  956.252  1020.99  614.684   777.87      790        0        0        0        0        0        0        0        0        0        0        0        0        0        0 
26  68410.2  12359.5  10538.8  11811.7  3330.84  2809.96  3088.35  1161.35  2346.25  2406.27  998.252  1062.99  656.684   819.87      832        0        0        0        0        0        0        0        0        0        0        0        0        0        0 
27  68642.2  12591.5  10770.8  12043.7  3562.84  3041.96  3320.35  1393.35  2578.25  2638.27  1230.25  1294.99  888.684  1051.87     1064        0        0        0        0        0        0        0        0        0        0        0        0        0        0 
28  68688.2  12637.5  10816.8  12089.7  3608.84  3087.96  3366.35  1439.35  2624.25  2684.27  1276.25  1340.99  934.684  1097.87     1110        0        0        0        0        0        0        0        0        0        0        0        0        0        0 
29  68738.2  12687.5  10866.8  12139.7  3658.84  3137.96  3416.35  1489.35  2674.25  2734.27  1326.25  1390.99  984.684  1147.87     1160        0        0        0        0        0        0        0        0        0        0        0        0        0        0 
30  68789.2  12738.5  10917.8  12190.7  3709.84  3188.96  3467.35  1540.35  2725.25  2785.27  1377.25  1441.99  1035.68  1198.87     1211        0        0        0        0        0        0        0        0        0        0        0        0        0        0 
31  68840.2  12789.5  10968.8  12241.7  3760.84  3239.96  3518.35  1591.35  2776.25  2836.27  1428.25  1492.99  1086.68  1249.87     1262        0        0        0        0        0        0        0        0        0        0        0        0        0        0 
32  68891.2  12840.5  11019.8  12292.7  3811.84  3290.96  3569.35  1642.35  2827.25  2887.27  1479.25  1543.99  1137.68  1300.87     1313        0        0        0        0        0        0        0        0        0        0        0        0        0        0 
33  68960.2  12909.5  11088.8  12361.7  3880.84  3359.96  3638.35  1711.35  2896.25  2956.27  1548.25  1612.99  1206.68  1369.87     1382        0        0        0        0        0        0        0        0        0        0        0        0        0        0 
34  69024.3  12973.7  11152.9  12425.8  3944.97  3424.09  3702.48  1775.48  2960.38   3020.4  1612.38  1677.12  1270.81     1434        0        0        0        0        0        0        0        0        0        0        0        0        0        0        0 
35  69243.5  13192.9  11372.1    12645  4164.15  3643.27  3921.66  1994.67  3179.57  3239.59  1831.57   1896.3     1490        0        0        0        0        0        0        0        0        0        0        0        0        0        0        0        0 
36  69295.5  13244.9  11424.1    12697  4216.15  3695.27  3973.66  2046.67  3231.57  3291.59  1883.57   1948.3     1542        0        0        0        0        0        0        0        0        0        0        0        0        0        0        0        0 
37  69095.2  13044.5  11223.8  12496.7  4015.85  3494.97  3773.36  1846.36  3031.26  3091.28  1683.26     1748        0        0        0        0        0        0        0        0        0        0        0        0        0        0        0        0        0 
38  69146.2  13095.5  11274.8  12547.7  4066.85  3545.97  3824.36  1897.36  3082.26  3142.28  1734.26     1799        0        0        0        0        0        0        0        0        0        0        0        0        0        0        0        0        0 
39  69204.2  13153.5  11332.8  12605.7  4124.85  3603.97  3882.36  1955.36  3140.26  3200.28  1792.26     1857        0        0        0        0        0        0        0        0        0        0        0        0        0        0        0        0        0 
40  69257.2  13206.5  11385.8  12658.7  4177.85  3656.97  3935.36  2008.36  3193.26  3253.28  1845.26     1910        0        0        0        0        0        0        0        0        0        0        0        0        0        0        0        0        0 
41  69400.2  13349.5  11528.8  12801.7  4320.85  3799.97  4078.36  2151.36  3336.26  3396.28  1988.26     2053        0        0        0        0        0        0        0        0        0        0        0        0        0        0        0        0        0 
42  69524.9  13474.3  11653.6  12926.4  4445.59   3924.7  4203.09   2276.1     3461  3521.02     2113        0        0        0        0        0        0        0        0        0        0        0        0        0        0        0        0        0        0 
43  68257.9  12207.3  10386.5  11659.4  3178.57  2657.68  2936.07  1009.08  2193.98     2254        0        0        0        0        0        0        0        0        0        0        0        0        0        0        0        0        0        0        0 
44  68318.6    12268  10447.2  11720.1  3239.27  2718.38  2996.77  1069.78  2254.68   2314.7        0        0        0        0        0        0        0        0        0        0        0        0        0        0        0        0        0        0        0 
45  69902.6    13852  12031.2  13304.1  4823.27  4302.38  4580.77  2653.78  3838.68   3898.7        0        0        0        0        0        0        0        0        0        0        0        0        0        0        0        0        0        0        0 
46  70017.9  13967.3  12146.5  13419.4  4938.57  4417.68  4696.07  2769.08  3953.98     4014        0        0        0        0        0        0        0        0        0        0        0        0        0        0        0        0        0        0        0 
47  70146.9  14096.3  12275.5  13548.4  5067.57  4546.68  4825.07  2898.08  4082.98     4143        0        0        0        0        0        0        0        0        0        0        0        0        0        0        0        0        0        0        0 
48  70281.9  14231.3  12410.5  13683.4  5202.57  4681.68  4960.07  3033.08  4217.98     4278        0        0        0        0        0        0        0        0        0        0        0        0        0        0        0        0        0        0        0 
49  70413.9  14363.3  12542.5  13815.4  5334.57  4813.68  5092.07  3165.08  4349.98     4410        0        0        0        0        0        0        0        0        0        0        0        0        0        0        0        0        0        0        0 
50  70540.9  14490.3  12669.5  13942.4  5461.57  4940.68  5219.07  3292.08  4476.98     4537        0        0        0        0        0        0        0        0        0        0        0        0        0        0        0        0        0        0        0 
51  70748.9  14698.3  12877.5  14150.4  5669.57  5148.68  5427.07  3500.08  4684.98     4745        0        0        0        0        0        0        0        0        0        0        0        0        0        0        0        0        0        0        0 
52  70940.9  14890.3  13069.6  14342.4  5861.59  5340.71   5619.1   3692.1     4877        0        0        0        0        0        0        0        0        0        0        0        0        0        0        0        0        0        0        0        0 
53  72272.8  16222.2  14401.5  15674.3  7193.49  6672.61     6951     5024        0        0        0        0        0        0        0        0        0        0        0        0        0        0        0        0        0        0        0        0        0 
54  72407.8  16357.2  14536.5  15809.3  7328.49  6807.61     7086     5159        0        0        0        0        0        0        0        0        0        0        0        0        0        0        0        0        0        0        0        0        0 
55  70858.8  14808.2  12987.5  14260.3  5779.49  5258.61     5537        0        0        0        0        0        0        0        0        0        0        0        0        0        0        0        0        0        0        0        0        0        0 
56  70976.8  14926.2  13105.5  14378.3  5897.49  5376.61     5655        0        0        0        0        0        0        0        0        0        0        0        0        0        0        0        0        0        0        0        0        0        0 
57  71106.8  15056.2  13235.5  14508.3  6027.49  5506.61     5785        0        0        0        0        0        0        0        0        0        0        0        0        0        0        0        0        0        0        0        0        0        0 
58  71228.8  15178.2  13357.5  14630.3  6149.49  5628.61     5907        0        0        0        0        0        0        0        0        0        0        0        0        0        0        0        0        0        0        0        0        0        0 
59  71685.8  15635.2  13814.5  15087.3  6606.49  6085.61     6364        0        0        0        0        0        0        0        0        0        0        0        0        0        0        0        0        0        0        0        0        0        0 
60  72102.2  16051.6  14230.9  15503.7  7022.88     6502        0        0        0        0        0        0        0        0        0        0        0        0        0        0        0        0        0        0        0        0        0        0        0 
61  71848.3  15797.7    13977  15249.8     6769        0        0        0        0        0        0        0        0        0        0        0        0        0        0        0        0        0        0        0        0        0        0        0        0 
62  71979.3  15928.7    14108  15380.8     6900        0        0        0        0        0        0        0        0        0        0        0        0        0        0        0        0        0        0        0        0        0        0        0        0 
63  71735.5  15684.9  13864.1    15137        0        0        0        0        0        0        0        0        0        0        0        0        0        0        0        0        0        0        0        0        0        0        0        0        0 
64  72059.5  16008.9  14188.1    15461        0        0        0        0        0        0        0        0        0        0        0        0        0        0        0        0        0        0        0        0        0        0        0        0        0 
65  72418.5  16367.9  14547.1    15820        0        0        0        0        0        0        0        0        0        0        0        0        0        0        0        0        0        0        0        0        0        0        0        0        0 
66  72748.5  16697.9  14877.1    16150        0        0        0        0        0        0        0        0        0        0        0        0        0        0        0        0        0        0        0        0        0        0        0        0        0 
67  74438.5  18387.9  16567.1    17840        0        0        0        0        0        0        0        0        0        0        0        0        0        0        0        0        0        0        0        0        0        0        0        0        0 
68  76121.3  20070.7    18250        0        0        0        0        0        0        0        0        0        0        0        0        0        0        0        0        0        0        0        0        0        0        0        0        0        0 
69  74810.6    18760        0        0        0        0        0        0        0        0        0        0        0        0        0        0        0        0        0        0        0        0        0        0        0        0        0        0        0 
70  75139.1  19088.5        0        0        0        0        0        0        0        0        0        0        0        0        0        0        0        0        0        0        0        0        0        0        0        0        0        0        0 
71    76852        0        0        0        0        0        0        0        0        0        0        0        0        0        0        0        0        0        0        0        0        0        0        0        0        0        0        0        0 
72  78394.7        0        0        0        0        0        0        0        0        0        0        0        0        0        0        0        0        0        0        0        0        0        0        0        0        0        0        0        0 
