Q      1s      2s       2p       2p*      3s      3p        3p*      4s       3d       3d*      4p       4p*      5s       4d       4d*      5p       5p*      6s       4f       4f*      5d       5d*      6p       6p*      7s       5f       5f*      6d       6d*
 0  76610.1  13543.5  11315.5    12946  3233.27  2604.82  2966.98  725.006  2088.72  2166.22  524.977   611.64  115.746  322.746  339.089  63.3926  77.5899  8.14631  81.1704  84.4733  12.2293  13.5032        0        0        0        0        0        0        0 
 1  76613.6    13547    11319  12949.5  3236.76  2608.31  2970.48  728.503  2092.21  2169.72  528.474  615.136  119.243  326.242  342.585  66.8894  81.0867  11.6431  84.6672    87.97  15.7261       17        0        0        0        0        0        0        0 
 2  76624.6    13558    11330  12960.5  3247.76  2619.31  2981.48  739.503  2103.21  2180.72  539.474  626.136  130.243  337.242  353.585  77.8894  92.0867  22.6431  95.6672    98.97  26.7261       28        0        0        0        0        0        0        0 
 3  76636.6    13570    11342  12972.5  3259.76  2631.31  2993.48  751.503  2115.21  2192.72  551.474  638.136  142.243  349.242  365.585  89.8894  104.087  34.6431  107.667   110.97  38.7261       40        0        0        0        0        0        0        0 
 4  76653.6    13587    11359  12989.5  3276.76  2648.31  3010.48  768.503  2132.21  2209.72  568.474  655.136  159.243  366.242  382.585  106.889  121.087  51.6431  124.667   127.97  55.7261       57        0        0        0        0        0        0        0 
 5  76668.6    13602    11374  13004.5  3291.76  2663.31  3025.48  783.503  2147.21  2224.72  583.474  670.136  174.243  381.242  397.585  121.889  136.087  66.6431  139.667   142.97  70.7261       72        0        0        0        0        0        0        0 
 6  76686.9  13620.3  11392.2  13022.8  3310.04  2681.59  3043.75  801.777  2165.49  2242.99  601.748   688.41  192.517  399.516  415.859  140.163  154.361   84.917  157.941  161.244       89        0        0        0        0        0        0        0        0 
 7  76630.6    13564    11336  12966.6  3253.79  2625.34  2987.51  745.533  2109.24  2186.75  545.504  632.166  136.273  343.272  359.615  83.9194  98.1167  28.6731  101.697      105        0        0        0        0        0        0        0        0        0 
 8  76648.3  13581.7  11353.7  12984.3  3271.49  2643.04  3005.21  763.233  2126.94  2204.45  563.204  649.866  153.973  360.972  377.315  101.619  115.817  46.3731  119.397    122.7        0        0        0        0        0        0        0        0        0 
 9  76720.4  13653.8  11425.8  13056.4  3343.59  2715.14  3077.31  835.333  2199.04  2276.55  635.304  721.966  226.073  433.072  449.415  173.719  187.917  118.473  191.497    194.8        0        0        0        0        0        0        0        0        0 
10  76742.6    13676    11448  13078.6  3365.79  2737.34  3099.51  857.533  2221.24  2298.75  657.504  744.166  248.273  455.272  471.615  195.919  210.117  140.673  213.697      217        0        0        0        0        0        0        0        0        0 
11  76765.6    13699    11471  13101.6  3388.79  2760.34  3122.51  880.533  2244.24  2321.75  680.504  767.166  271.273  478.272  494.615  218.919  233.117  163.673  236.697      240        0        0        0        0        0        0        0        0        0 
12  76789.6    13723    11495  13125.6  3412.79  2784.34  3146.51  904.533  2268.24  2345.75  704.504  791.166  295.273  502.272  518.615  242.919  257.117  187.673  260.697      264        0        0        0        0        0        0        0        0        0 
13  76828.6    13762    11534  13164.6  3451.79  2823.34  3185.51  943.533  2307.24  2384.75  743.504  830.166  334.273  541.272  557.615  281.919  296.117  226.673  299.697      303        0        0        0        0        0        0        0        0        0 
14  76854.6    13788    11560  13190.6  3477.79  2849.34  3211.51  969.533  2333.24  2410.75  769.504  856.166  360.273  567.272  583.615  307.919  322.117  252.673  325.697      329        0        0        0        0        0        0        0        0        0 
15  76881.6    13815    11587  13217.6  3504.79  2876.34  3238.51  996.533  2360.24  2437.75  796.504  883.166  387.273  594.272  610.615  334.919  349.117  279.673  352.697      356        0        0        0        0        0        0        0        0        0 
16  76932.6    13866    11638  13268.6  3555.79  2927.34  3289.51  1047.53  2411.24  2488.75  847.504  934.166  438.273  645.272  661.615  385.919  400.117  330.673  403.697      407        0        0        0        0        0        0        0        0        0 
17  76970.6    13904    11676  13306.6  3593.79  2965.34  3327.51  1085.53  2449.24  2526.75  885.504  972.166  476.273  683.272  699.615  423.919  438.117  368.673  441.697      445        0        0        0        0        0        0        0        0        0 
18  76997.6    13931    11703  13333.6  3620.79  2992.34  3354.51  1112.53  2476.24  2553.75  912.504  999.166  503.273  710.272  726.615  450.919  465.117  395.673  468.697      472        0        0        0        0        0        0        0        0        0 
19  77035.6    13969    11741  13371.6  3658.79  3030.34  3392.51  1150.53  2514.24  2591.75  950.504  1037.17  541.273  748.272  764.615  488.919  503.117  433.673  506.697      510        0        0        0        0        0        0        0        0        0 
20  77088.9  14022.3  11794.3  13424.9  3712.09  3083.64  3445.81  1203.84  2567.55  2645.05  1003.81  1090.47  594.575  801.575  817.918  542.222  556.419  486.976      560        0        0        0        0        0        0        0        0        0        0 
21  77211.9  14145.4  11917.3  13547.9  3835.12  3206.67  3568.83  1326.86  2690.57  2768.08  1126.83  1213.49    717.6  924.599  940.942  665.246  679.444      610        0        0        0        0        0        0        0        0        0        0        0 
22  77271.9  14205.4  11977.3  13607.9  3895.12  3266.67  3628.83  1386.86  2750.57  2828.08  1186.83  1273.49    777.6  984.599  1000.94  725.246  739.444      670        0        0        0        0        0        0        0        0        0        0        0 
23  77252.5  14185.9  11957.9  13588.4  3875.68  3247.23  3609.39  1367.42  2731.13  2808.63  1167.39  1254.05  758.156  965.156  981.499  705.803      720        0        0        0        0        0        0        0        0        0        0        0        0 
24  77302.5  14235.9  12007.9  13638.4  3925.68  3297.23  3659.39  1417.42  2781.13  2858.63  1217.39  1304.05  808.156  1015.16   1031.5  755.803      770        0        0        0        0        0        0        0        0        0        0        0        0 
25  77352.5  14285.9  12057.9  13688.4  3975.68  3347.23  3709.39  1467.42  2831.13  2908.63  1267.39  1354.05  858.156  1065.16   1081.5  805.803      820        0        0        0        0        0        0        0        0        0        0        0        0 
26  77402.5  14335.9  12107.9  13738.4  4025.68  3397.23  3759.39  1517.42  2881.13  2958.63  1317.39  1404.05  908.156  1115.16   1131.5  855.803      870        0        0        0        0        0        0        0        0        0        0        0        0 
27  77452.5  14385.9  12157.9  13788.4  4075.68  3447.23  3809.39  1567.42  2931.13  3008.63  1367.39  1454.05  958.156  1165.16   1181.5  905.803      920        0        0        0        0        0        0        0        0        0        0        0        0 
28  77526.7  14460.1  12232.1  13862.6  4149.87  3521.42  3883.59  1641.61  3005.32  3082.83  1441.58  1528.25  1032.35  1239.35   1255.7      980        0        0        0        0        0        0        0        0        0        0        0        0        0 
29    77301  14234.4  12006.4  13636.9  3924.18  3295.73  3657.89  1415.92  2779.63  2857.13  1215.89  1302.55  806.657  1013.66     1030        0        0        0        0        0        0        0        0        0        0        0        0        0        0 
30    77351  14284.4  12056.4  13686.9  3974.18  3345.73  3707.89  1465.92  2829.63  2907.13  1265.89  1352.55  856.657  1063.66     1080        0        0        0        0        0        0        0        0        0        0        0        0        0        0 
31    77602  14535.4  12307.4  13937.9  4225.18  3596.73  3958.89  1716.92  3080.63  3158.13  1516.89  1603.55  1107.66  1314.66     1331        0        0        0        0        0        0        0        0        0        0        0        0        0        0 
32    77652  14585.4  12357.4  13987.9  4275.18  3646.73  4008.89  1766.92  3130.63  3208.13  1566.89  1653.55  1157.66  1364.66     1381        0        0        0        0        0        0        0        0        0        0        0        0        0        0 
33    77707  14640.4  12412.4  14042.9  4330.18  3701.73  4063.89  1821.92  3185.63  3263.13  1621.89  1708.55  1212.66  1419.66     1436        0        0        0        0        0        0        0        0        0        0        0        0        0        0 
34    77764  14697.4  12469.4  14099.9  4387.18  3758.73  4120.89  1878.92  3242.63  3320.13  1678.89  1765.55  1269.66  1476.66     1493        0        0        0        0        0        0        0        0        0        0        0        0        0        0 
35    77819  14752.4  12524.4  14154.9  4442.18  3813.73  4175.89  1933.92  3297.63  3375.13  1733.89  1820.55  1324.66  1531.66     1548        0        0        0        0        0        0        0        0        0        0        0        0        0        0 
36    77874  14807.4  12579.4  14209.9  4497.18  3868.73  4230.89  1988.92  3352.63  3430.13  1788.89  1875.55  1379.66  1586.66     1603        0        0        0        0        0        0        0        0        0        0        0        0        0        0 
37    77955  14888.4  12660.4  14290.9  4578.18  3949.73  4311.89  2069.92  3433.63  3511.13  1869.89  1956.55  1460.66  1667.66     1684        0        0        0        0        0        0        0        0        0        0        0        0        0        0 
38  78026.3  14959.8  12731.7  14362.3  4649.52  4021.07  4383.23  2141.26  3504.97  3582.48  1941.23  2027.89     1532     1739        0        0        0        0        0        0        0        0        0        0        0        0        0        0        0 
39  78295.3  15228.8  13000.7  14631.3  4918.52  4290.07  4652.23  2410.26  3773.97  3851.48  2210.23  2296.89     1801        0        0        0        0        0        0        0        0        0        0        0        0        0        0        0        0 
40  78351.3  15284.8  13056.7  14687.3  4974.52  4346.07  4708.23  2466.26  3829.97  3907.48  2266.23  2352.89     1857        0        0        0        0        0        0        0        0        0        0        0        0        0        0        0        0 
41  78081.5  15014.9  12786.8  14417.4  4704.63  4076.18  4438.34  2196.37  3560.08  3637.58  1996.34     2083        0        0        0        0        0        0        0        0        0        0        0        0        0        0        0        0        0 
42  78137.5  15070.9  12842.8  14473.4  4760.63  4132.18  4494.34  2252.37  3616.08  3693.58  2052.34     2139        0        0        0        0        0        0        0        0        0        0        0        0        0        0        0        0        0 
43  78199.5  15132.9  12904.8  14535.4  4822.63  4194.18  4556.34  2314.37  3678.08  3755.58  2114.34     2201        0        0        0        0        0        0        0        0        0        0        0        0        0        0        0        0        0 
44  78256.5  15189.9  12961.8  14592.4  4879.63  4251.18  4613.34  2371.37  3735.08  3812.58  2171.34     2258        0        0        0        0        0        0        0        0        0        0        0        0        0        0        0        0        0 
45  78433.5  15366.9  13138.8  14769.4  5056.63  4428.18  4790.34  2548.37  3912.08  3989.58  2348.34     2435        0        0        0        0        0        0        0        0        0        0        0        0        0        0        0        0        0 
46  78585.1  15518.5  13290.5  14921.1  5208.29  4579.84     4942  2700.03  4063.74  4141.24     2500        0        0        0        0        0        0        0        0        0        0        0        0        0        0        0        0        0        0 
47  77099.9  14033.3  11805.2  13435.8  3723.04  3094.59  3456.76  1214.78  2578.49     2656        0        0        0        0        0        0        0        0        0        0        0        0        0        0        0        0        0        0        0 
48  77164.3  14097.7  11869.6  13500.2  3787.44  3158.99  3521.16  1279.18  2642.89   2720.4        0        0        0        0        0        0        0        0        0        0        0        0        0        0        0        0        0        0        0 
49  78983.9  15917.3  13689.2  15319.8  5607.04  4978.59  5340.76  3098.78  4462.49     4540        0        0        0        0        0        0        0        0        0        0        0        0        0        0        0        0        0        0        0 
50  79111.9  16045.3  13817.2  15447.8  5735.04  5106.59  5468.76  3226.78  4590.49     4668        0        0        0        0        0        0        0        0        0        0        0        0        0        0        0        0        0        0        0 
51  79249.9  16183.3  13955.2  15585.8  5873.04  5244.59  5606.76  3364.78  4728.49     4806        0        0        0        0        0        0        0        0        0        0        0        0        0        0        0        0        0        0        0 
52  79395.9  16329.3  14101.2  15731.8  6019.04  5390.59  5752.76  3510.78  4874.49     4952        0        0        0        0        0        0        0        0        0        0        0        0        0        0        0        0        0        0        0 
53  79535.9  16469.3  14241.2  15871.8  6159.04  5530.59  5892.76  3650.78  5014.49     5092        0        0        0        0        0        0        0        0        0        0        0        0        0        0        0        0        0        0        0 
54  79672.9  16606.3  14378.2  16008.8  6296.04  5667.59  6029.76  3787.78  5151.49     5229        0        0        0        0        0        0        0        0        0        0        0        0        0        0        0        0        0        0        0 
55  79909.9  16843.3  14615.2  16245.8  6533.04  5904.59  6266.76  4024.78  5388.49     5466        0        0        0        0        0        0        0        0        0        0        0        0        0        0        0        0        0        0        0 
56  80130.4  17063.8  14835.7  16466.3  6753.55   6125.1  6487.26  4245.29     5609        0        0        0        0        0        0        0        0        0        0        0        0        0        0        0        0        0        0        0        0 
57  81650.1  18583.5  16355.5    17986  8273.26  7644.81  8006.97     5765        0        0        0        0        0        0        0        0        0        0        0        0        0        0        0        0        0        0        0        0        0 
58  81795.1  18728.5  16500.5    18131  8418.26  7789.81  8151.97     5910        0        0        0        0        0        0        0        0        0        0        0        0        0        0        0        0        0        0        0        0        0 
59  79958.1  16891.5  14663.5  16294.1  6581.29  5952.84     6315        0        0        0        0        0        0        0        0        0        0        0        0        0        0        0        0        0        0        0        0        0        0 
60  80084.1  17017.5  14789.5  16420.1  6707.29  6078.84     6441        0        0        0        0        0        0        0        0        0        0        0        0        0        0        0        0        0        0        0        0        0        0 
61  80223.1  17156.5  14928.5  16559.1  6846.29  6217.84     6580        0        0        0        0        0        0        0        0        0        0        0        0        0        0        0        0        0        0        0        0        0        0 
62  80351.1  17284.5  15056.5  16687.1  6974.29  6345.84     6708        0        0        0        0        0        0        0        0        0        0        0        0        0        0        0        0        0        0        0        0        0        0 
63  80917.1  17850.5  15622.5  17253.1  7540.29  6911.84     7274        0        0        0        0        0        0        0        0        0        0        0        0        0        0        0        0        0        0        0        0        0        0 
64  81426.3  18359.7  16131.6  17762.2  8049.45     7421        0        0        0        0        0        0        0        0        0        0        0        0        0        0        0        0        0        0        0        0        0        0        0 
65  81086.8  18020.2  15792.2  17422.8     7710        0        0        0        0        0        0        0        0        0        0        0        0        0        0        0        0        0        0        0        0        0        0        0        0 
66  81226.8  18160.2  15932.2  17562.8     7850        0        0        0        0        0        0        0        0        0        0        0        0        0        0        0        0        0        0        0        0        0        0        0        0 
67  80704.1  17637.5  15409.4    17040        0        0        0        0        0        0        0        0        0        0        0        0        0        0        0        0        0        0        0        0        0        0        0        0        0 
68  81054.1  17987.5  15759.4    17390        0        0        0        0        0        0        0        0        0        0        0        0        0        0        0        0        0        0        0        0        0        0        0        0        0 
69  81434.1  18367.5  16139.4    17770        0        0        0        0        0        0        0        0        0        0        0        0        0        0        0        0        0        0        0        0        0        0        0        0        0 
70  81784.1  18717.5  16489.4    18120        0        0        0        0        0        0        0        0        0        0        0        0        0        0        0        0        0        0        0        0        0        0        0        0        0 
71  83874.1  20807.5  18579.4    20210        0        0        0        0        0        0        0        0        0        0        0        0        0        0        0        0        0        0        0        0        0        0        0        0        0 
72  85944.6    22878    20650        0        0        0        0        0        0        0        0        0        0        0        0        0        0        0        0        0        0        0        0        0        0        0        0        0        0 
73  84266.6    21200        0        0        0        0        0        0        0        0        0        0        0        0        0        0        0        0        0        0        0        0        0        0        0        0        0        0        0 
74  84623.2  21556.6        0        0        0        0        0        0        0        0        0        0        0        0        0        0        0        0        0        0        0        0        0        0        0        0        0        0        0 
75  86438.9        0        0        0        0        0        0        0        0        0        0        0        0        0        0        0        0        0        0        0        0        0        0        0        0        0        0        0        0 
76  88113.3        0        0        0        0        0        0        0        0        0        0        0        0        0        0        0        0        0        0        0        0        0        0        0        0        0        0        0        0 
