Q      1s      2s       2p       2p*      3s      3p        3p*      4s       3d       3d*      4p       4p*      5s       4d       4d*      5p       5p*      6s       4f       4f*      5d       5d*      6p       6p*      7s       5f       5f*      6d       6d*
 0  93737.3  17071.7  13919.9  16379.8  4217.34  3346.65  3906.09  1021.44     2727   2844.1  743.941  884.549  197.112  495.059  521.578  118.863  146.769  22.0367  198.072  204.238  41.1549   44.841  8.21588  10.9757        0        0        0        0        0 
 1  93745.6    17080  13928.2  16388.1  4225.67  3354.97  3914.41  1029.76  2735.33  2852.43  752.265  892.873  205.436  503.384  529.902  127.187  155.094  30.3611  206.397  212.562  49.4792  53.1653  16.5402     19.3        0        0        0        0        0 
 2  93753.6    17088  13936.2  16396.1  4233.67  3362.97  3922.41  1037.76  2743.33  2860.43  760.265  900.873  213.436  511.384  537.902  135.187  163.094  38.3611  214.397  220.562  57.4792  61.1653  24.5402     27.3        0        0        0        0        0 
 3  93765.1  17099.5  13947.6  16407.5  4245.13  3374.43  3933.87  1049.22  2754.79  2871.89  771.725  912.333  224.896  522.844  549.362  146.647  174.554  49.8209  225.856  232.022   68.939  72.6251       36        0        0        0        0        0        0 
 4  93749.5  17083.8    13932  16391.9   4229.5  3358.81  3918.24   1033.6  2739.16  2856.26    756.1  896.708  209.271  507.219  533.737  131.022  158.928  34.1958  210.231  216.397  53.3139       57        0        0        0        0        0        0        0 
 5  93761.6  17095.9  13944.1    16404   4241.6  3370.91  3930.34   1045.7  2751.26  2868.36    768.2  908.808  221.371  519.319  545.837  143.122  171.028  46.2958  222.331  228.497  65.4139     69.1        0        0        0        0        0        0        0 
 6  93800.5  17134.8    13983  16442.9   4280.5  3409.81  3969.24   1084.6  2790.16  2907.26    807.1  947.708  260.271  558.219  584.737  182.022  209.928  85.1958  261.231  267.397  104.314      108        0        0        0        0        0        0        0 
 7  93817.5  17151.8    14000  16459.9   4297.5  3426.81  3986.24   1101.6  2807.16  2924.26    824.1  964.708  277.271  575.219  601.737  199.022  226.928  102.196  278.231  284.397  121.314      125        0        0        0        0        0        0        0 
 8  93838.6  17172.9  14021.1    16481   4318.6  3447.91  4007.34   1122.7  2828.26  2945.36    845.2  985.808  298.371  596.319  622.837  220.122  248.028  123.296  299.331  305.497  142.414    146.1        0        0        0        0        0        0        0 
 9  93858.5  17192.8    14041  16500.9   4338.5  3467.81  4027.24   1142.6  2848.16  2965.26    865.1  1005.71  318.271  616.219  642.737  240.022  267.928  143.196  319.231  325.397  162.314      166        0        0        0        0        0        0        0 
10  93878.5  17212.8    14061  16520.9   4358.5  3487.81  4047.24   1162.6  2868.16  2985.26    885.1  1025.71  338.271  636.219  662.737  260.022  287.928  163.196  339.231  345.397  182.314      186        0        0        0        0        0        0        0 
11  93901.5  17235.8    14084  16543.9   4381.5  3510.81  4070.24   1185.6  2891.16  3008.26    908.1  1048.71  361.271  659.219  685.737  283.022  310.928  186.196  362.231  368.397  205.314      209        0        0        0        0        0        0        0 
12  93927.5  17261.8    14110  16569.9   4407.5  3536.81  4096.24   1211.6  2917.16  3034.26    934.1  1074.71  387.271  685.219  711.737  309.022  336.928  212.196  388.231  394.397  231.314      235        0        0        0        0        0        0        0 
13  93953.1  17287.5  14135.7  16595.6  4433.19  3562.49  4121.93  1237.29  2942.85  3059.95  959.786  1100.39  412.957  710.905  737.423  334.708  362.615  237.882  413.917  420.083      257        0        0        0        0        0        0        0        0 
14  93814.1  17148.4  13996.6  16456.5  4294.11  3423.41  3982.85   1098.2  2803.76  2920.86  820.703  961.311  273.874  571.822   598.34  195.625  223.532  98.7989  274.834      281        0        0        0        0        0        0        0        0        0 
15  93837.1  17171.4  14019.6  16479.5  4317.11  3446.41  4005.85   1121.2  2826.76  2943.86  843.703  984.311  296.874  594.822   621.34  218.625  246.532  121.799  297.834      304        0        0        0        0        0        0        0        0        0 
16  93949.1  17283.4  14131.6  16591.5  4429.11  3558.41  4117.85   1233.2  2938.76  3055.86  955.703  1096.31  408.874  706.822   733.34  330.625  358.532  233.799  409.834      416        0        0        0        0        0        0        0        0        0 
17  93977.1  17311.4  14159.6  16619.5  4457.11  3586.41  4145.85   1261.2  2966.76  3083.86  983.703  1124.31  436.874  734.822   761.34  358.625  386.532  261.799  437.834      444        0        0        0        0        0        0        0        0        0 
18  94006.1  17340.4  14188.6  16648.5  4486.11  3615.41  4174.85   1290.2  2995.76  3112.86   1012.7  1153.31  465.874  763.822   790.34  387.625  415.532  290.799  466.834      473        0        0        0        0        0        0        0        0        0 
19  94035.1  17369.4  14217.6  16677.5  4515.11  3644.41  4203.85   1319.2  3024.76  3141.86   1041.7  1182.31  494.874  792.822   819.34  416.625  444.532  319.799  495.834      502        0        0        0        0        0        0        0        0        0 
20  94093.1  17427.4  14275.6  16735.5  4573.11  3702.41  4261.85   1377.2  3082.76  3199.86   1099.7  1240.31  552.874  850.822   877.34  474.625  502.532  377.799  553.834      560        0        0        0        0        0        0        0        0        0 
21  94123.1  17457.4  14305.6  16765.5  4603.11  3732.41  4291.85   1407.2  3112.76  3229.86   1129.7  1270.31  582.874  880.822   907.34  504.625  532.532  407.799  583.834      590        0        0        0        0        0        0        0        0        0 
22  94203.1  17537.4  14385.6  16845.5  4683.11  3812.41  4371.85   1487.2  3192.76  3309.86   1209.7  1350.31  662.874  960.822   987.34  584.625  612.532  487.799  663.834      670        0        0        0        0        0        0        0        0        0 
23  94233.1  17567.4  14415.6  16875.5  4713.11  3842.41  4401.85   1517.2  3222.76  3339.86   1239.7  1380.31  692.874  990.822  1017.34  614.625  642.532  517.799  693.834      700        0        0        0        0        0        0        0        0        0 
24  94273.1  17607.4  14455.6  16915.5  4753.11  3882.41  4441.85   1557.2  3262.76  3379.86   1279.7  1420.31  732.874  1030.82  1057.34  654.625  682.532  557.799  733.834      740        0        0        0        0        0        0        0        0        0 
25  94333.1  17667.4  14515.6  16975.5  4813.11  3942.41  4501.85   1617.2  3322.76  3439.86   1339.7  1480.31  792.874  1090.82  1117.34  714.625  742.532  617.799  793.834      800        0        0        0        0        0        0        0        0        0 
26  94403.1  17737.4  14585.6  17045.5  4883.11  4012.41  4571.85   1687.2  3392.76  3509.86   1409.7  1550.31  862.874  1160.82  1187.34  784.625  812.532  687.799  863.834      870        0        0        0        0        0        0        0        0        0 
27  94469.2  17803.6  14651.8  17111.7  4949.27  4078.57  4638.01  1753.37  3458.93  3576.03  1475.87  1616.48  929.039  1226.99  1253.51  850.791  878.697  753.965      930        0        0        0        0        0        0        0        0        0        0 
28  94705.3  18039.6  14887.8  17347.7  5185.31  4314.61  4874.05   1989.4  3694.97  3812.06   1711.9  1852.51  1165.07  1463.02  1489.54  1086.83  1114.73      990        0        0        0        0        0        0        0        0        0        0        0 
29  94775.3  18109.6  14957.8  17417.7  5255.31  4384.61  4944.05   2059.4  3764.97  3882.06   1781.9  1922.51  1235.07  1533.02  1559.54  1156.83  1184.73     1060        0        0        0        0        0        0        0        0        0        0        0 
30  94710.5  18044.9  14893.1    17353  5190.57  4319.88  4879.32  1994.67  3700.23  3817.33  1717.17  1857.78  1170.34  1468.29  1494.81  1092.09     1120        0        0        0        0        0        0        0        0        0        0        0        0 
31  94770.5  18104.9  14953.1    17413  5250.57  4379.88  4939.32  2054.67  3760.23  3877.33  1777.17  1917.78  1230.34  1528.29  1554.81  1152.09     1180        0        0        0        0        0        0        0        0        0        0        0        0 
32  94840.5  18174.9  15023.1    17483  5320.57  4449.88  5009.32  2124.67  3830.23  3947.33  1847.17  1987.78  1300.34  1598.29  1624.81  1222.09     1250        0        0        0        0        0        0        0        0        0        0        0        0 
33  94910.5  18244.9  15093.1    17553  5390.57  4519.88  5079.32  2194.67  3900.23  4017.33  1917.17  2057.78  1370.34  1668.29  1694.81  1292.09     1320        0        0        0        0        0        0        0        0        0        0        0        0 
34  94970.5  18304.9  15153.1    17613  5450.57  4579.88  5139.32  2254.67  3960.23  4077.33  1977.17  2117.78  1430.34  1728.29  1754.81  1352.09     1380        0        0        0        0        0        0        0        0        0        0        0        0 
35  95058.4  18392.8    15241  17700.9  5538.48  4667.78  5227.22  2342.58  4048.14  4165.24  2065.08  2205.69  1518.25   1816.2  1842.71     1440        0        0        0        0        0        0        0        0        0        0        0        0        0 
36  94725.7  18060.1  14908.3  17368.2  5205.77  4335.07  4894.51  2009.86  3715.42  3832.52  1732.36  1872.97  1185.53  1483.48     1510        0        0        0        0        0        0        0        0        0        0        0        0        0        0 
37  94785.7  18120.1  14968.3  17428.2  5265.77  4395.07  4954.51  2069.86  3775.42  3892.52  1792.36  1932.97  1245.53  1543.48     1570        0        0        0        0        0        0        0        0        0        0        0        0        0        0 
38  95080.7  18415.1  15263.3  17723.2  5560.77  4690.07  5249.51  2364.86  4070.42  4187.52  2087.36  2227.97  1540.53  1838.48     1865        0        0        0        0        0        0        0        0        0        0        0        0        0        0 
39  95138.7  18473.1  15321.3  17781.2  5618.77  4748.07  5307.51  2422.86  4128.42  4245.52  2145.36  2285.97  1598.53  1896.48     1923        0        0        0        0        0        0        0        0        0        0        0        0        0        0 
40  95201.7  18536.1  15384.3  17844.2  5681.77  4811.07  5370.51  2485.86  4191.42  4308.52  2208.36  2348.97  1661.53  1959.48     1986        0        0        0        0        0        0        0        0        0        0        0        0        0        0 
41  95267.7  18602.1  15450.3  17910.2  5747.77  4877.07  5436.51  2551.86  4257.42  4374.52  2274.36  2414.97  1727.53  2025.48     2052        0        0        0        0        0        0        0        0        0        0        0        0        0        0 
42  95330.7  18665.1  15513.3  17973.2  5810.77  4940.07  5499.51  2614.86  4320.42  4437.52  2337.36  2477.97  1790.53  2088.48     2115        0        0        0        0        0        0        0        0        0        0        0        0        0        0 
43  95392.7  18727.1  15575.3  18035.2  5872.77  5002.07  5561.51  2676.86  4382.42  4499.52  2399.36  2539.97  1852.53  2150.48     2177        0        0        0        0        0        0        0        0        0        0        0        0        0        0 
44  95496.7  18831.1  15679.3  18139.2  5976.77  5106.07  5665.51  2780.86  4486.42  4603.52  2503.36  2643.97  1956.53  2254.48     2281        0        0        0        0        0        0        0        0        0        0        0        0        0        0 
45  95587.2  18921.6  15769.8  18229.7  6067.28  5196.59  5756.03  2871.38  4576.94  4694.04  2593.88  2734.49  2047.05     2345        0        0        0        0        0        0        0        0        0        0        0        0        0        0        0 
46  95954.2  19288.6  16136.7  18596.6  6434.23  5563.54  6122.97  3238.33  4943.89  5060.99  2960.83  3101.44     2414        0        0        0        0        0        0        0        0        0        0        0        0        0        0        0        0 
47  96020.2  19354.6  16202.7  18662.6  6500.23  5629.54  6188.97  3304.33  5009.89  5126.99  3026.83  3167.44     2480        0        0        0        0        0        0        0        0        0        0        0        0        0        0        0        0 
48  95592.7  18927.1  15775.3  18235.2  6072.79   5202.1  5761.54  2876.89  4582.45  4699.55  2599.39     2740        0        0        0        0        0        0        0        0        0        0        0        0        0        0        0        0        0 
49  95655.7  18990.1  15838.3  18298.2  6135.79   5265.1  5824.54  2939.89  4645.45  4762.55  2662.39     2803        0        0        0        0        0        0        0        0        0        0        0        0        0        0        0        0        0 
50  95725.7  19060.1  15908.3  18368.2  6205.79   5335.1  5894.54  3009.89  4715.45  4832.55  2732.39     2873        0        0        0        0        0        0        0        0        0        0        0        0        0        0        0        0        0 
51  95790.7  19125.1  15973.3  18433.2  6270.79   5400.1  5959.54  3074.89  4780.45  4897.55  2797.39     2938        0        0        0        0        0        0        0        0        0        0        0        0        0        0        0        0        0 
52  96046.7  19381.1  16229.3  18689.2  6526.79   5656.1  6215.54  3330.89  5036.45  5153.55  3053.39     3194        0        0        0        0        0        0        0        0        0        0        0        0        0        0        0        0        0 
53  96261.4  19595.7  16443.9  18903.8   6741.4  5870.71  6430.14   3545.5  5251.06  5368.16     3268        0        0        0        0        0        0        0        0        0        0        0        0        0        0        0        0        0        0 
54  94343.2  17677.6  14525.8  16985.7  4823.24  3952.55  4511.98  1627.34   3332.9     3450        0        0        0        0        0        0        0        0        0        0        0        0        0        0        0        0        0        0        0 
55  94417.4  17751.8    14600  17059.9  4897.44  4026.75  4586.18  1701.54   3407.1   3524.2        0        0        0        0        0        0        0        0        0        0        0        0        0        0        0        0        0        0        0 
56  96678.2  20012.6  16860.8  19320.7  7158.24  6287.55  6846.98  3962.34   5667.9     5785        0        0        0        0        0        0        0        0        0        0        0        0        0        0        0        0        0        0        0 
57  96823.2  20157.6  17005.8  19465.7  7303.24  6432.55  6991.98  4107.34   5812.9     5930        0        0        0        0        0        0        0        0        0        0        0        0        0        0        0        0        0        0        0 
58  96977.2  20311.6  17159.8  19619.7  7457.24  6586.55  7145.98  4261.34   5966.9     6084        0        0        0        0        0        0        0        0        0        0        0        0        0        0        0        0        0        0        0 
59  97141.2  20475.6  17323.8  19783.7  7621.24  6750.55  7309.98  4425.34   6130.9     6248        0        0        0        0        0        0        0        0        0        0        0        0        0        0        0        0        0        0        0 
60  97298.2  20632.6  17480.8  19940.7  7778.24  6907.55  7466.98  4582.34   6287.9     6405        0        0        0        0        0        0        0        0        0        0        0        0        0        0        0        0        0        0        0 
61  97450.2  20784.6  17632.8  20092.7  7930.24  7059.55  7618.98  4734.34   6439.9     6557        0        0        0        0        0        0        0        0        0        0        0        0        0        0        0        0        0        0        0 
62  97749.2  21083.6  17931.8  20391.7  8229.24  7358.55  7917.98  5033.34   6738.9     6856        0        0        0        0        0        0        0        0        0        0        0        0        0        0        0        0        0        0        0 
63  98025.3  21359.7  18207.9  20667.8  8505.34  7634.64  8194.08  5309.44     7015        0        0        0        0        0        0        0        0        0        0        0        0        0        0        0        0        0        0        0        0 
64  99906.9  23241.2  20089.4  22549.3  10386.9  9516.21  10075.6     7191        0        0        0        0        0        0        0        0        0        0        0        0        0        0        0        0        0        0        0        0        0 
65   100066  23400.2  20248.4  22708.3  10545.9  9675.21  10234.6     7350        0        0        0        0        0        0        0        0        0        0        0        0        0        0        0        0        0        0        0        0        0 
66  97641.2  20975.6  17823.8  20283.7  8121.26  7250.56     7810        0        0        0        0        0        0        0        0        0        0        0        0        0        0        0        0        0        0        0        0        0        0 
67  97781.2  21115.6  17963.8  20423.7  8261.26  7390.56     7950        0        0        0        0        0        0        0        0        0        0        0        0        0        0        0        0        0        0        0        0        0        0 
68  97931.2  21265.6  18113.8  20573.7  8411.26  7540.56     8100        0        0        0        0        0        0        0        0        0        0        0        0        0        0        0        0        0        0        0        0        0        0 
69  98071.2  21405.6  18253.8  20713.7  8551.26  7680.56     8240        0        0        0        0        0        0        0        0        0        0        0        0        0        0        0        0        0        0        0        0        0        0 
70  98881.2  22215.6  19063.8  21523.7  9361.26  8490.56     9050        0        0        0        0        0        0        0        0        0        0        0        0        0        0        0        0        0        0        0        0        0        0 
71  99610.6    22945  19793.2  22253.1  10090.7     9220        0        0        0        0        0        0        0        0        0        0        0        0        0        0        0        0        0        0        0        0        0        0        0 
72  99069.9  22404.3  19252.5  21712.4     9550        0        0        0        0        0        0        0        0        0        0        0        0        0        0        0        0        0        0        0        0        0        0        0        0 
73  99229.9  22564.3  19412.5  21872.4     9710        0        0        0        0        0        0        0        0        0        0        0        0        0        0        0        0        0        0        0        0        0        0        0        0 
74  98027.5  21361.9  18210.1    20670        0        0        0        0        0        0        0        0        0        0        0        0        0        0        0        0        0        0        0        0        0        0        0        0        0 
75  98407.5  21741.9  18590.1    21050        0        0        0        0        0        0        0        0        0        0        0        0        0        0        0        0        0        0        0        0        0        0        0        0        0 
76  98827.5  22161.9  19010.1    21470        0        0        0        0        0        0        0        0        0        0        0        0        0        0        0        0        0        0        0        0        0        0        0        0        0 
77  99217.5  22551.9  19400.1    21860        0        0        0        0        0        0        0        0        0        0        0        0        0        0        0        0        0        0        0        0        0        0        0        0        0 
78   102218  25551.9  22400.1    24860        0        0        0        0        0        0        0        0        0        0        0        0        0        0        0        0        0        0        0        0        0        0        0        0        0 
79   105177  28511.8    25360        0        0        0        0        0        0        0        0        0        0        0        0        0        0        0        0        0        0        0        0        0        0        0        0        0        0 
80   102656    25990        0        0        0        0        0        0        0        0        0        0        0        0        0        0        0        0        0        0        0        0        0        0        0        0        0        0        0 
81   103056  26390.4        0        0        0        0        0        0        0        0        0        0        0        0        0        0        0        0        0        0        0        0        0        0        0        0        0        0        0 
82   105064        0        0        0        0        0        0        0        0        0        0        0        0        0        0        0        0        0        0        0        0        0        0        0        0        0        0        0        0 
83   106983        0        0        0        0        0        0        0        0        0        0        0        0        0        0        0        0        0        0        0        0        0        0        0        0        0        0        0        0 
