Q      1s      2s       2p       2p*      3s      3p        3p*      4s       3d       3d*      4p       4p*      5s       4d       4d*      5p       5p*      6s       4f       4f*      5d       5d*      6p       6p*      7s       5f       5f*      6d       6d*
 0   113411  21279.6  16854.6  20484.2  5434.15  4231.17  5073.78  1419.21  3490.68  3661.29  1035.09  1256.29  326.474  732.786  773.899   210.15  261.397  55.7856  378.221  388.684  103.701  111.455  25.9814  34.9645  5.41001  7.34836  7.94954  4.96168  5.20271 
 1   113415  21283.6  16858.6  20488.1  5438.11  4235.12  5077.73  1423.16  3494.63  3665.24  1039.04  1260.25  330.425  736.736   777.85    214.1  265.347  59.7361  382.171  392.634  107.651  115.406  29.9319   38.915  9.36047  11.2988     11.9        0        0 
 2   113422  21290.9  16865.9  20495.4  5445.41  4242.42  5085.03  1430.47  3501.93  3672.54  1046.34  1267.55  337.726  744.038  785.151  221.402  272.648  67.0373  389.472  399.935  114.952  122.707  37.2331  46.2161  16.6616     18.6        0        0        0 
 3   113436  21305.1  16880.1  20509.7  5459.64  4256.66  5099.27   1444.7  3516.17  3686.78  1060.58  1281.78  351.964  758.276  799.389   235.64  286.887  81.2756  403.711  414.174  129.191  136.945  51.4714  60.4545     30.9        0        0        0        0 
 4   113450  21318.5  16893.5  20523.1  5473.04  4270.06  5112.67   1458.1  3529.57  3700.18  1073.98  1295.18  365.364  771.676  812.789   249.04  300.287  94.6756  417.111  427.574  142.591  150.345  64.8714  73.8545     44.3        0        0        0        0 
 5   113448  21316.6  16891.7  20521.2  5471.19   4268.2  5110.81  1456.25  3527.72  3698.32  1072.13  1293.33   363.51  769.822  810.935  247.185  298.432  92.8211  415.256  425.719  140.736  148.491  63.0169       72        0        0        0        0        0 
 6   113461  21329.7  16904.8  20534.3  5484.29   4281.3  5123.91  1469.35  3540.82  3711.42  1085.23  1306.43   376.61  782.922  824.035  260.285  311.532  105.921  428.356  438.819  153.836  161.591  76.1169     85.1        0        0        0        0        0 
 7   113475  21343.5  16918.6  20548.1  5498.09   4295.1  5137.71  1483.15  3554.62  3725.22  1099.03  1320.23   390.41  796.722  837.835  274.085  325.332  119.721  442.156  452.619  167.636  175.391  89.9169     98.9        0        0        0        0        0 
 8   113487  21355.6  16930.7  20560.2  5510.19   4307.2  5149.81  1495.25  3566.72  3737.32  1111.13  1332.33   402.51  808.822  849.935  286.185  337.432  131.821  454.256  464.719  179.736  187.491  102.017      111        0        0        0        0        0 
 9   113513  21381.6  16956.7  20586.2  5536.19   4333.2  5175.81  1521.25  3592.72  3763.32  1137.13  1358.33   428.51  834.822  875.935  312.185  363.432  157.821  480.256  490.719  205.736  213.491  128.017      137        0        0        0        0        0 
10   113538  21406.6  16981.7  20611.2  5561.17  4358.18   5200.8  1546.23   3617.7  3788.31  1162.11  1383.31  453.493  859.805  900.918  337.168  388.415  182.804  505.239  515.702  230.719  238.474      153        0        0        0        0        0        0 
11   113486  21355.2  16930.2  20559.7   5509.7  4306.71  5149.32  1494.76  3566.23  3736.83  1110.64  1331.84  402.019  808.331  849.444  285.695  336.941   131.33  453.765  464.228  179.245      187        0        0        0        0        0        0        0 
12   113502  21371.2  16946.2  20575.7   5525.7  4322.71  5165.32  1510.76  3582.23  3752.83  1126.64  1347.84  418.019  824.331  865.444  301.695  352.941   147.33  469.765  480.228  195.245      203        0        0        0        0        0        0        0 
13   113591  21460.2  17035.2  20664.7   5614.7  4411.71  5254.32  1599.76  3671.23  3841.83  1215.64  1436.84  507.019  913.331  954.444  390.695  441.941   236.33  558.765  569.228  284.245      292        0        0        0        0        0        0        0 
14   113615  21484.2  17059.2  20688.7   5638.7  4435.71  5278.32  1623.76  3695.23  3865.83  1239.64  1460.84  531.019  937.331  978.444  414.695  465.941   260.33  582.765  593.228  308.245      316        0        0        0        0        0        0        0 
15   113641  21510.2  17085.2  20714.7   5664.7  4461.71  5304.32  1649.76  3721.23  3891.83  1265.64  1486.84  557.019  963.331  1004.44  440.695  491.941   286.33  608.765  619.228  334.245      342        0        0        0        0        0        0        0 
16   113668  21537.2  17112.2  20741.7   5691.7  4488.71  5331.32  1676.76  3748.23  3918.83  1292.64  1513.84  584.019  990.331  1031.44  467.695  518.941   313.33  635.765  646.228  361.245      369        0        0        0        0        0        0        0 
17   113694  21563.2  17138.2  20767.7   5717.7  4514.71  5357.32  1702.76  3774.23  3944.83  1318.64  1539.84  610.019  1016.33  1057.44  493.695  544.941   339.33  661.765  672.228  387.245      395        0        0        0        0        0        0        0 
18   113722  21591.2  17166.2  20795.7   5745.7  4542.71  5385.32  1730.76  3802.23  3972.83  1346.64  1567.84  638.019  1044.33  1085.44  521.695  572.941   367.33  689.765  700.228  415.245      423        0        0        0        0        0        0        0 
19   113759  21628.2  17203.2  20832.7   5782.7  4579.71  5422.32  1767.76  3839.23  4009.83  1383.64  1604.84  675.019  1081.33  1122.44  558.695  609.941   404.33  726.765  737.228  452.245      460        0        0        0        0        0        0        0 
20   113795  21663.9  17238.9  20868.5  5818.45  4615.47  5458.08  1803.51  3874.98  4045.59  1419.39  1640.59  710.773  1117.09   1158.2  594.449  645.696  440.085   762.52  772.983      488        0        0        0        0        0        0        0        0 
21   113540  21408.9    16984  20613.5  5563.47  4360.48  5203.09  1548.53     3620  3790.61  1164.41  1385.61   455.79  862.102  903.216  339.466  390.713  185.102  507.537      518        0        0        0        0        0        0        0        0        0 
22   113568  21436.9    17012  20641.5  5591.47  4388.48  5231.09  1576.53     3648  3818.61  1192.41  1413.61   483.79  890.102  931.216  367.466  418.713  213.102  535.537      546        0        0        0        0        0        0        0        0        0 
23   113712  21580.9    17156  20785.5  5735.47  4532.48  5375.09  1720.53     3792  3962.61  1336.41  1557.61   627.79   1034.1  1075.22  511.466  562.713  357.102  679.537      690        0        0        0        0        0        0        0        0        0 
24   113742  21610.9    17186  20815.5  5765.47  4562.48  5405.09  1750.53     3822  3992.61  1366.41  1587.61   657.79   1064.1  1105.22  541.466  592.713  387.102  709.537      720        0        0        0        0        0        0        0        0        0 
25   113782  21650.9    17226  20855.5  5805.47  4602.48  5445.09  1790.53     3862  4032.61  1406.41  1627.61   697.79   1104.1  1145.22  581.466  632.713  427.102  749.537      760        0        0        0        0        0        0        0        0        0 
26   113812  21680.9    17256  20885.5  5835.47  4632.48  5475.09  1820.53     3892  4062.61  1436.41  1657.61   727.79   1134.1  1175.22  611.466  662.713  457.102  779.537      790        0        0        0        0        0        0        0        0        0 
27   113902  21770.9    17346  20975.5  5925.47  4722.48  5565.09  1910.53     3982  4152.61  1526.41  1747.61   817.79   1224.1  1265.22  701.466  752.713  547.102  869.537      880        0        0        0        0        0        0        0        0        0 
28   113942  21810.9    17386  21015.5  5965.47  4762.48  5605.09  1950.53     4022  4192.61  1566.41  1787.61   857.79   1264.1  1305.22  741.466  792.713  587.102  909.537      920        0        0        0        0        0        0        0        0        0 
29   114042  21910.9    17486  21115.5  6065.47  4862.48  5705.09  2050.53     4122  4292.61  1666.41  1887.61   957.79   1364.1  1405.22  841.466  892.713  687.102  1009.54     1020        0        0        0        0        0        0        0        0        0 
30   114082  21950.9    17526  21155.5  6105.47  4902.48  5745.09  2090.53     4162  4332.61  1706.41  1927.61   997.79   1404.1  1445.22  881.466  932.713  727.102  1049.54     1060        0        0        0        0        0        0        0        0        0 
31   114172  22040.9    17616  21245.5  6195.47  4992.48  5835.09  2180.53     4252  4422.61  1796.41  2017.61  1087.79   1494.1  1535.22  971.466  1022.71  817.102  1139.54     1150        0        0        0        0        0        0        0        0        0 
32   114242  22110.9    17686  21315.5  6265.47  5062.48  5905.09  2250.53     4322  4492.61  1866.41  2087.61  1157.79   1564.1  1605.22  1041.47  1092.71  887.102  1209.54     1220        0        0        0        0        0        0        0        0        0 
33   114322  22190.9    17766  21395.5  6345.47  5142.48  5985.09  2330.53     4402  4572.61  1946.41  2167.61  1237.79   1644.1  1685.22  1121.47  1172.71  967.102  1289.54     1300        0        0        0        0        0        0        0        0        0 
34   114402  22271.4  17846.4    21476  6425.93  5222.95  6065.56  2410.99  4482.46  4653.07  2026.87  2248.07  1318.25  1724.57  1765.68  1201.93  1253.18  1047.57     1370        0        0        0        0        0        0        0        0        0        0 
35   114805  22673.8  18248.9  21878.4  6828.37  5625.38  6467.99  2813.43   4884.9   5055.5  2429.31  2650.51  1720.69     2127  2168.11  1604.36  1655.61     1450        0        0        0        0        0        0        0        0        0        0        0 
36   114875  22743.8  18318.9  21948.4  6898.37  5695.38  6537.99  2883.43   4954.9   5125.5  2499.31  2720.51  1790.69     2197  2238.11  1674.36  1725.61     1520        0        0        0        0        0        0        0        0        0        0        0 
37   114749  22618.2  18193.3  21822.8  6772.76  5569.77  6412.38  2757.82  4829.29  4999.89   2373.7   2594.9  1665.08  2071.39   2112.5  1548.75     1600        0        0        0        0        0        0        0        0        0        0        0        0 
38   114819  22688.2  18263.3  21892.8  6842.76  5639.77  6482.38  2827.82  4899.29  5069.89   2443.7   2664.9  1735.08  2141.39   2182.5  1618.75     1670        0        0        0        0        0        0        0        0        0        0        0        0 
39   114909  22778.2  18353.3  21982.8  6932.76  5729.77  6572.38  2917.82  4989.29  5159.89   2533.7   2754.9  1825.08  2231.39   2272.5  1708.75     1760        0        0        0        0        0        0        0        0        0        0        0        0 
40   114979  22848.2  18423.3  22052.8  7002.76  5799.77  6642.38  2987.82  5059.29  5229.89   2603.7   2824.9  1895.08  2301.39   2342.5  1778.75     1830        0        0        0        0        0        0        0        0        0        0        0        0 
41   115059  22928.2  18503.3  22132.8  7082.76  5879.77  6722.38  3067.82  5139.29  5309.89   2683.7   2904.9  1975.08  2381.39   2422.5  1858.75     1910        0        0        0        0        0        0        0        0        0        0        0        0 
42   115181  23049.5  18624.5    22254     7204  6001.02  6843.63  3189.06  5260.53  5431.14  2804.94  3026.14  2096.32  2502.64  2543.75     1980        0        0        0        0        0        0        0        0        0        0        0        0        0 
43   114697  22565.7  18140.7  21770.3  6720.26  5517.27  6359.88  2705.32  4776.78  4947.39  2321.19   2542.4  1612.57  2018.89     2060        0        0        0        0        0        0        0        0        0        0        0        0        0        0 
44   114767  22635.7  18210.7  21840.3  6790.26  5587.27  6429.88  2775.32  4846.78  5017.39  2391.19   2612.4  1682.57  2088.89     2130        0        0        0        0        0        0        0        0        0        0        0        0        0        0 
45   115120  22988.7  18563.7  22193.3  7143.26  5940.27  6782.88  3128.32  5199.78  5370.39  2744.19   2965.4  2035.57  2441.89     2483        0        0        0        0        0        0        0        0        0        0        0        0        0        0 
46   115187  23055.7  18630.7  22260.3  7210.26  6007.27  6849.88  3195.32  5266.78  5437.39  2811.19   3032.4  2102.57  2508.89     2550        0        0        0        0        0        0        0        0        0        0        0        0        0        0 
47   115257  23125.7  18700.7  22330.3  7280.26  6077.27  6919.88  3265.32  5336.78  5507.39  2881.19   3102.4  2172.57  2578.89     2620        0        0        0        0        0        0        0        0        0        0        0        0        0        0 
48   115333  23201.7  18776.7  22406.3  7356.26  6153.27  6995.88  3341.32  5412.78  5583.39  2957.19   3178.4  2248.57  2654.89     2696        0        0        0        0        0        0        0        0        0        0        0        0        0        0 
49   115403  23271.7  18846.7  22476.3  7426.26  6223.27  7065.88  3411.32  5482.78  5653.39  3027.19   3248.4  2318.57  2724.89     2766        0        0        0        0        0        0        0        0        0        0        0        0        0        0 
50   115474  23342.7  18917.7  22547.3  7497.26  6294.27  7136.88  3482.32  5553.78  5724.39  3098.19   3319.4  2389.57  2795.89     2837        0        0        0        0        0        0        0        0        0        0        0        0        0        0 
51   115605  23473.7  19048.7  22678.3  7628.26  6425.27  7267.88  3613.32  5684.78  5855.39  3229.19   3450.4  2520.57  2926.89     2968        0        0        0        0        0        0        0        0        0        0        0        0        0        0 
52   115718  23586.8  19161.9  22791.4  7741.37  6538.38  7380.99  3726.43   5797.9   5968.5  3342.31  3563.51  2633.69     3040        0        0        0        0        0        0        0        0        0        0        0        0        0        0        0 
53   116203  24072.1  19647.2  23276.7  8226.68  7023.69   7866.3  4211.74  6283.21  6453.82  3827.62  4048.82     3119        0        0        0        0        0        0        0        0        0        0        0        0        0        0        0        0 
54   116277  24146.1  19721.2  23350.7  8300.68  7097.69   7940.3  4285.74  6357.21  6527.82  3901.62  4122.82     3193        0        0        0        0        0        0        0        0        0        0        0        0        0        0        0        0 
55   115642  23511.3  19086.4  22715.9  7665.86  6462.87  7305.48  3650.92  5722.39  5892.99   3266.8     3488        0        0        0        0        0        0        0        0        0        0        0        0        0        0        0        0        0 
56   115712  23581.3  19156.4  22785.9  7735.86  6532.87  7375.48  3720.92  5792.39  5962.99   3336.8     3558        0        0        0        0        0        0        0        0        0        0        0        0        0        0        0        0        0 
57   115791  23660.3  19235.4  22864.9  7814.86  6611.87  7454.48  3799.92  5871.39  6041.99   3415.8     3637        0        0        0        0        0        0        0        0        0        0        0        0        0        0        0        0        0 
58   115863  23732.3  19307.4  22936.9  7886.86  6683.87  7526.48  3871.92  5943.39  6113.99   3487.8     3709        0        0        0        0        0        0        0        0        0        0        0        0        0        0        0        0        0 
59   116231  24100.3  19675.4  23304.9  8254.86  7051.87  7894.48  4239.92  6311.39  6481.99   3855.8     4077        0        0        0        0        0        0        0        0        0        0        0        0        0        0        0        0        0 
60   116537  24405.5  19980.6  23610.1  8560.06  7357.07  8199.69  4545.12  6616.59   6787.2     4161        0        0        0        0        0        0        0        0        0        0        0        0        0        0        0        0        0        0 
61   114119  21988.3  17563.4  21192.9  6142.87  4939.88  5782.49  2127.93  4199.39     4370        0        0        0        0        0        0        0        0        0        0        0        0        0        0        0        0        0        0        0 
62   114203  22072.3  17647.4  21276.9  6226.87  5023.88  5866.49  2211.93  4283.39     4454        0        0        0        0        0        0        0        0        0        0        0        0        0        0        0        0        0        0        0 
63   116930  24799.3  20374.4  24003.9  8953.87  7750.88  8593.49  4938.93  7010.39     7181        0        0        0        0        0        0        0        0        0        0        0        0        0        0        0        0        0        0        0 
64   117090  24959.3  20534.4  24163.9  9113.87  7910.88  8753.49  5098.93  7170.39     7341        0        0        0        0        0        0        0        0        0        0        0        0        0        0        0        0        0        0        0 
65   117259  25128.3  20703.4  24332.9  9282.87  8079.88  8922.49  5267.93  7339.39     7510        0        0        0        0        0        0        0        0        0        0        0        0        0        0        0        0        0        0        0 
66   117439  25308.3  20883.4  24512.9  9462.87  8259.88  9102.49  5447.93  7519.39     7690        0        0        0        0        0        0        0        0        0        0        0        0        0        0        0        0        0        0        0 
67   117619  25488.3  21063.4  24692.9  9642.87  8439.88  9282.49  5627.93  7699.39     7870        0        0        0        0        0        0        0        0        0        0        0        0        0        0        0        0        0        0        0 
68   117789  25658.3  21233.4  24862.9  9812.87  8609.88  9452.49  5797.93  7869.39     8040        0        0        0        0        0        0        0        0        0        0        0        0        0        0        0        0        0        0        0 
69   118159  26028.3  21603.4  25232.9  10182.9  8979.88  9822.49  6167.93  8239.39     8410        0        0        0        0        0        0        0        0        0        0        0        0        0        0        0        0        0        0        0 
70   118510  26378.9    21954  25583.5  10533.5  9330.48  10173.1  6518.53     8590        0        0        0        0        0        0        0        0        0        0        0        0        0        0        0        0        0        0        0        0 
71   120772  28640.4  24215.4    27845  12794.9    11592  12434.6     8780        0        0        0        0        0        0        0        0        0        0        0        0        0        0        0        0        0        0        0        0        0 
72   120952  28820.4  24395.4    28025  12974.9    11772  12614.6     8960        0        0        0        0        0        0        0        0        0        0        0        0        0        0        0        0        0        0        0        0        0 
73   117797  25665.8  21240.9  24870.4  9820.38  8617.39     9460        0        0        0        0        0        0        0        0        0        0        0        0        0        0        0        0        0        0        0        0        0        0 
74   117957  25825.8  21400.9  25030.4  9980.38  8777.39     9620        0        0        0        0        0        0        0        0        0        0        0        0        0        0        0        0        0        0        0        0        0        0 
75   118127  25995.8  21570.9  25200.4  10150.4  8947.39     9790        0        0        0        0        0        0        0        0        0        0        0        0        0        0        0        0        0        0        0        0        0        0 
76   118287  26155.8  21730.9  25360.4  10310.4  9107.39     9950        0        0        0        0        0        0        0        0        0        0        0        0        0        0        0        0        0        0        0        0        0        0 
77   119437  27305.8  22880.9  26510.4  11460.4  10257.4    11100        0        0        0        0        0        0        0        0        0        0        0        0        0        0        0        0        0        0        0        0        0        0 
78   120470  28338.4  23913.5    27543    12493    11290        0        0        0        0        0        0        0        0        0        0        0        0        0        0        0        0        0        0        0        0        0        0        0 
79   119637  27505.5  23080.5    26710    11660        0        0        0        0        0        0        0        0        0        0        0        0        0        0        0        0        0        0        0        0        0        0        0        0 
80   119817  27685.5  23260.5    26890    11840        0        0        0        0        0        0        0        0        0        0        0        0        0        0        0        0        0        0        0        0        0        0        0        0 
81   117587  25455.4  21030.5    24660        0        0        0        0        0        0        0        0        0        0        0        0        0        0        0        0        0        0        0        0        0        0        0        0        0 
82   118007  25875.4  21450.5    25080        0        0        0        0        0        0        0        0        0        0        0        0        0        0        0        0        0        0        0        0        0        0        0        0        0 
83   118467  26335.4  21910.5    25540        0        0        0        0        0        0        0        0        0        0        0        0        0        0        0        0        0        0        0        0        0        0        0        0        0 
84   118897  26765.4  22340.5    25970        0        0        0        0        0        0        0        0        0        0        0        0        0        0        0        0        0        0        0        0        0        0        0        0        0 
85   123157  31025.4  26600.5    30230        0        0        0        0        0        0        0        0        0        0        0        0        0        0        0        0        0        0        0        0        0        0        0        0        0 
86   127356    35225    30800        0        0        0        0        0        0        0        0        0        0        0        0        0        0        0        0        0        0        0        0        0        0        0        0        0        0 
87   123651    31520        0        0        0        0        0        0        0        0        0        0        0        0        0        0        0        0        0        0        0        0        0        0        0        0        0        0        0 
88   124103  31971.6        0        0        0        0        0        0        0        0        0        0        0        0        0        0        0        0        0        0        0        0        0        0        0        0        0        0        0 
89   126297        0        0        0        0        0        0        0        0        0        0        0        0        0        0        0        0        0        0        0        0        0        0        0        0        0        0        0        0 
90   128507        0        0        0        0        0        0        0        0        0        0        0        0        0        0        0        0        0        0        0        0        0        0        0        0        0        0        0        0 
