Q      1s      2s       2p       2p*      3s      3p        3p*      4s       3d       3d*      4p       4p*      5s       4d       4d*      5p       5p*      6s       4f       4f*      5d       5d*      6p       6p*      7s       5f       5f*      6d       6d*
 0   116444  21936.7  17294.8  21126.2  5622.14   4362.6  5254.51  1478.24   3603.3  3782.88  1075.97  1311.43  342.763  765.472  809.095  220.215  275.594  58.1769  402.519  413.736  109.979  118.407  26.7945  36.5478  5.50627  8.69651   9.4435  4.98718  5.24513 
 1   116446  21938.9  17296.9  21128.4   5624.3  4364.75  5256.66  1480.39  3605.46  3785.04  1078.13  1313.59   344.92  767.628  811.252  222.372  277.751  60.3334  404.676  415.892  112.135  120.564   28.951  38.7043  7.66277   10.853     11.6        0        0 
 2   116454  21947.1  17305.1  21136.6   5632.5  4372.95  5264.86  1488.59  3613.66  3793.24  1086.33  1321.79   353.12  775.828  819.452  230.572  285.951  68.5334  412.876  424.092  120.335  128.764   37.151  46.9043  15.8628   19.053     19.8        0        0 
 3   116472  21964.7  17322.8  21154.2  5650.14   4390.6  5282.51  1506.24   3631.3  3810.89  1103.98  1339.43  370.767  793.475  837.099  248.219  303.598  86.1804  430.523  441.739  137.982  146.411   54.798  64.5513  33.5098     36.7        0        0        0 
 4   116484  21977.2  17335.3  21166.7  5662.63  4403.09     5295  1518.73  3643.79  3823.38  1116.47  1351.92  383.257  805.966  849.589  260.709  316.088  98.6707  443.013   454.23  150.473  158.901  67.2883  77.0415       46        0        0        0        0 
 5   116500  21993.2  17351.3  21182.7  5678.63  4419.09     5311  1534.73  3659.79  3839.38  1132.47  1367.92  399.257  821.966  865.589  276.709  332.088  114.671  459.013   470.23  166.473  174.901  83.2883  93.0415       62        0        0        0        0 
 6   116496  21989.2  17347.2  21178.6  5674.59  4415.05  5306.96  1530.69  3655.75  3835.34  1128.43  1363.88  395.215  817.924  861.547  272.668  328.047  110.629  454.971  466.188  162.431  170.859  79.2467       89        0        0        0        0        0 
 7   116508  22001.2  17359.2  21190.6  5686.59  4427.05  5318.96  1542.69  3667.75  3847.34  1140.43  1375.88  407.215  829.924  873.547  284.668  340.047  122.629  466.971  478.188  174.431  182.859  91.2467      101        0        0        0        0        0 
 8   116523  22016.2  17374.2  21205.6  5701.59  4442.05  5333.96  1557.69  3682.75  3862.34  1155.43  1390.88  422.215  844.924  888.547  299.668  355.047  137.629  481.971  493.188  189.431  197.859  106.247      116        0        0        0        0        0 
 9   116536  22029.1  17387.1  21218.5  5714.49  4454.95  5346.86  1570.59  3695.65  3875.24  1168.33  1403.78  435.115  857.824  901.447  312.568  367.947  150.529  494.871  506.088  202.331  210.759  119.147    128.9        0        0        0        0        0 
10   116565  22058.2  17416.2  21247.6  5743.59  4484.05  5375.96  1599.69  3724.75  3904.34  1197.43  1432.88  464.215  886.924  930.547  341.668  397.047  179.629  523.971  535.188  231.431  239.859  148.247      158        0        0        0        0        0 
11   116590  22082.9    17441  21272.4  5768.34   4508.8  5400.71  1624.44   3749.5  3929.09  1222.18  1457.64  488.969  911.677  955.301  366.421    421.8  204.382  548.725  559.941  256.184  264.613      173        0        0        0        0        0        0 
12   116535  22028.3  17386.4  21217.8  5713.73  4454.19   5346.1  1569.83  3694.89  3874.48  1167.57  1403.02  434.356  857.065  900.688  311.808  367.187   149.77  494.112  505.329  201.572      210        0        0        0        0        0        0        0 
13   116552  22045.3  17403.4  21234.8  5730.73  4471.19   5363.1  1586.83  3711.89  3891.48  1184.57  1420.02  451.356  874.065  917.688  328.808  384.187   166.77  511.112  522.329  218.572      227        0        0        0        0        0        0        0 
14   116648  22141.3  17499.4  21330.8  5826.73  4567.19   5459.1  1682.83  3807.89  3987.48  1280.57  1516.02  547.356  970.065  1013.69  424.808  480.187   262.77  607.112  618.329  314.572      323        0        0        0        0        0        0        0 
15   116673  22166.3  17524.4  21355.8  5851.73  4592.19   5484.1  1707.83  3832.89  4012.48  1305.57  1541.02  572.356  995.065  1038.69  449.808  505.187   287.77  632.112  643.329  339.572      348        0        0        0        0        0        0        0 
16   116700  22193.3  17551.4  21382.8  5878.73  4619.19   5511.1  1734.83  3859.89  4039.48  1332.57  1568.02  599.356  1022.06  1065.69  476.808  532.187   314.77  659.112  670.329  366.572      375        0        0        0        0        0        0        0 
17   116727  22220.3  17578.4  21409.8  5905.73  4646.19   5538.1  1761.83  3886.89  4066.48  1359.57  1595.02  626.356  1049.06  1092.69  503.808  559.187   341.77  686.112  697.329  393.572      402        0        0        0        0        0        0        0 
18   116756  22249.3  17607.4  21438.8  5934.73  4675.19   5567.1  1790.83  3915.89  4095.48  1388.57  1624.02  655.356  1078.06  1121.69  532.808  588.187   370.77  715.112  726.329  422.572      431        0        0        0        0        0        0        0 
19   116783  22276.3  17634.4  21465.8  5961.73  4702.19   5594.1  1817.83  3942.89  4122.48  1415.57  1651.02  682.356  1105.06  1148.69  559.808  615.187   397.77  742.112  753.329  449.572      458        0        0        0        0        0        0        0 
20   116822  22315.3  17673.4  21504.8  6000.73  4741.19   5633.1  1856.83  3981.89  4161.48  1454.57  1690.02  721.356  1144.06  1187.69  598.808  654.187   436.77  781.112  792.329  488.572      497        0        0        0        0        0        0        0 
21   116859  22351.7  17709.8  21541.2  6037.16  4777.62  5669.53  1893.26  4018.32   4197.9  1490.99  1726.45  757.784  1180.49  1224.12  635.236  690.616  473.198   817.54  828.757      525        0        0        0        0        0        0        0        0 
22   116587    22080    17438  21269.5   5765.4  4505.86  5397.77   1621.5  3746.56  3926.15  1219.24  1454.69  486.027  908.736  952.359   363.48  418.859  201.441  545.783      557        0        0        0        0        0        0        0        0        0 
23   116615    22108    17466  21297.5   5793.4  4533.86  5425.77   1649.5  3774.56  3954.15  1247.24  1482.69  514.027  936.736  980.359   391.48  446.859  229.441  573.783      585        0        0        0        0        0        0        0        0        0 
24   116760    22253    17611  21442.5   5938.4  4678.86  5570.77   1794.5  3919.56  4099.15  1392.24  1627.69  659.027  1081.74  1125.36   536.48  591.859  374.441  718.783      730        0        0        0        0        0        0        0        0        0 
25   116800    22293    17651  21482.5   5978.4  4718.86  5610.77   1834.5  3959.56  4139.15  1432.24  1667.69  699.027  1121.74  1165.36   576.48  631.859  414.441  758.783      770        0        0        0        0        0        0        0        0        0 
26   116830    22323    17681  21512.5   6008.4  4748.86  5640.77   1864.5  3989.56  4169.15  1462.24  1697.69  729.027  1151.74  1195.36   606.48  661.859  444.441  788.783      800        0        0        0        0        0        0        0        0        0 
27   116870    22363    17721  21552.5   6048.4  4788.86  5680.77   1904.5  4029.56  4209.15  1502.24  1737.69  769.027  1191.74  1235.36   646.48  701.859  484.441  828.783      840        0        0        0        0        0        0        0        0        0 
28   116960    22453    17811  21642.5   6138.4  4878.86  5770.77   1994.5  4119.56  4299.15  1592.24  1827.69  859.027  1281.74  1325.36   736.48  791.859  574.441  918.783      930        0        0        0        0        0        0        0        0        0 
29   117000    22493    17851  21682.5   6178.4  4918.86  5810.77   2034.5  4159.56  4339.15  1632.24  1867.69  899.027  1321.74  1365.36   776.48  831.859  614.441  958.783      970        0        0        0        0        0        0        0        0        0 
30   117100    22593    17951  21782.5   6278.4  5018.86  5910.77   2134.5  4259.56  4439.15  1732.24  1967.69  999.027  1421.74  1465.36   876.48  931.859  714.441  1058.78     1070        0        0        0        0        0        0        0        0        0 
31   117140    22633    17991  21822.5   6318.4  5058.86  5950.77   2174.5  4299.56  4479.15  1772.24  2007.69  1039.03  1461.74  1505.36   916.48  971.859  754.441  1098.78     1110        0        0        0        0        0        0        0        0        0 
32   117240    22733    18091  21922.5   6418.4  5158.86  6050.77   2274.5  4399.56  4579.15  1872.24  2107.69  1139.03  1561.74  1605.36  1016.48  1071.86  854.441  1198.78     1210        0        0        0        0        0        0        0        0        0 
33   117320    22813    18171  22002.5   6498.4  5238.86  6130.77   2354.5  4479.56  4659.15  1952.24  2187.69  1219.03  1641.74  1685.36  1096.48  1151.86  934.441  1278.78     1290        0        0        0        0        0        0        0        0        0 
34   117400    22893    18251  22082.5   6578.4  5318.86  6210.77   2434.5  4559.56  4739.15  2032.24  2267.69  1299.03  1721.74  1765.36  1176.48  1231.86  1014.44  1358.78     1370        0        0        0        0        0        0        0        0        0 
35   117481  22974.2  18332.2  22163.7  6659.62  5400.08  6291.99  2515.72  4640.78  4820.36  2113.45  2348.91  1380.24  1802.95  1846.58   1257.7  1313.08  1095.66     1440        0        0        0        0        0        0        0        0        0        0 
36   117906  23398.5  18756.6    22588  7083.96  5824.42  6716.33  2940.06  5065.12  5244.71   2537.8  2773.25  1804.59  2227.29  2270.92  1682.04  1737.42     1520        0        0        0        0        0        0        0        0        0        0        0 
37   117976  23468.5  18826.6    22658  7153.96  5894.42  6786.33  3010.06  5135.12  5314.71   2607.8  2843.25  1874.59  2297.29  2340.92  1752.04  1807.42     1590        0        0        0        0        0        0        0        0        0        0        0 
38   117838  23331.1  18689.2  22520.6  7016.54     5757  6648.91  2872.64   4997.7  5177.29  2470.38  2705.84  1737.17  2159.88   2203.5  1614.62     1670        0        0        0        0        0        0        0        0        0        0        0        0 
39   117918  23411.1  18769.2  22600.6  7096.54     5837  6728.91  2952.64   5077.7  5257.29  2550.38  2785.84  1817.17  2239.88   2283.5  1694.62     1750        0        0        0        0        0        0        0        0        0        0        0        0 
40   117998  23491.1  18849.2  22680.6  7176.54     5917  6808.91  3032.64   5157.7  5337.29  2630.38  2865.84  1897.17  2319.88   2363.5  1774.62     1830        0        0        0        0        0        0        0        0        0        0        0        0 
41   118078  23571.1  18929.2  22760.6  7256.54     5997  6888.91  3112.64   5237.7  5417.29  2710.38  2945.84  1977.17  2399.88   2443.5  1854.62     1910        0        0        0        0        0        0        0        0        0        0        0        0 
42   118158  23651.1  19009.2  22840.6  7336.54     6077  6968.91  3192.64   5317.7  5497.29  2790.38  3025.84  2057.17  2479.88   2523.5  1934.62     1990        0        0        0        0        0        0        0        0        0        0        0        0 
43   118294  23786.5  19144.5    22976  7471.92  6212.38  7104.29  3328.02  5453.08  5632.67  2925.76  3161.21  2192.55  2615.26  2658.88     2070        0        0        0        0        0        0        0        0        0        0        0        0        0 
44   117775  23267.6  18625.7  22457.1  6953.04   5693.5  6585.41  2809.14   4934.2  5113.79  2406.88  2642.33  1673.67  2096.38     2140        0        0        0        0        0        0        0        0        0        0        0        0        0        0 
45   117855  23347.6  18705.7  22537.1  7033.04   5773.5  6665.41  2889.14   5014.2  5193.79  2486.88  2722.33  1753.67  2176.38     2220        0        0        0        0        0        0        0        0        0        0        0        0        0        0 
46   118213  23705.6  19063.7  22895.1  7391.04   6131.5  7023.41  3247.14   5372.2  5551.79  2844.88  3080.33  2111.67  2534.38     2578        0        0        0        0        0        0        0        0        0        0        0        0        0        0 
47   118281  23773.6  19131.7  22963.1  7459.04   6199.5  7091.41  3315.14   5440.2  5619.79  2912.88  3148.33  2179.67  2602.38     2646        0        0        0        0        0        0        0        0        0        0        0        0        0        0 
48   118353  23845.6  19203.7  23035.1  7531.04   6271.5  7163.41  3387.14   5512.2  5691.79  2984.88  3220.33  2251.67  2674.38     2718        0        0        0        0        0        0        0        0        0        0        0        0        0        0 
49   118429  23921.6  19279.7  23111.1  7607.04   6347.5  7239.41  3463.14   5588.2  5767.79  3060.88  3296.33  2327.67  2750.38     2794        0        0        0        0        0        0        0        0        0        0        0        0        0        0 
50   118502  23994.6  19352.7  23184.1  7680.04   6420.5  7312.41  3536.14   5661.2  5840.79  3133.88  3369.33  2400.67  2823.38     2867        0        0        0        0        0        0        0        0        0        0        0        0        0        0 
51   118573  24065.6  19423.7  23255.1  7751.04   6491.5  7383.41  3607.14   5732.2  5911.79  3204.88  3440.33  2471.67  2894.38     2938        0        0        0        0        0        0        0        0        0        0        0        0        0        0 
52   118708  24200.6  19558.7  23390.1  7886.04   6626.5  7518.41  3742.14   5867.2  6046.79  3339.88  3575.33  2606.67  3029.38     3073        0        0        0        0        0        0        0        0        0        0        0        0        0        0 
53   118825  24318.2  19676.3  23507.7  8003.67  6744.13  7636.04  3859.76  5984.83  6164.41   3457.5  3692.96  2724.29     3147        0        0        0        0        0        0        0        0        0        0        0        0        0        0        0 
54   119329  24821.9    20180  24011.4  8507.38  7247.83  8139.74  4363.47  6488.54  6668.12  3961.21  4196.67     3228        0        0        0        0        0        0        0        0        0        0        0        0        0        0        0        0 
55   119402  24894.9    20253  24084.4  8580.38  7320.83  8212.74  4436.47  6561.54  6741.12  4034.21  4269.67     3301        0        0        0        0        0        0        0        0        0        0        0        0        0        0        0        0 
56   118734  24227.3  19585.3  23416.8  7912.71  6653.17  7545.08  3768.81  5893.87  6073.45  3366.54     3602        0        0        0        0        0        0        0        0        0        0        0        0        0        0        0        0        0 
57   118807  24300.3  19658.3  23489.8  7985.71  6726.17  7618.08  3841.81  5966.87  6146.45  3439.54     3675        0        0        0        0        0        0        0        0        0        0        0        0        0        0        0        0        0 
58   118885  24378.3  19736.3  23567.8  8063.71  6804.17  7696.08  3919.81  6044.87  6224.45  3517.54     3753        0        0        0        0        0        0        0        0        0        0        0        0        0        0        0        0        0 
59   118959  24452.3  19810.3  23641.8  8137.71  6878.17  7770.08  3993.81  6118.87  6298.45  3591.54     3827        0        0        0        0        0        0        0        0        0        0        0        0        0        0        0        0        0 
60   119346  24839.3  20197.3  24028.8  8524.71  7265.17  8157.08  4380.81  6505.87  6685.45  3978.54     4214        0        0        0        0        0        0        0        0        0        0        0        0        0        0        0        0        0 
61   119667  25159.7  20517.8  24349.2  8845.17  7585.62  8477.53  4701.26  6826.33  7005.91     4299        0        0        0        0        0        0        0        0        0        0        0        0        0        0        0        0        0        0 
62   117174  22666.8  18024.9  21856.3  6352.26  5092.71  5984.62  2208.35  4333.42     4513        0        0        0        0        0        0        0        0        0        0        0        0        0        0        0        0        0        0        0 
63   117259  22751.8  18109.9  21941.3  6437.26  5177.71  6069.62  2293.35  4418.42     4598        0        0        0        0        0        0        0        0        0        0        0        0        0        0        0        0        0        0        0 
64   120054  25546.8  20904.9  24736.3  9232.26  7972.71  8864.62  5088.35  7213.42     7393        0        0        0        0        0        0        0        0        0        0        0        0        0        0        0        0        0        0        0 
65   120211  25703.8  21061.9  24893.3  9389.26  8129.71  9021.62  5245.35  7370.42     7550        0        0        0        0        0        0        0        0        0        0        0        0        0        0        0        0        0        0        0 
66   120391  25883.8  21241.9  25073.3  9569.26  8309.71  9201.62  5425.35  7550.42     7730        0        0        0        0        0        0        0        0        0        0        0        0        0        0        0        0        0        0        0 
67   120571  26063.8  21421.9  25253.3  9749.26  8489.71  9381.62  5605.35  7730.42     7910        0        0        0        0        0        0        0        0        0        0        0        0        0        0        0        0        0        0        0 
68   120751  26243.8  21601.9  25433.3  9929.26  8669.71  9561.62  5785.35  7910.42     8090        0        0        0        0        0        0        0        0        0        0        0        0        0        0        0        0        0        0        0 
69   120921  26413.8  21771.9  25603.3  10099.3  8839.71  9731.62  5955.35  8080.42     8260        0        0        0        0        0        0        0        0        0        0        0        0        0        0        0        0        0        0        0 
70   121311  26803.8  22161.9  25993.3  10489.3  9229.71  10121.6  6345.35  8470.42     8650        0        0        0        0        0        0        0        0        0        0        0        0        0        0        0        0        0        0        0 
71   121671  27163.4  22521.5  26352.9  10848.8   9589.3  10481.2  6704.94     8830        0        0        0        0        0        0        0        0        0        0        0        0        0        0        0        0        0        0        0        0 
72   123996  29488.5  24846.5    28678  13173.9  11914.4  12806.3     9030        0        0        0        0        0        0        0        0        0        0        0        0        0        0        0        0        0        0        0        0        0 
73   124176  29668.5  25026.5    28858  13353.9  12094.4  12986.3     9210        0        0        0        0        0        0        0        0        0        0        0        0        0        0        0        0        0        0        0        0        0 
74   120909  26402.2  21760.3  25591.7  10087.6  8828.09     9720        0        0        0        0        0        0        0        0        0        0        0        0        0        0        0        0        0        0        0        0        0        0 
75   121059  26552.2  21910.3  25741.7  10237.6  8978.09     9870        0        0        0        0        0        0        0        0        0        0        0        0        0        0        0        0        0        0        0        0        0        0 
76   121229  26722.2  22080.3  25911.7  10407.6  9148.09    10040        0        0        0        0        0        0        0        0        0        0        0        0        0        0        0        0        0        0        0        0        0        0 
77   121389  26882.2  22240.3  26071.7  10567.6  9308.09    10200        0        0        0        0        0        0        0        0        0        0        0        0        0        0        0        0        0        0        0        0        0        0 
78   122599  28092.2  23450.3  27281.7  11777.6  10518.1    11410        0        0        0        0        0        0        0        0        0        0        0        0        0        0        0        0        0        0        0        0        0        0 
79   123681  29174.1  24532.2  28363.6  12859.5    11600        0        0        0        0        0        0        0        0        0        0        0        0        0        0        0        0        0        0        0        0        0        0        0 
80   122812  28304.6  23662.6  27494.1    11990        0        0        0        0        0        0        0        0        0        0        0        0        0        0        0        0        0        0        0        0        0        0        0        0 
81   122982  28474.6  23832.6  27664.1    12160        0        0        0        0        0        0        0        0        0        0        0        0        0        0        0        0        0        0        0        0        0        0        0        0 
82   120578  26070.5  21428.6    25260        0        0        0        0        0        0        0        0        0        0        0        0        0        0        0        0        0        0        0        0        0        0        0        0        0 
83   120998  26490.5  21848.6    25680        0        0        0        0        0        0        0        0        0        0        0        0        0        0        0        0        0        0        0        0        0        0        0        0        0 
84   121468  26960.5  22318.6    26150        0        0        0        0        0        0        0        0        0        0        0        0        0        0        0        0        0        0        0        0        0        0        0        0        0 
85   121908  27400.5  22758.6    26590        0        0        0        0        0        0        0        0        0        0        0        0        0        0        0        0        0        0        0        0        0        0        0        0        0 
86   126378  31870.5  27228.6    31060        0        0        0        0        0        0        0        0        0        0        0        0        0        0        0        0        0        0        0        0        0        0        0        0        0 
87   130789  36281.9    31640        0        0        0        0        0        0        0        0        0        0        0        0        0        0        0        0        0        0        0        0        0        0        0        0        0        0 
88   126907    32400        0        0        0        0        0        0        0        0        0        0        0        0        0        0        0        0        0        0        0        0        0        0        0        0        0        0        0 
89   127344  32836.5        0        0        0        0        0        0        0        0        0        0        0        0        0        0        0        0        0        0        0        0        0        0        0        0        0        0        0 
90   129570        0        0        0        0        0        0        0        0        0        0        0        0        0        0        0        0        0        0        0        0        0        0        0        0        0        0        0        0 
91   131821        0        0        0        0        0        0        0        0        0        0        0        0        0        0        0        0        0        0        0        0        0        0        0        0        0        0        0        0 
