Q      1s      2s       2p       2p*      3s      3p        3p*      4s       3d       3d*      4p       4p*      5s       4d       4d*      5p       5p*      6s       4f       4f*      5d       5d*      6p       6p*      7s       5f       5f*      6d       6d*
 0   129203  24729.3  19112.5  23856.6  6419.94   4906.5  6022.41  1726.96  4067.59  4286.78  1243.31   1544.1  409.355  898.464  953.313  259.351  333.696  67.2182   501.41  516.029  133.993  145.418  29.3784  42.4551  5.89677  13.2182  14.6142  4.80741  5.09913 
 1   129201    24727  19110.2  23854.4  6417.72  4904.28   6020.2  1724.75  4065.38  4284.57  1241.09  1541.88  407.141   896.25  951.099  257.137  331.482  65.0039  499.196  513.815  131.779  143.203  27.1642  40.2409  3.68255  11.0039     12.4        0        0 
 2   129209  24734.7  19117.9  23862.1  6425.42  4911.98   6027.9  1732.45  4073.08  4292.27  1248.79  1549.58  414.841   903.95  958.799  264.837  339.182  72.7039  506.896  521.515  139.479  150.903  34.8642  47.9409  11.3826  18.7039     20.1        0        0 
 3   129226  24752.3  19135.5  23879.7  6443.02  4929.58   6045.5  1750.05  4090.68  4309.87  1266.39  1567.18  432.441   921.55  976.399  282.437  356.782  90.3039  524.496  539.115  157.079  168.503  52.4642  65.5409  28.9826  36.3039     37.7        0        0 
 4   129240  24765.6  19148.8    23893  6456.32  4942.88   6058.8  1763.35  4103.98  4323.17  1279.69  1580.48  445.741   934.85  989.699  295.737  370.082  103.604  537.796  552.415  170.379  181.803  65.7642  78.8409  42.2826  49.6039       51        0        0 
 5   129258  24783.7  19166.9  23911.1  6474.42  4960.98   6076.9  1781.45  4122.08  4341.27  1297.79  1598.58  463.841   952.95   1007.8  313.837  388.182  121.704  555.896  570.515  188.479  199.903  83.8642  96.9409  60.3826  67.7039     69.1        0        0 
 6   129286  24811.6  19194.8    23939  6502.32  4988.88   6104.8  1809.35  4149.98  4369.17  1325.69  1626.48  491.741   980.85   1035.7  341.737  416.082  149.604  583.796  598.415  216.379  227.803  111.764  124.841  88.2826  95.6039       97        0        0 
 7   129302    24828  19211.2  23955.4  6518.72  5005.28  6121.19  1825.74  4166.38  4385.56  1342.09  1642.88  508.137  997.246  1052.09  358.133  432.478      166  600.192  614.811  232.775  244.199   128.16  141.237  104.679      112        0        0        0 
 8   129325  24851.4  19234.6  23978.7  6542.04   5028.6  6144.52  1849.06   4189.7  4408.88  1365.41   1666.2  531.458  1020.57  1075.42  381.454    455.8  189.321  623.513  638.132  256.097  267.521  151.482  164.558      128        0        0        0        0 
 9   129341  24867.4  19250.6  23994.7  6558.04   5044.6  6160.52  1865.06   4205.7  4424.88  1381.41   1682.2  547.458  1036.57  1091.42  397.454    471.8  205.321  639.513  654.132  272.097  283.521  167.482  180.558      144        0        0        0        0 
10   129328  24853.8    19237  23981.2  6544.48  5031.04  6146.96   1851.5  4192.14  4411.33  1367.85  1668.64    533.9  1023.01  1077.86  383.896  458.241  191.763  625.955  640.574  258.538  269.963  153.923      167        0        0        0        0        0 
11   129351  24876.8    19260  24004.2  6567.48  5054.04  6169.96   1874.5  4215.14  4434.33  1390.85  1691.64    556.9  1046.01  1100.86  406.896  481.241  214.763  648.955  663.574  281.538  292.963  176.923      190        0        0        0        0        0 
12   129374  24899.8    19283  24027.2  6590.48  5077.04  6192.96   1897.5  4238.14  4457.33  1413.85  1714.64    579.9  1069.01  1123.86  429.896  504.241  237.763  671.955  686.574  304.538  315.963  199.923      213        0        0        0        0        0 
13   129396  24921.8    19305  24049.2  6612.48  5099.04  6214.96   1919.5  4260.14  4479.33  1435.85  1736.64    601.9  1091.01  1145.86  451.896  526.241  259.763  693.955  708.574  326.538  337.963  221.923      235        0        0        0        0        0 
14   129414  24939.8    19323  24067.2  6630.48  5117.04  6232.96   1937.5  4278.14  4497.33  1453.85  1754.64    619.9  1109.01  1163.86  469.896  544.241  277.763  711.955  726.574  344.538  355.963  239.923      253        0        0        0        0        0 
15   129446  24971.9  19355.1  24099.2  6662.56  5149.12  6265.03  1969.58  4310.21   4529.4  1485.93  1786.72  651.976  1141.09  1195.93  501.973  576.318   309.84  744.032  758.651  376.615  388.039      272        0        0        0        0        0        0 
16   129369  24894.8    19278  24022.2  6585.52  5072.08     6188  1892.54  4233.18  4452.36  1408.89  1709.68  574.937  1064.05   1118.9  424.933  499.279  232.801  666.992  681.611  299.576      311        0        0        0        0        0        0        0 
17   129390  24915.8    19299  24043.2  6606.52  5093.08     6209  1913.54  4254.18  4473.36  1429.89  1730.68  595.937  1085.05   1139.9  445.933  520.279  253.801  687.992  702.611  320.576      332        0        0        0        0        0        0        0 
18   129518  25043.8    19427  24171.2  6734.52  5221.08     6337  2041.54  4382.18  4601.36  1557.89  1858.68  723.937  1213.05   1267.9  573.933  648.279  381.801  815.992  830.611  448.576      460        0        0        0        0        0        0        0 
19   129547  25072.8    19456  24200.2  6763.52  5250.08     6366  2070.54  4411.18  4630.36  1586.89  1887.68  752.937  1242.05   1296.9  602.933  677.279  410.801  844.992  859.611  477.576      489        0        0        0        0        0        0        0 
20   129576  25101.8    19485  24229.2  6792.52  5279.08     6395  2099.54  4440.18  4659.36  1615.89  1916.68  781.937  1271.05   1325.9  631.933  706.279  439.801  873.992  888.611  506.576      518        0        0        0        0        0        0        0 
21   129608  25133.8    19517  24261.2  6824.52  5311.08     6427  2131.54  4472.18  4691.36  1647.89  1948.68  813.937  1303.05   1357.9  663.933  738.279  471.801  905.992  920.611  538.576      550        0        0        0        0        0        0        0 
22   129638  25163.8    19547  24291.2  6854.52  5341.08     6457  2161.54  4502.18  4721.36  1677.89  1978.68  843.937  1333.05   1387.9  693.933  768.279  501.801  935.992  950.611  568.576      580        0        0        0        0        0        0        0 
23   129669  25194.8    19578  24322.2  6885.52  5372.08     6488  2192.54  4533.18  4752.36  1708.89  2009.68  874.937  1364.05   1418.9  724.933  799.279  532.801  966.992  981.611  599.576      611        0        0        0        0        0        0        0 
24   129715  25240.8    19624  24368.2  6931.52  5418.08     6534  2238.54  4579.18  4798.36  1754.89  2055.68  920.937  1410.05   1464.9  770.933  845.279  578.801  1012.99  1027.61  645.576      657        0        0        0        0        0        0        0 
25   129758  25284.3  19667.5  24411.6  6974.94   5461.5  6577.42  2281.97   4622.6  4841.79  1798.32   2099.1  964.361  1453.47  1508.32  814.358  888.703  622.225  1056.42  1071.04      689        0        0        0        0        0        0        0        0 
26   129410  24936.2  19319.4  24063.6  6626.91  5113.47  6229.38  1933.93  4274.56  4493.75  1450.28  1751.07  616.326  1105.44  1160.28  466.322  540.667  274.189  708.381      723        0        0        0        0        0        0        0        0        0 
27   129442  24968.2  19351.4  24095.6  6658.91  5145.47  6261.38  1965.93  4306.56  4525.75  1482.28  1783.07  648.326  1137.44  1192.28  498.322  572.667  306.189  740.381      755        0        0        0        0        0        0        0        0        0 
28   129597  25123.2  19506.4  24250.6  6813.91  5300.47  6416.38  2120.93  4461.56  4680.75  1637.28  1938.07  803.326  1292.44  1347.28  653.322  727.667  461.189  895.381      910        0        0        0        0        0        0        0        0        0 
29   129637  25163.2  19546.4  24290.6  6853.91  5340.47  6456.38  2160.93  4501.56  4720.75  1677.28  1978.07  843.326  1332.44  1387.28  693.322  767.667  501.189  935.381      950        0        0        0        0        0        0        0        0        0 
30   129677  25203.2  19586.4  24330.6  6893.91  5380.47  6496.38  2200.93  4541.56  4760.75  1717.28  2018.07  883.326  1372.44  1427.28  733.322  807.667  541.189  975.381      990        0        0        0        0        0        0        0        0        0 
31   129717  25243.2  19626.4  24370.6  6933.91  5420.47  6536.38  2240.93  4581.56  4800.75  1757.28  2058.07  923.326  1412.44  1467.28  773.322  847.667  581.189  1015.38     1030        0        0        0        0        0        0        0        0        0 
32   129827  25353.2  19736.4  24480.6  7043.91  5530.47  6646.38  2350.93  4691.56  4910.75  1867.28  2168.07  1033.33  1522.44  1577.28  883.322  957.667  691.189  1125.38     1140        0        0        0        0        0        0        0        0        0 
33   129867  25393.2  19776.4  24520.6  7083.91  5570.47  6686.38  2390.93  4731.56  4950.75  1907.28  2208.07  1073.33  1562.44  1617.28  923.322  997.667  731.189  1165.38     1180        0        0        0        0        0        0        0        0        0 
34   129987  25513.2  19896.4  24640.6  7203.91  5690.47  6806.38  2510.93  4851.56  5070.75  2027.28  2328.07  1193.33  1682.44  1737.28  1043.32  1117.67  851.189  1285.38     1300        0        0        0        0        0        0        0        0        0 
35   130027  25553.2  19936.4  24680.6  7243.91  5730.47  6846.38  2550.93  4891.56  5110.75  2067.28  2368.07  1233.33  1722.44  1777.28  1083.32  1157.67  891.189  1325.38     1340        0        0        0        0        0        0        0        0        0 
36   130167  25693.2  20076.4  24820.6  7383.91  5870.47  6986.38  2690.93  5031.56  5250.75  2207.28  2508.07  1373.33  1862.44  1917.28  1223.32  1297.67  1031.19  1465.38     1480        0        0        0        0        0        0        0        0        0 
37   130247  25773.2  20156.4  24900.6  7463.91  5950.47  7066.38  2770.93  5111.56  5330.75  2287.28  2588.07  1453.33  1942.44  1997.28  1303.32  1377.67  1111.19  1545.38     1560        0        0        0        0        0        0        0        0        0 
38   130337  25863.2  20246.4  24990.6  7553.91  6040.47  7156.38  2860.93  5201.56  5420.75  2377.28  2678.07  1543.33  2032.44  2087.28  1393.32  1467.67  1201.19  1635.38     1650        0        0        0        0        0        0        0        0        0 
39   130432  25957.9  20341.1  25085.2  7648.53  6135.09     7251  2955.55  5296.18  5515.37   2471.9  2772.69  1637.94  2127.05   2181.9  1487.94  1562.29  1295.81     1730        0        0        0        0        0        0        0        0        0        0 
40   130946    26472  20855.2  25599.4  8162.72  6649.28  7765.19  3469.74  5810.38  6029.56  2986.09  3286.88  2152.14  2641.25  2696.09  2002.13  2076.48     1810        0        0        0        0        0        0        0        0        0        0        0 
41   131026    26552  20935.2  25679.4  8242.72  6729.28  7845.19  3549.74  5890.38  6109.56  3066.09  3366.88  2232.14  2721.25  2776.09  2082.13  2156.48     1890        0        0        0        0        0        0        0        0        0        0        0 
42   130849  26375.6  20758.8  25502.9  8066.24   6552.8  7668.72  3373.26   5713.9  5933.08  2889.61   3190.4  2055.66  2544.77  2599.62  1905.65     1980        0        0        0        0        0        0        0        0        0        0        0        0 
43   130929  26455.6  20838.8  25582.9  8146.24   6632.8  7748.72  3453.26   5793.9  6013.08  2969.61   3270.4  2135.66  2624.77  2679.62  1985.65     2060        0        0        0        0        0        0        0        0        0        0        0        0 
44   131029  26555.6  20938.8  25682.9  8246.24   6732.8  7848.72  3553.26   5893.9  6113.08  3069.61   3370.4  2235.66  2724.77  2779.62  2085.65     2160        0        0        0        0        0        0        0        0        0        0        0        0 
45   131109  26635.6  21018.8  25762.9  8326.24   6812.8  7928.72  3633.26   5973.9  6193.08  3149.61   3450.4  2315.66  2804.77  2859.62  2165.65     2240        0        0        0        0        0        0        0        0        0        0        0        0 
46   131189  26715.6  21098.8  25842.9  8406.24   6892.8  8008.72  3713.26   6053.9  6273.08  3229.61   3530.4  2395.66  2884.77  2939.62  2245.65     2320        0        0        0        0        0        0        0        0        0        0        0        0 
47   131354  26879.9  21263.1  26007.3  8570.59  7057.14  8173.06  3877.61  6218.24  6437.43  3393.96  3694.74     2560  3049.11  3103.96     2410        0        0        0        0        0        0        0        0        0        0        0        0        0 
48   130740  26265.9  20649.1  25393.3  7956.62  6443.18   7559.1  3263.65  5604.28  5823.47     2780  3080.78  1946.04  2435.15     2490        0        0        0        0        0        0        0        0        0        0        0        0        0        0 
49   130830  26355.9  20739.1  25483.3  8046.62  6533.18   7649.1  3353.65  5694.28  5913.47     2870  3170.78  2036.04  2525.15     2580        0        0        0        0        0        0        0        0        0        0        0        0        0        0 
50   131226  26751.9  21135.1  25879.3  8442.62  6929.18   8045.1  3749.65  6090.28  6309.47     3266  3566.78  2432.04  2921.15     2976        0        0        0        0        0        0        0        0        0        0        0        0        0        0 
51   131300  26825.9  21209.1  25953.3  8516.62  7003.18   8119.1  3823.65  6164.28  6383.47     3340  3640.78  2506.04  2995.15     3050        0        0        0        0        0        0        0        0        0        0        0        0        0        0 
52   131375  26900.9  21284.1  26028.3  8591.62  7078.18   8194.1  3898.65  6239.28  6458.47     3415  3715.78  2581.04  3070.15     3125        0        0        0        0        0        0        0        0        0        0        0        0        0        0 
53   131457  26982.9  21366.1  26110.3  8673.62  7160.18   8276.1  3980.65  6321.28  6540.47     3497  3797.78  2663.04  3152.15     3207        0        0        0        0        0        0        0        0        0        0        0        0        0        0 
54   131534  27059.9  21443.1  26187.3  8750.62  7237.18   8353.1  4057.65  6398.28  6617.47     3574  3874.78  2740.04  3229.15     3284        0        0        0        0        0        0        0        0        0        0        0        0        0        0 
55   131610  27135.9  21519.1  26263.3  8826.62  7313.18   8429.1  4133.65  6474.28  6693.47     3650  3950.78  2816.04  3305.15     3360        0        0        0        0        0        0        0        0        0        0        0        0        0        0 
56   131765  27290.9  21674.1  26418.3  8981.62  7468.18   8584.1  4288.65  6629.28  6848.47     3805  4105.78  2971.04  3460.15     3515        0        0        0        0        0        0        0        0        0        0        0        0        0        0 
57   131898  27423.8    21807  26551.1  9114.47  7601.03  8716.95   4421.5  6762.13  6981.32  3937.84  4238.63  3103.89     3593        0        0        0        0        0        0        0        0        0        0        0        0        0        0        0 
58   132473  27998.9  22382.1  27126.3  9689.58  8176.14  9292.06   4996.6  7337.24  7556.43  4512.95  4813.74     3679        0        0        0        0        0        0        0        0        0        0        0        0        0        0        0        0 
59   132552  28077.9  22461.1  27205.3  9768.58  8255.14  9371.06   5075.6  7416.24  7635.43  4591.95  4892.74     3758        0        0        0        0        0        0        0        0        0        0        0        0        0        0        0        0 
60   131737  27263.2  21646.4  26390.5  8953.84   7440.4  8556.32  4260.86   6601.5  6820.69  3777.21     4078        0        0        0        0        0        0        0        0        0        0        0        0        0        0        0        0        0 
61   131815  27341.2  21724.4  26468.5  9031.84   7518.4  8634.32  4338.86   6679.5  6898.69  3855.21     4156        0        0        0        0        0        0        0        0        0        0        0        0        0        0        0        0        0 
62   131898  27424.2  21807.4  26551.5  9114.84   7601.4  8717.32  4421.86   6762.5  6981.69  3938.21     4239        0        0        0        0        0        0        0        0        0        0        0        0        0        0        0        0        0 
63   131976  27502.2  21885.4  26629.5  9192.84   7679.4  8795.32  4499.86   6840.5  7059.69  4016.21     4317        0        0        0        0        0        0        0        0        0        0        0        0        0        0        0        0        0 
64   132450  27976.2  22359.4  27103.5  9666.84   8153.4  9269.32  4973.86   7314.5  7533.69  4490.21     4791        0        0        0        0        0        0        0        0        0        0        0        0        0        0        0        0        0 
65   132840    28366  22749.2  27493.3  10056.6  8543.19   9659.1  5363.65  7704.28  7923.47     4880        0        0        0        0        0        0        0        0        0        0        0        0        0        0        0        0        0        0 
66   130026  25552.5  19935.7  24679.8  7243.15  5729.71  6845.63  2550.18  4890.81     5110        0        0        0        0        0        0        0        0        0        0        0        0        0        0        0        0        0        0        0 
67   130116  25642.5  20025.7  24769.8  7333.15  5819.71  6935.63  2640.18  4980.81     5200        0        0        0        0        0        0        0        0        0        0        0        0        0        0        0        0        0        0        0 
68   133186  28712.5  23095.7  27839.8  10403.2  8889.71  10005.6  5710.18  8050.81     8270        0        0        0        0        0        0        0        0        0        0        0        0        0        0        0        0        0        0        0 
69   133356  28882.5  23265.7  28009.8  10573.2  9059.71  10175.6  5880.18  8220.81     8440        0        0        0        0        0        0        0        0        0        0        0        0        0        0        0        0        0        0        0 
70   133536  29062.5  23445.7  28189.8  10753.2  9239.71  10355.6  6060.18  8400.81     8620        0        0        0        0        0        0        0        0        0        0        0        0        0        0        0        0        0        0        0 
71   133736  29262.5  23645.7  28389.8  10953.2  9439.71  10555.6  6260.18  8600.81     8820        0        0        0        0        0        0        0        0        0        0        0        0        0        0        0        0        0        0        0 
72   133916  29442.5  23825.7  28569.8  11133.2  9619.71  10735.6  6440.18  8780.81     9000        0        0        0        0        0        0        0        0        0        0        0        0        0        0        0        0        0        0        0 
73   134096  29622.5  24005.7  28749.8  11313.2  9799.71  10915.6  6620.18  8960.81     9180        0        0        0        0        0        0        0        0        0        0        0        0        0        0        0        0        0        0        0 
74   134546  30072.5  24455.7  29199.8  11763.2  10249.7  11365.6  7070.18  9410.81     9630        0        0        0        0        0        0        0        0        0        0        0        0        0        0        0        0        0        0        0 
75   134956  30481.7  24864.9    29609  12172.3  10658.9  11774.8  7479.37     9820        0        0        0        0        0        0        0        0        0        0        0        0        0        0        0        0        0        0        0        0 
76   137496  33022.3  27405.5  32149.7    14713  13199.5  14315.5    10020        0        0        0        0        0        0        0        0        0        0        0        0        0        0        0        0        0        0        0        0        0 
77   137696  33222.3  27605.5  32349.7    14913  13399.5  14515.5    10220        0        0        0        0        0        0        0        0        0        0        0        0        0        0        0        0        0        0        0        0        0 
78   133941  29466.8    23850  28594.2  11157.5  9644.08    10760        0        0        0        0        0        0        0        0        0        0        0        0        0        0        0        0        0        0        0        0        0        0 
79   134101  29626.8    24010  28754.2  11317.5  9804.08    10920        0        0        0        0        0        0        0        0        0        0        0        0        0        0        0        0        0        0        0        0        0        0 
80   134281  29806.8    24190  28934.2  11497.5  9984.08    11100        0        0        0        0        0        0        0        0        0        0        0        0        0        0        0        0        0        0        0        0        0        0 
81   134451  29976.8    24360  29104.2  11667.5  10154.1    11270        0        0        0        0        0        0        0        0        0        0        0        0        0        0        0        0        0        0        0        0        0        0 
82   135921  31446.8    25830  30574.2  13137.5  11624.1    12740        0        0        0        0        0        0        0        0        0        0        0        0        0        0        0        0        0        0        0        0        0        0 
83   137247  32772.8    27156  31900.1  14463.4    12950        0        0        0        0        0        0        0        0        0        0        0        0        0        0        0        0        0        0        0        0        0        0        0 
84   136133  31659.3  26042.5  30786.7    13350        0        0        0        0        0        0        0        0        0        0        0        0        0        0        0        0        0        0        0        0        0        0        0        0 
85   136333  31859.3  26242.5  30986.7    13550        0        0        0        0        0        0        0        0        0        0        0        0        0        0        0        0        0        0        0        0        0        0        0        0 
86   133087  28612.7  22995.8    27740        0        0        0        0        0        0        0        0        0        0        0        0        0        0        0        0        0        0        0        0        0        0        0        0        0 
87   133527  29052.7  23435.8    28180        0        0        0        0        0        0        0        0        0        0        0        0        0        0        0        0        0        0        0        0        0        0        0        0        0 
88   134047  29572.7  23955.8    28700        0        0        0        0        0        0        0        0        0        0        0        0        0        0        0        0        0        0        0        0        0        0        0        0        0 
89   134447  29972.7  24355.8    29100        0        0        0        0        0        0        0        0        0        0        0        0        0        0        0        0        0        0        0        0        0        0        0        0        0 
90   139947  35472.7  29855.8    34600        0        0        0        0        0        0        0        0        0        0        0        0        0        0        0        0        0        0        0        0        0        0        0        0        0 
91   145291  40816.8    35200        0        0        0        0        0        0        0        0        0        0        0        0        0        0        0        0        0        0        0        0        0        0        0        0        0        0 
92   140474    36000        0        0        0        0        0        0        0        0        0        0        0        0        0        0        0        0        0        0        0        0        0        0        0        0        0        0        0 
93   140967    36493        0        0        0        0        0        0        0        0        0        0        0        0        0        0        0        0        0        0        0        0        0        0        0        0        0        0        0 
94   143300        0        0        0        0        0        0        0        0        0        0        0        0        0        0        0        0        0        0        0        0        0        0        0        0        0        0        0        0 
95   145743        0        0        0        0        0        0        0        0        0        0        0        0        0        0        0        0        0        0        0        0        0        0        0        0        0        0        0        0 
