n   Temperature [K]
 36 5.802259e+03 1.160452e+04 1.740678e+04 2.320904e+04 5.802259e+04 8.123163e+04 1.160452e+05 1.740678e+05 2.669039e+05 3.713446e+05 6.034349e+05 8.587343e+05 1.160452e+06 1.914745e+06 2.727062e+06 3.597401e+06 4.525762e+06 5.512146e+06 7.600959e+06 9.805818e+06 1.160452e+07 1.672211e+07 2.233870e+07 2.847749e+07 3.516169e+07 4.241451e+07 5.025917e+07 5.871886e+07 6.781680e+07 7.757620e+07 8.802027e+07 9.917221e+07 1.160452e+08 2.320904e+08 5.802259e+08 1.160452e+09
Q   Rate [m3/s]
  1 3.336000e-19 1.961000e-19 1.403000e-19 1.093000e-19 5.016000e-20 4.461000e-20 4.800000e-20 5.903000e-20 7.135000e-20 7.795000e-20 8.159000e-20 8.001000e-20 7.625000e-20 6.563000e-20 5.540000e-20 4.645000e-20 3.897000e-20 3.284000e-20 2.394000e-20 1.812000e-20 1.490000e-20 9.499000e-21 6.513000e-21 4.697000e-21 3.513000e-21 2.703000e-21 2.126000e-21 1.703000e-21 1.385000e-21 1.140000e-21 9.492000e-22 7.977000e-22 6.340000e-22 2.281000e-22 5.835000e-23 2.071000e-23
  2 1.220000e-18 7.603000e-19 5.638000e-19 4.511000e-19 2.177000e-19 1.773000e-19 1.557000e-19 1.468000e-19 1.428000e-19 1.382000e-19 1.272000e-19 1.161000e-19 1.052000e-19 8.588000e-20 7.142000e-20 5.979000e-20 5.037000e-20 4.270000e-20 3.150000e-20 2.407000e-20 1.991000e-20 1.284000e-20 8.867000e-21 6.427000e-21 4.826000e-21 3.724000e-21 2.936000e-21 2.356000e-21 1.919000e-21 1.582000e-21 1.319000e-21 1.109000e-21 8.827000e-22 3.190000e-22 8.190000e-23 2.914000e-23
  3 2.717000e-18 1.760000e-18 1.341000e-18 1.095000e-18 5.760000e-19 4.756000e-19 4.031000e-19 3.444000e-19 2.935000e-19 2.580000e-19 2.102000e-19 1.783000e-19 1.538000e-19 1.172000e-19 9.462000e-20 7.852000e-20 6.614000e-20 5.619000e-20 4.182000e-20 3.224000e-20 2.683000e-20 1.751000e-20 1.220000e-20 8.894000e-21 6.710000e-21 5.197000e-21 4.110000e-21 3.306000e-21 2.698000e-21 2.229000e-21 1.861000e-21 1.567000e-21 1.249000e-21 4.543000e-22 1.174000e-22 4.194000e-23
  4 4.809000e-18 3.195000e-18 2.475000e-18 2.051000e-18 1.123000e-18 9.231000e-19 7.640000e-19 6.236000e-19 5.028000e-19 4.225000e-19 3.228000e-19 2.626000e-19 2.190000e-19 1.593000e-19 1.252000e-19 1.026000e-19 8.595000e-20 7.311000e-20 5.486000e-20 4.257000e-20 3.562000e-20 2.353000e-20 1.654000e-20 1.215000e-20 9.213000e-21 7.166000e-21 5.687000e-21 4.588000e-21 3.754000e-21 3.108000e-21 2.599000e-21 2.194000e-21 1.752000e-21 6.425000e-22 1.675000e-22 6.018000e-23
  5 7.479000e-18 5.051000e-18 3.962000e-18 3.312000e-18 1.861000e-18 1.527000e-18 1.251000e-18 9.994000e-19 7.839000e-19 6.442000e-19 4.747000e-19 3.760000e-19 3.063000e-19 2.146000e-19 1.655000e-19 1.336000e-19 1.112000e-19 9.424000e-20 7.070000e-20 5.530000e-20 4.647000e-20 3.103000e-20 2.200000e-20 1.626000e-20 1.240000e-20 9.687000e-21 7.716000e-21 6.245000e-21 5.123000e-21 4.252000e-21 3.564000e-21 3.014000e-21 2.413000e-21 8.930000e-22 2.352000e-22 8.511000e-23
  6 1.450000e-17 9.987000e-18 7.971000e-18 6.762000e-18 3.885000e-18 3.129000e-18 2.467000e-18 1.864000e-18 1.372000e-18 1.076000e-18 7.448000e-19 5.662000e-19 4.462000e-19 2.981000e-19 2.229000e-19 1.770000e-19 1.454000e-19 1.221000e-19 9.090000e-20 7.098000e-20 5.981000e-20 4.025000e-20 2.871000e-20 2.134000e-20 1.635000e-20 1.282000e-20 1.025000e-20 8.318000e-21 6.842000e-21 5.691000e-21 4.780000e-21 4.050000e-21 3.251000e-21 1.215000e-21 3.236000e-22 1.180000e-22
  7 1.591000e-17 1.178000e-17 9.742000e-18 8.441000e-18 5.093000e-18 4.152000e-18 3.307000e-18 2.521000e-18 1.865000e-18 1.464000e-18 1.011000e-18 7.656000e-19 5.997000e-19 3.949000e-19 2.921000e-19 2.294000e-19 1.874000e-19 1.570000e-19 1.161000e-19 9.069000e-20 7.662000e-20 5.198000e-20 3.740000e-20 2.798000e-20 2.155000e-20 1.698000e-20 1.362000e-20 1.110000e-20 9.155000e-21 7.635000e-21 6.429000e-21 5.458000e-21 4.393000e-21 1.659000e-21 4.469000e-22 1.642000e-22
  8 2.586000e-17 1.797000e-17 1.444000e-17 1.232000e-17 7.226000e-18 5.863000e-18 4.650000e-18 3.540000e-18 2.628000e-18 2.076000e-18 1.453000e-18 1.110000e-18 8.742000e-19 5.753000e-19 4.224000e-19 3.288000e-19 2.656000e-19 2.206000e-19 1.620000e-19 1.253000e-19 1.060000e-19 7.249000e-20 5.323000e-20 4.094000e-20 3.252000e-20 2.645000e-20 2.190000e-20 1.816000e-20 1.529000e-20 1.298000e-20 1.111000e-20 9.569000e-21 7.843000e-21 3.165000e-21 9.074000e-22 3.455000e-22
  9 3.242000e-17 2.260000e-17 1.821000e-17 1.557000e-17 9.236000e-18 7.526000e-18 6.015000e-18 4.623000e-18 3.487000e-18 2.801000e-18 2.020000e-18 1.579000e-18 1.270000e-18 8.654000e-19 6.489000e-19 5.135000e-19 4.205000e-19 3.526000e-19 2.628000e-19 2.066000e-19 1.752000e-19 1.227000e-19 9.072000e-20 7.035000e-20 5.611000e-20 4.576000e-20 3.794000e-20 3.188000e-20 2.688000e-20 2.290000e-20 1.964000e-20 1.696000e-20 1.393000e-20 5.651000e-21 1.617000e-21 6.123000e-22
 10 3.919000e-17 2.776000e-17 2.241000e-17 1.920000e-17 1.148000e-17 9.407000e-18 7.559000e-18 5.857000e-18 4.482000e-18 3.647000e-18 2.685000e-18 2.131000e-18 1.734000e-18 1.204000e-18 9.129000e-19 7.282000e-19 5.997000e-19 5.057000e-19 3.794000e-19 3.004000e-19 2.560000e-19 1.795000e-19 1.342000e-19 1.041000e-19 8.333000e-20 6.803000e-20 5.647000e-20 4.748000e-20 4.036000e-20 3.461000e-20 2.961000e-20 2.561000e-20 2.108000e-20 8.614000e-21 2.473000e-21 9.367000e-22
 11 4.624000e-17 3.344000e-17 2.704000e-17 2.320000e-17 1.399000e-17 1.153000e-17 9.372000e-18 7.438000e-18 5.847000e-18 4.843000e-18 3.621000e-18 2.888000e-18 2.355000e-18 1.637000e-18 1.243000e-18 9.916000e-19 8.174000e-19 6.892000e-19 5.184000e-19 4.095000e-19 3.501000e-19 2.452000e-19 1.844000e-19 1.433000e-19 1.145000e-19 9.368000e-20 7.777000e-20 6.542000e-20 5.561000e-20 4.770000e-20 4.123000e-20 3.559000e-20 2.936000e-20 1.208000e-20 3.486000e-21 1.323000e-21
 12 5.387000e-17 3.964000e-17 3.210000e-17 2.758000e-17 1.674000e-17 1.388000e-17 1.142000e-17 9.189000e-18 7.317000e-18 6.104000e-18 4.595000e-18 3.678000e-18 3.005000e-18 2.097000e-18 1.598000e-18 1.278000e-18 1.054000e-18 8.903000e-19 6.698000e-19 5.309000e-19 4.533000e-19 3.193000e-19 2.393000e-19 1.871000e-19 1.497000e-19 1.223000e-19 1.017000e-19 8.560000e-20 7.280000e-20 6.247000e-20 5.401000e-20 4.701000e-20 3.877000e-20 1.607000e-20 4.669000e-21 1.777000e-21
 13 6.208000e-17 4.636000e-17 3.758000e-17 3.232000e-17 1.980000e-17 1.657000e-17 1.380000e-17 1.125000e-17 9.037000e-18 7.567000e-18 5.706000e-18 4.568000e-18 3.734000e-18 2.609000e-18 1.990000e-18 1.594000e-18 1.317000e-18 1.113000e-18 8.386000e-19 6.658000e-19 5.687000e-19 4.016000e-19 3.004000e-19 2.355000e-19 1.887000e-19 1.544000e-19 1.282000e-19 1.081000e-19 9.198000e-20 7.896000e-20 6.830000e-20 5.947000e-20 4.946000e-20 2.060000e-20 6.026000e-21 2.302000e-21
 14 1.225000e-16 9.528000e-17 8.023000e-17 7.086000e-17 4.493000e-17 3.743000e-17 3.070000e-17 2.433000e-17 1.883000e-17 1.532000e-17 1.113000e-17 8.700000e-18 6.995000e-18 4.763000e-18 3.574000e-18 2.826000e-18 2.311000e-18 1.935000e-18 1.436000e-18 1.122000e-18 9.482000e-19 6.531000e-19 4.837000e-19 3.730000e-19 2.971000e-19 2.411000e-19 1.993000e-19 1.668000e-19 1.412000e-19 1.213000e-19 1.053000e-19 9.123000e-20 7.519000e-20 3.235000e-20 1.052000e-20 4.326000e-21
 15 9.270000e-17 7.457000e-17 6.395000e-17 5.701000e-17 3.649000e-17 3.042000e-17 2.498000e-17 1.983000e-17 1.540000e-17 1.256000e-17 9.194000e-18 7.235000e-18 5.859000e-18 4.041000e-18 3.062000e-18 2.442000e-18 2.011000e-18 1.694000e-18 1.267000e-18 9.994000e-19 8.504000e-19 5.935000e-19 4.430000e-19 3.423000e-19 2.735000e-19 2.229000e-19 1.847000e-19 1.544000e-19 1.310000e-19 1.127000e-19 9.819000e-20 8.490000e-20 6.997000e-20 3.036000e-20 9.992000e-21 4.130000e-21
 16 1.727000e-16 1.334000e-16 1.134000e-16 1.003000e-16 6.528000e-17 5.506000e-17 4.597000e-17 3.673000e-17 2.824000e-17 2.290000e-17 1.667000e-17 1.312000e-17 1.065000e-17 7.429000e-18 5.709000e-18 4.619000e-18 3.866000e-18 3.306000e-18 2.548000e-18 2.061000e-18 1.787000e-18 1.301000e-18 1.003000e-18 8.017000e-19 6.567000e-19 5.498000e-19 4.651000e-19 3.989000e-19 3.442000e-19 3.002000e-19 2.640000e-19 2.339000e-19 1.973000e-19 9.229000e-20 3.162000e-20 1.363000e-20
 17 1.952000e-16 1.531000e-16 1.319000e-16 1.172000e-16 7.928000e-17 6.797000e-17 5.792000e-17 4.756000e-17 3.687000e-17 3.015000e-17 2.225000e-17 1.773000e-17 1.454000e-17 1.037000e-17 8.103000e-18 6.647000e-18 5.618000e-18 4.866000e-18 3.816000e-18 3.132000e-18 2.741000e-18 2.037000e-18 1.596000e-18 1.295000e-18 1.073000e-18 9.046000e-19 7.742000e-19 6.679000e-19 5.817000e-19 5.096000e-19 4.500000e-19 4.000000e-19 3.420000e-19 1.634000e-19 5.738000e-20 2.478000e-20
