n   Temperature [K]
 36 5.802259e+03 1.160452e+04 1.740678e+04 2.320904e+04 5.802259e+04 8.123163e+04 1.160452e+05 1.740678e+05 2.669039e+05 3.713446e+05 6.034349e+05 8.587343e+05 1.160452e+06 1.914745e+06 2.727062e+06 3.597401e+06 4.525762e+06 5.512146e+06 7.600959e+06 9.805818e+06 1.160452e+07 1.672211e+07 2.233870e+07 2.847749e+07 3.516169e+07 4.241451e+07 5.025917e+07 5.871886e+07 6.781680e+07 7.757620e+07 8.802027e+07 9.917221e+07 1.160452e+08 2.320904e+08 5.802259e+08 1.160452e+09
Q   Rate [m3/s]
  1 3.854000e-19 2.301000e-19 1.663000e-19 1.306000e-19 5.686000e-20 4.180000e-20 3.327000e-20 3.504000e-20 4.803000e-20 6.117000e-20 7.683000e-20 8.281000e-20 8.379000e-20 7.792000e-20 6.922000e-20 6.046000e-20 5.244000e-20 4.540000e-20 3.445000e-20 2.678000e-20 2.237000e-20 1.465000e-20 1.021000e-20 7.447000e-21 5.615000e-21 4.345000e-21 3.433000e-21 2.759000e-21 2.249000e-21 1.857000e-21 1.549000e-21 1.303000e-21 1.038000e-21 3.755000e-22 9.634000e-23 3.423000e-23
  2 1.307000e-18 8.197000e-19 6.107000e-19 4.904000e-19 2.347000e-19 1.871000e-19 1.625000e-19 1.571000e-19 1.608000e-19 1.619000e-19 1.558000e-19 1.456000e-19 1.338000e-19 1.113000e-19 9.424000e-20 8.049000e-20 6.913000e-20 5.963000e-20 4.526000e-20 3.531000e-20 2.957000e-20 1.950000e-20 1.367000e-20 1.000000e-20 7.562000e-21 5.865000e-21 4.642000e-21 3.737000e-21 3.050000e-21 2.520000e-21 2.104000e-21 1.773000e-21 1.413000e-21 5.127000e-22 1.320000e-22 4.697000e-23
  3 2.839000e-18 1.845000e-18 1.408000e-18 1.152000e-18 5.826000e-19 4.635000e-19 3.837000e-19 3.329000e-19 2.992000e-19 2.762000e-19 2.400000e-19 2.115000e-19 1.870000e-19 1.473000e-19 1.214000e-19 1.026000e-19 8.789000e-20 7.596000e-20 5.801000e-20 4.563000e-20 3.845000e-20 2.568000e-20 1.816000e-20 1.338000e-20 1.017000e-20 7.918000e-21 6.287000e-21 5.074000e-21 4.151000e-21 3.436000e-21 2.873000e-21 2.424000e-21 1.935000e-21 7.066000e-22 1.828000e-22 6.529000e-23
  4 4.964000e-18 3.304000e-18 2.563000e-18 2.124000e-18 1.121000e-18 8.961000e-19 7.297000e-19 6.034000e-19 5.079000e-19 4.449000e-19 3.606000e-19 3.045000e-19 2.606000e-19 1.963000e-19 1.577000e-19 1.312000e-19 1.116000e-19 9.614000e-20 7.379000e-20 5.837000e-20 4.942000e-20 3.340000e-20 2.383000e-20 1.768000e-20 1.351000e-20 1.056000e-20 8.417000e-21 6.813000e-21 5.588000e-21 4.635000e-21 3.883000e-21 3.281000e-21 2.625000e-21 9.654000e-22 2.516000e-22 9.026000e-23
  5 7.667000e-18 5.180000e-18 4.070000e-18 3.403000e-18 1.904000e-18 1.568000e-18 1.302000e-18 1.068000e-18 8.653000e-19 7.293000e-19 5.559000e-19 4.499000e-19 3.724000e-19 2.673000e-19 2.089000e-19 1.708000e-19 1.435000e-19 1.227000e-19 9.369000e-20 7.434000e-20 6.320000e-20 4.302000e-20 3.092000e-20 2.307000e-20 1.772000e-20 1.391000e-20 1.112000e-20 9.029000e-21 7.424000e-21 6.172000e-21 5.180000e-21 4.385000e-21 3.515000e-21 1.303000e-21 3.426000e-22 1.236000e-22
  6 1.094000e-17 7.474000e-18 5.919000e-18 4.983000e-18 2.846000e-18 2.346000e-18 1.936000e-18 1.568000e-18 1.249000e-18 1.037000e-18 7.732000e-19 6.152000e-19 5.014000e-19 3.511000e-19 2.698000e-19 2.181000e-19 1.819000e-19 1.545000e-19 1.173000e-19 9.306000e-20 7.920000e-20 5.444000e-20 3.940000e-20 2.958000e-20 2.282000e-20 1.800000e-20 1.444000e-20 1.176000e-20 9.694000e-21 8.078000e-21 6.795000e-21 5.763000e-21 4.630000e-21 1.732000e-21 4.595000e-22 1.668000e-22
  7 1.479000e-17 1.018000e-17 8.107000e-18 6.864000e-18 3.967000e-18 3.268000e-18 2.685000e-18 2.158000e-18 1.702000e-18 1.403000e-18 1.033000e-18 8.153000e-19 6.588000e-19 4.536000e-19 3.445000e-19 2.757000e-19 2.281000e-19 1.935000e-19 1.457000e-19 1.153000e-19 9.825000e-20 6.784000e-20 4.945000e-20 3.732000e-20 2.893000e-20 2.290000e-20 1.844000e-20 1.506000e-20 1.245000e-20 1.040000e-20 8.765000e-21 7.448000e-21 5.999000e-21 2.265000e-21 6.069000e-22 2.217000e-22
  8 2.613000e-17 1.822000e-17 1.466000e-17 1.252000e-17 7.391000e-18 6.025000e-18 4.811000e-18 3.686000e-18 2.749000e-18 2.173000e-18 1.517000e-18 1.157000e-18 9.124000e-19 6.058000e-19 4.503000e-19 3.549000e-19 2.903000e-19 2.435000e-19 1.820000e-19 1.429000e-19 1.213000e-19 8.376000e-20 6.131000e-20 4.648000e-20 3.616000e-20 2.872000e-20 2.319000e-20 1.899000e-20 1.573000e-20 1.317000e-20 1.112000e-20 9.467000e-21 7.642000e-21 2.911000e-21 7.880000e-22 2.898000e-22
  9 2.619000e-17 1.967000e-17 1.643000e-17 1.436000e-17 8.917000e-18 7.352000e-18 5.937000e-18 4.593000e-18 3.451000e-18 2.738000e-18 1.917000e-18 1.462000e-18 1.152000e-18 7.627000e-19 5.636000e-19 4.422000e-19 3.604000e-19 3.014000e-19 2.240000e-19 1.757000e-19 1.489000e-19 1.028000e-19 7.550000e-20 5.763000e-20 4.504000e-20 3.591000e-20 2.910000e-20 2.390000e-20 1.986000e-20 1.666000e-20 1.410000e-20 1.203000e-20 9.733000e-21 3.743000e-21 1.024000e-21 3.789000e-22
 10 3.949000e-17 2.811000e-17 2.270000e-17 1.945000e-17 1.164000e-17 9.536000e-18 7.657000e-18 5.897000e-18 4.435000e-18 3.534000e-18 2.503000e-18 1.927000e-18 1.529000e-18 1.020000e-18 7.524000e-19 5.880000e-19 4.763000e-19 3.962000e-19 2.909000e-19 2.267000e-19 1.916000e-19 1.313000e-19 9.694000e-20 7.418000e-20 5.890000e-20 4.783000e-20 3.957000e-20 3.324000e-20 2.826000e-20 2.427000e-20 2.076000e-20 1.797000e-20 1.481000e-20 6.122000e-21 1.797000e-21 6.929000e-22
 11 4.654000e-17 3.382000e-17 2.735000e-17 2.347000e-17 1.415000e-17 1.163000e-17 9.376000e-18 7.278000e-18 5.532000e-18 4.464000e-18 3.239000e-18 2.546000e-18 2.057000e-18 1.415000e-18 1.067000e-18 8.468000e-19 6.952000e-19 5.841000e-19 4.372000e-19 3.438000e-19 2.931000e-19 2.041000e-19 1.530000e-19 1.186000e-19 9.457000e-20 7.732000e-20 6.420000e-20 5.405000e-20 4.601000e-20 3.954000e-20 3.425000e-20 2.963000e-20 2.451000e-20 1.020000e-20 2.987000e-21 1.145000e-21
 12 5.419000e-17 4.005000e-17 3.244000e-17 2.787000e-17 1.689000e-17 1.393000e-17 1.128000e-17 8.811000e-18 6.761000e-18 5.521000e-18 4.083000e-18 3.256000e-18 2.662000e-18 1.864000e-18 1.425000e-18 1.142000e-18 9.432000e-19 7.971000e-19 6.005000e-19 4.763000e-19 4.070000e-19 2.871000e-19 2.151000e-19 1.687000e-19 1.350000e-19 1.104000e-19 9.197000e-20 7.752000e-20 6.606000e-20 5.680000e-20 4.922000e-20 4.294000e-20 3.553000e-20 1.490000e-20 4.377000e-21 1.677000e-21
 13 6.241000e-17 4.680000e-17 3.794000e-17 3.263000e-17 1.989000e-17 1.646000e-17 1.343000e-17 1.067000e-17 8.390000e-18 6.972000e-18 5.253000e-18 4.220000e-18 3.463000e-18 2.435000e-18 1.865000e-18 1.497000e-18 1.240000e-18 1.049000e-18 7.922000e-19 6.304000e-19 5.388000e-19 3.815000e-19 2.860000e-19 2.246000e-19 1.806000e-19 1.480000e-19 1.231000e-19 1.040000e-19 8.885000e-20 7.624000e-20 6.608000e-20 5.765000e-20 4.808000e-20 2.025000e-20 5.979000e-21 2.294000e-21
 14 7.045000e-17 5.384000e-17 4.388000e-17 3.777000e-17 2.312000e-17 1.922000e-17 1.581000e-17 1.274000e-17 1.017000e-17 8.522000e-18 6.475000e-18 5.222000e-18 4.297000e-18 3.033000e-18 2.330000e-18 1.876000e-18 1.556000e-18 1.319000e-18 9.993000e-19 7.951000e-19 6.825000e-19 4.829000e-19 3.644000e-19 2.853000e-19 2.308000e-19 1.891000e-19 1.575000e-19 1.330000e-19 1.136000e-19 9.798000e-20 8.477000e-20 7.398000e-20 6.171000e-20 2.628000e-20 7.802000e-21 3.000000e-21
 15 7.879000e-17 6.073000e-17 5.024000e-17 4.328000e-17 2.665000e-17 2.232000e-17 1.859000e-17 1.519000e-17 1.226000e-17 1.031000e-17 7.859000e-18 6.342000e-18 5.221000e-18 3.690000e-18 2.838000e-18 2.289000e-18 1.902000e-18 1.615000e-18 1.225000e-18 9.765000e-19 8.374000e-19 5.949000e-19 4.502000e-19 3.523000e-19 2.845000e-19 2.345000e-19 1.954000e-19 1.649000e-19 1.408000e-19 1.214000e-19 1.055000e-19 9.192000e-20 7.671000e-20 3.296000e-20 9.852000e-21 3.799000e-21
 16 1.456000e-16 1.153000e-16 9.867000e-17 8.701000e-17 5.647000e-17 4.714000e-17 3.881000e-17 3.090000e-17 2.407000e-17 1.969000e-17 1.445000e-17 1.139000e-17 9.209000e-18 6.354000e-18 4.811000e-18 3.833000e-18 3.155000e-18 2.656000e-18 1.988000e-18 1.566000e-18 1.331000e-18 9.245000e-19 6.861000e-19 5.337000e-19 4.255000e-19 3.473000e-19 2.887000e-19 2.423000e-19 2.058000e-19 1.762000e-19 1.523000e-19 1.331000e-19 1.116000e-19 4.771000e-20 1.571000e-20 6.507000e-21
 17 1.115000e-16 9.092000e-17 7.952000e-17 7.074000e-17 4.682000e-17 3.913000e-17 3.222000e-17 2.569000e-17 2.007000e-17 1.647000e-17 1.216000e-17 9.643000e-18 7.851000e-18 5.482000e-18 4.193000e-18 3.368000e-18 2.792000e-18 2.365000e-18 1.787000e-18 1.419000e-18 1.213000e-18 8.558000e-19 6.409000e-19 5.019000e-19 4.014000e-19 3.284000e-19 2.745000e-19 2.304000e-19 1.965000e-19 1.680000e-19 1.455000e-19 1.274000e-19 1.070000e-19 4.598000e-20 1.536000e-20 6.405000e-21
 18 2.123000e-16 1.656000e-16 1.415000e-16 1.255000e-16 8.316000e-17 7.014000e-17 5.854000e-17 4.767000e-17 3.689000e-17 3.003000e-17 2.197000e-17 1.737000e-17 1.414000e-17 9.935000e-18 7.669000e-18 6.229000e-18 5.223000e-18 4.482000e-18 3.471000e-18 2.820000e-18 2.452000e-18 1.796000e-18 1.392000e-18 1.119000e-18 9.213000e-19 7.716000e-19 6.570000e-19 5.650000e-19 4.898000e-19 4.284000e-19 3.762000e-19 3.332000e-19 2.840000e-19 1.340000e-19 4.763000e-20 2.019000e-20
 19 2.348000e-16 1.860000e-16 1.601000e-16 1.437000e-16 9.832000e-17 8.418000e-17 7.158000e-17 5.981000e-17 4.716000e-17 3.867000e-17 2.864000e-17 2.291000e-17 1.885000e-17 1.350000e-17 1.060000e-17 8.726000e-18 7.401000e-18 6.407000e-18 5.056000e-18 4.167000e-18 3.658000e-18 2.735000e-18 2.157000e-18 1.755000e-18 1.465000e-18 1.239000e-18 1.062000e-18 9.219000e-19 8.054000e-19 7.087000e-19 6.272000e-19 5.576000e-19 4.777000e-19 2.332000e-19 8.523000e-20 3.605000e-20
