n   Temperature [K]
 36 5.802259e+03 1.160452e+04 1.740678e+04 2.320904e+04 5.802259e+04 8.123163e+04 1.160452e+05 1.740678e+05 2.669039e+05 3.713446e+05 6.034349e+05 8.587343e+05 1.160452e+06 1.914745e+06 2.727062e+06 3.597401e+06 4.525762e+06 5.512146e+06 7.600959e+06 9.805818e+06 1.160452e+07 1.672211e+07 2.233870e+07 2.847749e+07 3.516169e+07 4.241451e+07 5.025917e+07 5.871886e+07 6.781680e+07 7.757620e+07 8.802027e+07 9.917221e+07 1.160452e+08 2.320904e+08 5.802259e+08 1.160452e+09
Q   Rate [m3/s]
  1 5.347000e-19 3.294000e-19 2.434000e-19 1.943000e-19 8.937000e-20 6.559000e-20 4.682000e-20 3.352000e-20 3.102000e-20 3.730000e-20 5.386000e-20 6.543000e-20 7.242000e-20 7.583000e-20 7.232000e-20 6.694000e-20 6.112000e-20 5.540000e-20 4.527000e-20 3.719000e-20 3.210000e-20 2.238000e-20 1.623000e-20 1.216000e-20 9.348000e-21 7.340000e-21 5.866000e-21 4.757000e-21 3.906000e-21 3.243000e-21 2.718000e-21 2.298000e-21 1.838000e-21 6.745000e-22 1.746000e-22 6.221000e-23
  2 1.545000e-18 9.822000e-19 7.396000e-19 5.990000e-19 2.889000e-19 2.157000e-19 1.562000e-19 1.091000e-19 8.379000e-20 8.028000e-20 9.081000e-20 1.004000e-19 1.056000e-19 1.044000e-19 9.731000e-20 8.904000e-20 8.081000e-20 7.309000e-20 5.987000e-20 4.944000e-20 4.287000e-20 3.021000e-20 2.209000e-20 1.665000e-20 1.286000e-20 1.013000e-20 8.120000e-21 6.600000e-21 5.431000e-21 4.516000e-21 3.790000e-21 3.208000e-21 2.570000e-21 9.474000e-22 2.461000e-22 8.784000e-23
  3 3.161000e-18 2.070000e-18 1.589000e-18 1.305000e-18 6.601000e-19 5.020000e-19 3.706000e-19 2.612000e-19 1.907000e-19 1.648000e-19 1.560000e-19 1.567000e-19 1.555000e-19 1.448000e-19 1.306000e-19 1.173000e-19 1.055000e-19 9.503000e-20 7.772000e-20 6.439000e-20 5.605000e-20 3.990000e-20 2.943000e-20 2.233000e-20 1.734000e-20 1.372000e-20 1.104000e-20 8.997000e-21 7.421000e-21 6.183000e-21 5.199000e-21 4.407000e-21 3.537000e-21 1.312000e-21 3.424000e-22 1.225000e-22
  4 5.370000e-18 3.589000e-18 2.794000e-18 2.319000e-18 1.221000e-18 9.439000e-19 7.084000e-19 5.069000e-19 3.666000e-19 3.038000e-19 2.593000e-19 2.423000e-19 2.286000e-19 1.995000e-19 1.751000e-19 1.540000e-19 1.367000e-19 1.221000e-19 9.932000e-20 8.243000e-20 7.184000e-20 5.155000e-20 3.831000e-20 2.926000e-20 2.285000e-20 1.816000e-20 1.466000e-20 1.199000e-20 9.912000e-21 8.278000e-21 6.973000e-21 5.920000e-21 4.761000e-21 1.778000e-21 4.668000e-22 1.676000e-22
  5 8.157000e-18 5.526000e-18 4.350000e-18 3.644000e-18 1.979000e-18 1.550000e-18 1.180000e-18 8.569000e-19 6.233000e-19 5.095000e-19 4.114000e-19 3.656000e-19 3.311000e-19 2.740000e-19 2.325000e-19 2.016000e-19 1.763000e-19 1.559000e-19 1.255000e-19 1.037000e-19 9.059000e-20 6.533000e-20 4.885000e-20 3.752000e-20 2.944000e-20 2.350000e-20 1.903000e-20 1.561000e-20 1.294000e-20 1.083000e-20 9.145000e-21 7.777000e-21 6.268000e-21 2.358000e-21 6.234000e-22 2.248000e-22
  6 1.152000e-17 7.878000e-18 6.248000e-18 5.265000e-18 2.934000e-18 2.322000e-18 1.789000e-18 1.315000e-18 9.581000e-19 7.734000e-19 6.023000e-19 5.177000e-19 4.563000e-19 3.633000e-19 3.024000e-19 2.574000e-19 2.237000e-19 1.962000e-19 1.563000e-19 1.287000e-19 1.123000e-19 8.135000e-20 6.114000e-20 4.721000e-20 3.721000e-20 2.983000e-20 2.425000e-20 1.995000e-20 1.658000e-20 1.391000e-20 1.177000e-20 1.003000e-20 8.097000e-21 3.071000e-21 8.179000e-22 2.962000e-22
  7 1.545000e-17 1.064000e-17 8.485000e-18 7.188000e-18 4.091000e-18 3.307000e-18 2.660000e-18 2.126000e-18 1.717000e-18 1.461000e-18 1.139000e-18 9.367000e-19 7.827000e-19 5.677000e-19 4.451000e-19 3.652000e-19 3.075000e-19 2.648000e-19 2.051000e-19 1.659000e-19 1.435000e-19 1.027000e-19 7.717000e-20 5.953000e-20 4.697000e-20 3.770000e-20 3.069000e-20 2.528000e-20 2.105000e-20 1.768000e-20 1.498000e-20 1.277000e-20 1.033000e-20 3.942000e-21 1.057000e-21 3.846000e-22
  8 1.994000e-17 1.380000e-17 1.106000e-17 9.401000e-18 5.436000e-18 4.410000e-18 3.553000e-18 2.830000e-18 2.267000e-18 1.916000e-18 1.479000e-18 1.207000e-18 1.003000e-18 7.181000e-19 5.582000e-19 4.543000e-19 3.812000e-19 3.258000e-19 2.515000e-19 2.022000e-19 1.746000e-19 1.249000e-19 9.387000e-20 7.293000e-20 5.768000e-20 4.645000e-20 3.793000e-20 3.134000e-20 2.615000e-20 2.202000e-20 1.869000e-20 1.597000e-20 1.295000e-20 4.980000e-21 1.346000e-21 4.922000e-22
  9 2.500000e-17 1.737000e-17 1.396000e-17 1.190000e-17 6.974000e-18 5.683000e-18 4.603000e-18 3.674000e-18 2.937000e-18 2.472000e-18 1.893000e-18 1.534000e-18 1.268000e-18 8.994000e-19 6.938000e-19 5.613000e-19 4.680000e-19 3.993000e-19 3.050000e-19 2.452000e-19 2.108000e-19 1.502000e-19 1.131000e-19 8.800000e-20 7.009000e-20 5.653000e-20 4.629000e-20 3.834000e-20 3.207000e-20 2.706000e-20 2.300000e-20 1.969000e-20 1.600000e-20 6.205000e-21 1.691000e-21 6.214000e-22
 10 3.062000e-17 2.135000e-17 1.719000e-17 1.469000e-17 8.725000e-18 7.198000e-18 5.920000e-18 4.795000e-18 3.853000e-18 3.234000e-18 2.449000e-18 1.965000e-18 1.609000e-18 1.128000e-18 8.619000e-19 6.922000e-19 5.743000e-19 4.870000e-19 3.698000e-19 2.957000e-19 2.541000e-19 1.801000e-19 1.354000e-19 1.054000e-19 8.407000e-20 6.827000e-20 5.593000e-20 4.643000e-20 3.891000e-20 3.289000e-20 2.801000e-20 2.402000e-20 1.955000e-20 7.643000e-21 2.100000e-21 7.756000e-22
 11 3.681000e-17 2.572000e-17 2.075000e-17 1.777000e-17 1.065000e-17 8.818000e-18 7.271000e-18 5.904000e-18 4.742000e-18 3.974000e-18 3.000000e-18 2.402000e-18 1.962000e-18 1.369000e-18 1.043000e-18 8.349000e-19 6.908000e-19 5.848000e-19 4.431000e-19 3.517000e-19 3.020000e-19 2.136000e-19 1.604000e-19 1.251000e-19 9.978000e-20 8.114000e-20 6.694000e-20 5.557000e-20 4.667000e-20 3.953000e-20 3.372000e-20 2.896000e-20 2.362000e-20 9.305000e-21 2.578000e-21 9.571000e-22
 12 4.356000e-17 3.049000e-17 2.465000e-17 2.114000e-17 1.273000e-17 1.054000e-17 8.687000e-18 7.033000e-18 5.640000e-18 4.725000e-18 3.570000e-18 2.860000e-18 2.337000e-18 1.630000e-18 1.242000e-18 9.932000e-19 8.197000e-19 6.926000e-19 5.223000e-19 4.152000e-19 3.550000e-19 2.513000e-19 1.883000e-19 1.467000e-19 1.174000e-19 9.546000e-20 7.886000e-20 6.593000e-20 5.535000e-20 4.696000e-20 4.013000e-20 3.451000e-20 2.821000e-20 1.120000e-20 3.129000e-21 1.168000e-21
 13 6.396000e-17 4.820000e-17 3.930000e-17 3.382000e-17 2.066000e-17 1.712000e-17 1.393000e-17 1.093000e-17 8.372000e-18 6.751000e-18 4.845000e-18 3.762000e-18 3.007000e-18 2.037000e-18 1.528000e-18 1.210000e-18 9.922000e-19 8.337000e-19 6.234000e-19 4.930000e-19 4.201000e-19 2.957000e-19 2.206000e-19 1.717000e-19 1.371000e-19 1.119000e-19 9.229000e-20 7.722000e-20 6.527000e-20 5.531000e-20 4.733000e-20 4.076000e-20 3.337000e-20 1.335000e-20 3.757000e-21 1.409000e-21
 14 5.927000e-17 4.576000e-17 3.892000e-17 3.445000e-17 2.245000e-17 1.888000e-17 1.557000e-17 1.236000e-17 9.555000e-18 7.749000e-18 5.598000e-18 4.363000e-18 3.496000e-18 2.375000e-18 1.783000e-18 1.413000e-18 1.158000e-18 9.723000e-19 7.267000e-19 5.730000e-19 4.896000e-19 3.428000e-19 2.567000e-19 1.994000e-19 1.593000e-19 1.300000e-19 1.076000e-19 9.012000e-20 7.627000e-20 6.512000e-20 5.566000e-20 4.801000e-20 3.939000e-20 1.588000e-20 4.506000e-21 1.698000e-21
 15 7.952000e-17 6.148000e-17 5.128000e-17 4.418000e-17 2.714000e-17 2.254000e-17 1.840000e-17 1.449000e-17 1.115000e-17 9.031000e-18 6.562000e-18 5.151000e-18 4.158000e-18 2.856000e-18 2.156000e-18 1.713000e-18 1.406000e-18 1.181000e-18 8.786000e-19 6.903000e-19 5.861000e-19 4.079000e-19 3.038000e-19 2.348000e-19 1.874000e-19 1.538000e-19 1.271000e-19 1.064000e-19 9.037000e-20 7.768000e-20 6.743000e-20 5.865000e-20 4.898000e-20 2.141000e-20 6.600000e-21 2.614000e-21
 16 8.833000e-17 6.881000e-17 5.813000e-17 5.011000e-17 3.087000e-17 2.567000e-17 2.101000e-17 1.660000e-17 1.283000e-17 1.046000e-17 7.706000e-18 6.135000e-18 5.020000e-18 3.533000e-18 2.714000e-18 2.186000e-18 1.815000e-18 1.537000e-18 1.163000e-18 9.247000e-19 7.915000e-19 5.599000e-19 4.211000e-19 3.306000e-19 2.651000e-19 2.186000e-19 1.830000e-19 1.542000e-19 1.314000e-19 1.132000e-19 9.843000e-20 8.626000e-20 7.204000e-20 3.186000e-20 9.843000e-21 3.878000e-21
 17 9.722000e-17 7.655000e-17 6.515000e-17 5.641000e-17 3.484000e-17 2.902000e-17 2.379000e-17 1.885000e-17 1.464000e-17 1.202000e-17 8.973000e-18 7.229000e-18 5.978000e-18 4.282000e-18 3.328000e-18 2.704000e-18 2.262000e-18 1.930000e-18 1.474000e-18 1.180000e-18 1.016000e-18 7.260000e-19 5.498000e-19 4.343000e-19 3.504000e-19 2.889000e-19 2.432000e-19 2.061000e-19 1.762000e-19 1.519000e-19 1.322000e-19 1.160000e-19 9.747000e-20 4.333000e-20 1.345000e-20 5.293000e-21
 18 1.059000e-16 8.470000e-17 7.195000e-17 6.307000e-17 3.904000e-17 3.257000e-17 2.676000e-17 2.134000e-17 1.681000e-17 1.401000e-17 1.068000e-17 8.707000e-18 7.250000e-18 5.232000e-18 4.082000e-18 3.327000e-18 2.789000e-18 2.385000e-18 1.829000e-18 1.469000e-18 1.266000e-18 9.080000e-19 6.914000e-19 5.464000e-19 4.441000e-19 3.662000e-19 3.080000e-19 2.628000e-19 2.249000e-19 1.944000e-19 1.691000e-19 1.483000e-19 1.247000e-19 5.611000e-20 1.742000e-20 6.861000e-21
 19 1.150000e-16 9.297000e-17 7.910000e-17 7.011000e-17 4.348000e-17 3.632000e-17 2.994000e-17 2.407000e-17 1.921000e-17 1.618000e-17 1.248000e-17 1.024000e-17 8.558000e-18 6.206000e-18 4.859000e-18 3.971000e-18 3.335000e-18 2.859000e-18 2.201000e-18 1.773000e-18 1.532000e-18 1.103000e-18 8.429000e-19 6.668000e-19 5.438000e-19 4.496000e-19 3.777000e-19 3.223000e-19 2.775000e-19 2.398000e-19 2.091000e-19 1.832000e-19 1.540000e-19 6.952000e-20 2.179000e-20 8.593000e-21
 20 1.243000e-16 1.010000e-16 8.659000e-17 7.722000e-17 4.817000e-17 4.034000e-17 3.346000e-17 2.722000e-17 2.204000e-17 1.870000e-17 1.454000e-17 1.195000e-17 1.000000e-17 7.263000e-18 5.694000e-18 4.659000e-18 3.920000e-18 3.364000e-18 2.597000e-18 2.098000e-18 1.813000e-18 1.309000e-18 1.003000e-18 7.956000e-19 6.477000e-19 5.385000e-19 4.524000e-19 3.855000e-19 3.328000e-19 2.883000e-19 2.513000e-19 2.207000e-19 1.853000e-19 8.387000e-20 2.650000e-20 1.048000e-20
 21 2.053000e-16 1.719000e-16 1.501000e-16 1.348000e-16 9.190000e-17 7.790000e-17 6.446000e-17 5.176000e-17 4.078000e-17 3.372000e-17 2.519000e-17 2.018000e-17 1.656000e-17 1.171000e-17 9.048000e-18 7.325000e-18 6.110000e-18 5.206000e-18 3.975000e-18 3.182000e-18 2.736000e-18 1.949000e-18 1.469000e-18 1.153000e-18 9.302000e-19 7.660000e-19 6.425000e-19 5.428000e-19 4.642000e-19 4.024000e-19 3.494000e-19 3.056000e-19 2.556000e-19 1.140000e-19 3.768000e-20 1.605000e-20
 22 1.610000e-16 1.371000e-16 1.219000e-16 1.107000e-16 7.796000e-17 6.641000e-17 5.498000e-17 4.418000e-17 3.486000e-17 2.887000e-17 2.165000e-17 1.740000e-17 1.435000e-17 1.023000e-17 7.966000e-18 6.492000e-18 5.448000e-18 4.665000e-18 3.593000e-18 2.896000e-18 2.502000e-18 1.799000e-18 1.371000e-18 1.086000e-18 8.805000e-19 7.281000e-19 6.123000e-19 5.190000e-19 4.446000e-19 3.862000e-19 3.363000e-19 2.942000e-19 2.471000e-19 1.108000e-19 3.691000e-20 1.586000e-20
 23 2.996000e-16 2.394000e-16 2.076000e-16 1.858000e-16 1.278000e-16 1.099000e-16 9.187000e-17 7.495000e-17 6.048000e-17 5.004000e-17 3.712000e-17 2.966000e-17 2.439000e-17 1.740000e-17 1.361000e-17 1.116000e-17 9.439000e-18 8.151000e-18 6.383000e-18 5.240000e-18 4.585000e-18 3.409000e-18 2.676000e-18 2.174000e-18 1.806000e-18 1.527000e-18 1.310000e-18 1.134000e-18 9.896000e-19 8.711000e-19 7.728000e-19 6.871000e-19 5.883000e-19 2.885000e-19 1.049000e-19 4.641000e-20
 24 3.435000e-16 2.767000e-16 2.408000e-16 2.169000e-16 1.519000e-16 1.325000e-16 1.123000e-16 9.331000e-17 7.715000e-17 6.487000e-17 4.849000e-17 3.903000e-17 3.231000e-17 2.338000e-17 1.849000e-17 1.533000e-17 1.308000e-17 1.139000e-17 9.046000e-18 7.514000e-18 6.630000e-18 5.021000e-18 4.002000e-18 3.291000e-18 2.767000e-18 2.363000e-18 2.043000e-18 1.785000e-18 1.569000e-18 1.389000e-18 1.239000e-18 1.110000e-18 9.565000e-19 4.842000e-19 1.812000e-19 8.127000e-20
