n   Temperature [K]
 36 5.802259e+03 1.160452e+04 1.740678e+04 2.320904e+04 5.802259e+04 8.123163e+04 1.160452e+05 1.740678e+05 2.669039e+05 3.713446e+05 6.034349e+05 8.587343e+05 1.160452e+06 1.914745e+06 2.727062e+06 3.597401e+06 4.525762e+06 5.512146e+06 7.600959e+06 9.805818e+06 1.160452e+07 1.672211e+07 2.233870e+07 2.847749e+07 3.516169e+07 4.241451e+07 5.025917e+07 5.871886e+07 6.781680e+07 7.757620e+07 8.802027e+07 9.917221e+07 1.160452e+08 2.320904e+08 5.802259e+08 1.160452e+09
Q   Rate [m3/s]
  1 4.717000e-19 2.872000e-19 2.105000e-19 1.671000e-19 7.521000e-20 5.490000e-20 3.977000e-20 3.232000e-20 3.804000e-20 4.983000e-20 7.009000e-20 8.126000e-20 8.646000e-20 8.578000e-20 7.942000e-20 7.189000e-20 6.440000e-20 5.738000e-20 4.558000e-20 3.664000e-20 3.121000e-20 2.122000e-20 1.514000e-20 1.121000e-20 8.551000e-21 6.673000e-21 5.307000e-21 4.287000e-21 3.510000e-21 2.907000e-21 2.431000e-21 2.051000e-21 1.638000e-21 5.973000e-22 1.540000e-22 5.482000e-23
  2 1.446000e-18 9.148000e-19 6.861000e-19 5.538000e-19 2.639000e-19 1.961000e-19 1.420000e-19 1.024000e-19 8.690000e-20 9.007000e-20 1.047000e-19 1.137000e-19 1.165000e-19 1.110000e-19 1.011000e-19 9.090000e-20 8.127000e-20 7.252000e-20 5.803000e-20 4.704000e-20 4.030000e-20 2.774000e-20 1.997000e-20 1.488000e-20 1.140000e-20 8.931000e-21 7.124000e-21 5.768000e-21 4.732000e-21 3.925000e-21 3.287000e-21 2.777000e-21 2.220000e-21 8.135000e-22 2.105000e-22 7.504000e-23
  3 3.029000e-18 1.978000e-18 1.515000e-18 1.242000e-18 6.235000e-19 4.729000e-19 3.488000e-19 2.498000e-19 1.926000e-19 1.753000e-19 1.713000e-19 1.702000e-19 1.656000e-19 1.488000e-19 1.314000e-19 1.163000e-19 1.033000e-19 9.197000e-20 7.372000e-20 6.009000e-20 5.174000e-20 3.603000e-20 2.617000e-20 1.964000e-20 1.513000e-20 1.190000e-20 9.524000e-21 7.734000e-21 6.359000e-21 5.285000e-21 4.434000e-21 3.751000e-21 3.004000e-21 1.107000e-21 2.879000e-22 1.029000e-22
  4 5.205000e-18 3.473000e-18 2.699000e-18 2.238000e-18 1.173000e-18 9.049000e-19 6.785000e-19 4.897000e-19 3.654000e-19 3.124000e-19 2.726000e-19 2.528000e-19 2.350000e-19 1.993000e-19 1.714000e-19 1.489000e-19 1.307000e-19 1.157000e-19 9.262000e-20 7.574000e-20 6.544000e-20 4.602000e-20 3.372000e-20 2.548000e-20 1.974000e-20 1.559000e-20 1.253000e-20 1.020000e-20 8.410000e-21 7.005000e-21 5.888000e-21 4.990000e-21 4.004000e-21 1.486000e-21 3.888000e-22 1.395000e-22
  5 7.958000e-18 5.385000e-18 4.236000e-18 3.546000e-18 1.931000e-18 1.539000e-18 1.236000e-18 1.001000e-18 8.317000e-19 7.257000e-19 5.862000e-19 4.937000e-19 4.213000e-19 3.162000e-19 2.531000e-19 2.110000e-19 1.797000e-19 1.557000e-19 1.215000e-19 9.832000e-20 8.469000e-20 5.938000e-20 4.357000e-20 3.301000e-20 2.563000e-20 2.030000e-20 1.634000e-20 1.334000e-20 1.101000e-20 9.185000e-21 7.732000e-21 6.560000e-21 5.273000e-21 1.968000e-21 5.183000e-22 1.867000e-22
  6 1.129000e-17 7.714000e-18 6.114000e-18 5.150000e-18 2.877000e-18 2.312000e-18 1.860000e-18 1.494000e-18 1.216000e-18 1.040000e-18 8.167000e-19 6.737000e-19 5.650000e-19 4.125000e-19 3.251000e-19 2.672000e-19 2.263000e-19 1.945000e-19 1.506000e-19 1.215000e-19 1.047000e-19 7.393000e-20 5.453000e-20 4.154000e-20 3.241000e-20 2.578000e-20 2.082000e-20 1.704000e-20 1.411000e-20 1.180000e-20 9.952000e-21 8.460000e-21 6.814000e-21 2.565000e-21 6.807000e-22 2.464000e-22
  7 1.518000e-17 1.045000e-17 8.332000e-18 7.056000e-18 4.019000e-18 3.252000e-18 2.626000e-18 2.104000e-18 1.692000e-18 1.431000e-18 1.102000e-18 8.970000e-19 7.433000e-19 5.316000e-19 4.132000e-19 3.365000e-19 2.819000e-19 2.417000e-19 1.855000e-19 1.491000e-19 1.283000e-19 9.070000e-20 6.746000e-20 5.156000e-20 4.040000e-20 3.225000e-20 2.614000e-20 2.146000e-20 1.781000e-20 1.493000e-20 1.262000e-20 1.074000e-20 8.673000e-21 3.291000e-21 8.810000e-22 3.206000e-22
  8 1.965000e-17 1.359000e-17 1.088000e-17 9.253000e-18 5.389000e-18 4.435000e-18 3.648000e-18 2.958000e-18 2.375000e-18 1.989000e-18 1.500000e-18 1.202000e-18 9.829000e-19 6.874000e-19 5.268000e-19 4.243000e-19 3.530000e-19 2.998000e-19 2.289000e-19 1.826000e-19 1.568000e-19 1.107000e-19 8.241000e-20 6.350000e-20 4.983000e-20 3.991000e-20 3.244000e-20 2.670000e-20 2.222000e-20 1.866000e-20 1.580000e-20 1.348000e-20 1.090000e-20 4.172000e-21 1.126000e-21 4.122000e-22
  9 2.467000e-17 1.714000e-17 1.377000e-17 1.174000e-17 6.936000e-18 5.736000e-18 4.742000e-18 3.848000e-18 3.078000e-18 2.566000e-18 1.920000e-18 1.527000e-18 1.243000e-18 8.615000e-19 6.552000e-19 5.245000e-19 4.337000e-19 3.675000e-19 2.781000e-19 2.216000e-19 1.895000e-19 1.335000e-19 9.954000e-20 7.685000e-20 6.082000e-20 4.874000e-20 3.974000e-20 3.279000e-20 2.734000e-20 2.301000e-20 1.952000e-20 1.668000e-20 1.353000e-20 5.219000e-21 1.422000e-21 5.232000e-22
 10 3.026000e-17 2.109000e-17 1.698000e-17 1.451000e-17 8.628000e-18 7.134000e-18 5.876000e-18 4.750000e-18 3.790000e-18 3.155000e-18 2.359000e-18 1.874000e-18 1.523000e-18 1.054000e-18 7.980000e-19 6.366000e-19 5.252000e-19 4.434000e-19 3.341000e-19 2.656000e-19 2.271000e-19 1.594000e-19 1.190000e-19 9.195000e-20 7.291000e-20 5.894000e-20 4.804000e-20 3.974000e-20 3.322000e-20 2.801000e-20 2.381000e-20 2.038000e-20 1.656000e-20 6.445000e-21 1.771000e-21 6.555000e-22
 11 4.802000e-17 3.470000e-17 2.810000e-17 2.413000e-17 1.460000e-17 1.203000e-17 9.731000e-18 7.581000e-18 5.752000e-18 4.604000e-18 3.269000e-18 2.519000e-18 2.002000e-18 1.344000e-18 1.002000e-18 7.900000e-19 6.464000e-19 5.423000e-19 4.055000e-19 3.189000e-19 2.723000e-19 1.901000e-19 1.414000e-19 1.095000e-19 8.677000e-20 7.020000e-20 5.770000e-20 4.768000e-20 3.992000e-20 3.372000e-20 2.871000e-20 2.461000e-20 2.004000e-20 7.859000e-21 2.178000e-21 8.108000e-22
 12 4.477000e-17 3.396000e-17 2.873000e-17 2.535000e-17 1.632000e-17 1.365000e-17 1.118000e-17 8.809000e-18 6.746000e-18 5.430000e-18 3.879000e-18 2.999000e-18 2.387000e-18 1.605000e-18 1.197000e-18 9.438000e-19 7.704000e-19 6.452000e-19 4.804000e-19 3.784000e-19 3.217000e-19 2.250000e-19 1.672000e-19 1.294000e-19 1.030000e-19 8.336000e-20 6.862000e-20 5.721000e-20 4.786000e-20 4.051000e-20 3.455000e-20 2.967000e-20 2.421000e-20 9.577000e-21 2.678000e-21 1.002000e-21
 13 6.291000e-17 4.747000e-17 3.849000e-17 3.310000e-17 2.018000e-17 1.669000e-17 1.356000e-17 1.060000e-17 8.085000e-18 6.516000e-18 4.690000e-18 3.656000e-18 2.931000e-18 1.991000e-18 1.491000e-18 1.176000e-18 9.595000e-19 8.020000e-19 5.934000e-19 4.650000e-19 3.932000e-19 2.725000e-19 2.009000e-19 1.557000e-19 1.243000e-19 1.008000e-19 8.312000e-20 6.987000e-20 5.953000e-20 5.093000e-20 4.410000e-20 3.849000e-20 3.216000e-20 1.369000e-20 4.143000e-21 1.625000e-21
 14 7.087000e-17 5.428000e-17 4.446000e-17 3.828000e-17 2.342000e-17 1.941000e-17 1.581000e-17 1.241000e-17 9.538000e-18 7.739000e-18 5.676000e-18 4.498000e-18 3.663000e-18 2.554000e-18 1.949000e-18 1.561000e-18 1.288000e-18 1.087000e-18 8.183000e-19 6.476000e-19 5.543000e-19 3.890000e-19 2.922000e-19 2.274000e-19 1.834000e-19 1.502000e-19 1.247000e-19 1.051000e-19 8.976000e-20 7.745000e-20 6.703000e-20 5.857000e-20 4.898000e-20 2.115000e-20 6.401000e-21 2.496000e-21
 15 7.923000e-17 6.118000e-17 5.086000e-17 4.382000e-17 2.691000e-17 2.234000e-17 1.824000e-17 1.438000e-17 1.112000e-17 9.102000e-18 6.777000e-18 5.440000e-18 4.480000e-18 3.181000e-18 2.456000e-18 1.986000e-18 1.653000e-18 1.405000e-18 1.066000e-18 8.502000e-19 7.291000e-19 5.182000e-19 3.920000e-19 3.069000e-19 2.477000e-19 2.049000e-19 1.706000e-19 1.440000e-19 1.231000e-19 1.063000e-19 9.250000e-20 8.072000e-20 6.755000e-20 2.947000e-20 8.953000e-21 3.487000e-21
 16 8.804000e-17 6.850000e-17 5.768000e-17 4.972000e-17 3.062000e-17 2.547000e-17 2.088000e-17 1.662000e-17 1.309000e-17 1.089000e-17 8.278000e-18 6.713000e-18 5.560000e-18 3.974000e-18 3.078000e-18 2.495000e-18 2.082000e-18 1.772000e-18 1.351000e-18 1.081000e-18 9.287000e-19 6.625000e-19 5.017000e-19 3.955000e-19 3.190000e-19 2.640000e-19 2.213000e-19 1.871000e-19 1.599000e-19 1.380000e-19 1.201000e-19 1.053000e-19 8.802000e-20 3.869000e-20 1.181000e-20 4.602000e-21
 17 9.692000e-17 7.623000e-17 6.486000e-17 5.600000e-17 3.459000e-17 2.883000e-17 2.375000e-17 1.911000e-17 1.527000e-17 1.285000e-17 9.871000e-18 8.045000e-18 6.684000e-18 4.797000e-18 3.728000e-18 3.028000e-18 2.533000e-18 2.162000e-18 1.653000e-18 1.325000e-18 1.141000e-18 8.176000e-19 6.204000e-19 4.910000e-19 3.965000e-19 3.275000e-19 2.758000e-19 2.337000e-19 2.000000e-19 1.725000e-19 1.502000e-19 1.316000e-19 1.103000e-19 4.880000e-20 1.498000e-20 5.848000e-21
 18 1.056000e-16 8.437000e-17 7.166000e-17 6.264000e-17 3.880000e-17 3.249000e-17 2.699000e-17 2.200000e-17 1.781000e-17 1.509000e-17 1.165000e-17 9.510000e-18 7.908000e-18 5.685000e-18 4.424000e-18 3.600000e-18 3.016000e-18 2.577000e-18 1.976000e-18 1.587000e-18 1.369000e-18 9.816000e-19 7.478000e-19 5.910000e-19 4.801000e-19 3.961000e-19 3.332000e-19 2.840000e-19 2.430000e-19 2.100000e-19 1.826000e-19 1.601000e-19 1.344000e-19 6.006000e-20 1.846000e-20 7.224000e-21
 19 1.816000e-16 1.484000e-16 1.283000e-16 1.153000e-16 7.712000e-17 6.460000e-17 5.335000e-17 4.272000e-17 3.353000e-17 2.762000e-17 2.050000e-17 1.634000e-17 1.334000e-17 9.352000e-18 7.171000e-18 5.772000e-18 4.792000e-18 4.065000e-18 3.080000e-18 2.452000e-18 2.102000e-18 1.482000e-18 1.111000e-18 8.676000e-19 6.973000e-19 5.733000e-19 4.771000e-19 4.033000e-19 3.451000e-19 2.966000e-19 2.574000e-19 2.243000e-19 1.870000e-19 8.252000e-20 2.750000e-20 1.149000e-20
 20 1.422000e-16 1.189000e-16 1.045000e-16 9.522000e-17 6.553000e-17 5.491000e-17 4.539000e-17 3.637000e-17 2.861000e-17 2.361000e-17 1.761000e-17 1.409000e-17 1.156000e-17 8.186000e-18 6.329000e-18 5.131000e-18 4.286000e-18 3.657000e-18 2.797000e-18 2.242000e-18 1.928000e-18 1.376000e-18 1.043000e-18 8.207000e-19 6.629000e-19 5.467000e-19 4.567000e-19 3.865000e-19 3.320000e-19 2.856000e-19 2.484000e-19 2.171000e-19 1.809000e-19 8.024000e-20 2.707000e-20 1.139000e-20
 21 2.589000e-16 2.052000e-16 1.769000e-16 1.587000e-16 1.084000e-16 9.170000e-17 7.667000e-17 6.254000e-17 5.001000e-17 4.096000e-17 3.026000e-17 2.411000e-17 1.976000e-17 1.404000e-17 1.093000e-17 8.940000e-18 7.539000e-18 6.496000e-18 5.073000e-18 4.147000e-18 3.622000e-18 2.680000e-18 2.094000e-18 1.695000e-18 1.404000e-18 1.185000e-18 1.011000e-18 8.732000e-19 7.620000e-19 6.696000e-19 5.907000e-19 5.252000e-19 4.475000e-19 2.166000e-19 7.830000e-20 3.388000e-20
 22 2.984000e-16 2.386000e-16 2.071000e-16 1.861000e-16 1.298000e-16 1.118000e-16 9.487000e-17 7.898000e-17 6.506000e-17 5.353000e-17 3.989000e-17 3.203000e-17 2.646000e-17 1.908000e-17 1.504000e-17 1.244000e-17 1.059000e-17 9.207000e-18 7.284000e-18 6.041000e-18 5.321000e-18 4.012000e-18 3.184000e-18 2.610000e-18 2.187000e-18 1.862000e-18 1.606000e-18 1.398000e-18 1.226000e-18 1.085000e-18 9.642000e-19 8.612000e-19 7.403000e-19 3.691000e-19 1.364000e-19 5.982000e-20
