n   Temperature [K]
 36 5.802259e+03 1.160452e+04 1.740678e+04 2.320904e+04 5.802259e+04 8.123163e+04 1.160452e+05 1.740678e+05 2.669039e+05 3.713446e+05 6.034349e+05 8.587343e+05 1.160452e+06 1.914745e+06 2.727062e+06 3.597401e+06 4.525762e+06 5.512146e+06 7.600959e+06 9.805818e+06 1.160452e+07 1.672211e+07 2.233870e+07 2.847749e+07 3.516169e+07 4.241451e+07 5.025917e+07 5.871886e+07 6.781680e+07 7.757620e+07 8.802027e+07 9.917221e+07 1.160452e+08 2.320904e+08 5.802259e+08 1.160452e+09
Q   Rate [m3/s]
  1 2.511000e-19 1.412000e-19 9.879000e-20 7.698000e-20 4.098000e-20 3.426000e-20 2.852000e-20 2.330000e-20 1.965000e-20 1.827000e-20 1.794000e-20 1.810000e-20 1.761000e-20 1.473000e-20 1.168000e-20 9.228000e-21 7.369000e-21 5.966000e-21 4.107000e-21 2.992000e-21 2.408000e-21 1.478000e-21 9.904000e-22 7.036000e-22 5.209000e-22 3.977000e-22 3.110000e-22 2.480000e-22 2.009000e-22 1.649000e-22 1.370000e-22 1.149000e-22 9.111000e-23 3.258000e-23 8.306000e-24 2.947000e-24
  2 9.455000e-19 5.882000e-19 4.398000e-19 3.552000e-19 1.705000e-19 1.275000e-19 9.308000e-20 6.519000e-20 4.612000e-20 3.698000e-20 2.974000e-20 2.739000e-20 2.568000e-20 2.131000e-20 1.712000e-20 1.371000e-20 1.107000e-20 9.042000e-21 6.304000e-21 4.633000e-21 3.747000e-21 2.320000e-21 1.565000e-21 1.116000e-21 8.292000e-22 6.348000e-22 4.975000e-22 3.975000e-22 3.226000e-22 2.653000e-22 2.206000e-22 1.853000e-22 1.471000e-22 5.297000e-23 1.361000e-23 4.858000e-24
  3 3.584000e-18 2.366000e-18 1.825000e-18 1.508000e-18 7.786000e-19 5.978000e-19 4.454000e-19 3.131000e-19 2.119000e-19 1.560000e-19 1.024000e-19 7.926000e-20 6.609000e-20 5.184000e-20 4.392000e-20 3.835000e-20 3.420000e-20 3.084000e-20 2.568000e-20 2.171000e-20 1.922000e-20 1.428000e-20 1.091000e-20 8.508000e-21 6.753000e-21 5.439000e-21 4.437000e-21 3.660000e-21 3.049000e-21 2.562000e-21 2.170000e-21 1.851000e-21 1.497000e-21 5.689000e-22 1.515000e-22 5.481000e-23
  4 5.891000e-18 3.955000e-18 3.092000e-18 2.576000e-18 1.374000e-18 1.069000e-18 8.074000e-19 5.771000e-19 3.978000e-19 2.973000e-19 2.004000e-19 1.587000e-19 1.351000e-19 1.076000e-19 9.253000e-20 8.129000e-20 7.229000e-20 6.491000e-20 5.380000e-20 4.566000e-20 4.061000e-20 3.034000e-20 2.335000e-20 1.833000e-20 1.463000e-20 1.184000e-20 9.699000e-21 8.027000e-21 6.705000e-21 5.647000e-21 4.792000e-21 4.094000e-21 3.317000e-21 1.269000e-21 3.393000e-22 1.229000e-22
  5 8.780000e-18 5.965000e-18 4.704000e-18 3.952000e-18 2.166000e-18 1.704000e-18 1.303000e-18 9.446000e-19 6.614000e-19 5.008000e-19 3.425000e-19 2.723000e-19 2.312000e-19 1.826000e-19 1.547000e-19 1.352000e-19 1.198000e-19 1.068000e-19 8.753000e-20 7.384000e-20 6.550000e-20 4.919000e-20 3.801000e-20 2.999000e-20 2.404000e-20 1.954000e-20 1.606000e-20 1.333000e-20 1.116000e-20 9.424000e-21 8.013000e-21 6.858000e-21 5.568000e-21 2.145000e-21 5.769000e-22 2.095000e-22
  6 1.224000e-17 8.389000e-18 6.660000e-18 5.624000e-18 3.155000e-18 2.505000e-18 1.937000e-18 1.422000e-18 1.009000e-18 7.714000e-19 5.338000e-19 4.249000e-19 3.590000e-19 2.791000e-19 2.338000e-19 2.015000e-19 1.771000e-19 1.578000e-19 1.278000e-19 1.072000e-19 9.467000e-20 7.101000e-20 5.507000e-20 4.361000e-20 3.510000e-20 2.862000e-20 2.360000e-20 1.965000e-20 1.650000e-20 1.396000e-20 1.189000e-20 1.019000e-20 8.296000e-21 3.221000e-21 8.716000e-22 3.176000e-22
  7 1.627000e-17 1.122000e-17 8.958000e-18 7.594000e-18 4.335000e-18 3.472000e-18 2.710000e-18 2.012000e-18 1.445000e-18 1.114000e-18 7.781000e-19 6.204000e-19 5.220000e-19 4.002000e-19 3.310000e-19 2.829000e-19 2.461000e-19 2.174000e-19 1.756000e-19 1.460000e-19 1.287000e-19 9.601000e-20 7.462000e-20 5.928000e-20 4.786000e-20 3.915000e-20 3.237000e-20 2.702000e-20 2.275000e-20 1.929000e-20 1.647000e-20 1.414000e-20 1.153000e-20 4.511000e-21 1.229000e-21 4.495000e-22
  8 2.087000e-17 1.446000e-17 1.159000e-17 9.861000e-18 5.714000e-18 4.600000e-18 3.622000e-18 2.716000e-18 1.971000e-18 1.532000e-18 1.079000e-18 8.611000e-19 7.230000e-19 5.476000e-19 4.482000e-19 3.798000e-19 3.291000e-19 2.885000e-19 2.311000e-19 1.915000e-19 1.681000e-19 1.249000e-19 9.681000e-20 7.717000e-20 6.247000e-20 5.124000e-20 4.248000e-20 3.555000e-20 2.999000e-20 2.548000e-20 2.180000e-20 1.875000e-20 1.532000e-20 6.041000e-21 1.657000e-21 6.084000e-22
  9 2.602000e-17 1.810000e-17 1.455000e-17 1.241000e-17 7.281000e-18 5.898000e-18 4.674000e-18 3.534000e-18 2.590000e-18 2.029000e-18 1.440000e-18 1.152000e-18 9.656000e-19 7.255000e-19 5.886000e-19 4.951000e-19 4.259000e-19 3.729000e-19 2.953000e-19 2.442000e-19 2.136000e-19 1.576000e-19 1.221000e-19 9.730000e-20 7.908000e-20 6.500000e-20 5.402000e-20 4.531000e-20 3.830000e-20 3.261000e-20 2.794000e-20 2.408000e-20 1.972000e-20 7.831000e-21 2.163000e-21 7.973000e-22
 10 3.175000e-17 2.214000e-17 1.784000e-17 1.525000e-17 9.034000e-18 7.358000e-18 5.856000e-18 4.466000e-18 3.301000e-18 2.603000e-18 1.863000e-18 1.492000e-18 1.249000e-18 9.340000e-19 7.524000e-19 6.293000e-19 5.388000e-19 4.687000e-19 3.700000e-19 3.036000e-19 2.657000e-19 1.951000e-19 1.507000e-19 1.200000e-19 9.759000e-20 8.055000e-20 6.706000e-20 5.636000e-20 4.774000e-20 4.071000e-20 3.494000e-20 3.016000e-20 2.474000e-20 9.902000e-21 2.755000e-21 1.019000e-21
 11 3.803000e-17 2.659000e-17 2.146000e-17 1.838000e-17 1.098000e-17 8.978000e-18 7.185000e-18 5.511000e-18 4.106000e-18 3.257000e-18 2.349000e-18 1.885000e-18 1.578000e-18 1.174000e-18 9.411000e-19 7.836000e-19 6.687000e-19 5.802000e-19 4.557000e-19 3.717000e-19 3.241000e-19 2.375000e-19 1.829000e-19 1.457000e-19 1.184000e-19 9.780000e-20 8.177000e-20 6.881000e-20 5.839000e-20 4.988000e-20 4.288000e-20 3.706000e-20 3.047000e-20 1.228000e-20 3.441000e-21 1.278000e-21
 12 4.488000e-17 3.143000e-17 2.541000e-17 2.180000e-17 1.310000e-17 1.075000e-17 8.647000e-18 6.669000e-18 5.003000e-18 3.993000e-18 2.900000e-18 2.335000e-18 1.953000e-18 1.448000e-18 1.158000e-18 9.609000e-19 8.160000e-19 7.060000e-19 5.512000e-19 4.499000e-19 3.903000e-19 2.858000e-19 2.192000e-19 1.742000e-19 1.418000e-19 1.170000e-19 9.793000e-20 8.277000e-20 7.030000e-20 6.015000e-20 5.178000e-20 4.482000e-20 3.691000e-20 1.499000e-20 4.228000e-21 1.577000e-21
 13 5.177000e-17 3.667000e-17 2.969000e-17 2.550000e-17 1.542000e-17 1.271000e-17 1.033000e-17 8.188000e-18 6.497000e-18 5.457000e-18 4.198000e-18 3.426000e-18 2.847000e-18 2.042000e-18 1.585000e-18 1.286000e-18 1.074000e-18 9.160000e-19 7.015000e-19 5.635000e-19 4.862000e-19 3.495000e-19 2.664000e-19 2.103000e-19 1.703000e-19 1.406000e-19 1.173000e-19 9.903000e-20 8.436000e-20 7.216000e-20 6.215000e-20 5.382000e-20 4.436000e-20 1.809000e-20 5.131000e-21 1.921000e-21
 14 5.879000e-17 4.231000e-17 3.429000e-17 2.948000e-17 1.791000e-17 1.480000e-17 1.207000e-17 9.614000e-18 7.653000e-18 6.441000e-18 4.963000e-18 4.052000e-18 3.369000e-18 2.415000e-18 1.874000e-18 1.520000e-18 1.269000e-18 1.081000e-18 8.258000e-19 6.623000e-19 5.714000e-19 4.092000e-19 3.124000e-19 2.460000e-19 1.994000e-19 1.643000e-19 1.376000e-19 1.160000e-19 9.892000e-20 8.499000e-20 7.323000e-20 6.350000e-20 5.243000e-20 2.152000e-20 6.148000e-21 2.310000e-21
 15 6.626000e-17 4.834000e-17 3.922000e-17 3.375000e-17 2.060000e-17 1.706000e-17 1.395000e-17 1.115000e-17 8.899000e-18 7.503000e-18 5.792000e-18 4.732000e-18 3.936000e-18 2.823000e-18 2.189000e-18 1.776000e-18 1.483000e-18 1.263000e-18 9.641000e-19 7.727000e-19 6.645000e-19 4.759000e-19 3.626000e-19 2.860000e-19 2.311000e-19 1.906000e-19 1.595000e-19 1.348000e-19 1.150000e-19 9.885000e-20 8.556000e-20 7.420000e-20 6.136000e-20 2.536000e-20 7.293000e-21 2.752000e-21
 16 7.418000e-17 5.478000e-17 4.448000e-17 3.830000e-17 2.345000e-17 1.946000e-17 1.595000e-17 1.279000e-17 1.022000e-17 8.639000e-18 6.679000e-18 5.463000e-18 4.546000e-18 3.263000e-18 2.532000e-18 2.055000e-18 1.715000e-18 1.461000e-18 1.114000e-18 8.924000e-19 7.681000e-19 5.498000e-19 4.170000e-19 3.297000e-19 2.661000e-19 2.195000e-19 1.835000e-19 1.554000e-19 1.326000e-19 1.141000e-19 9.877000e-20 8.605000e-20 7.118000e-20 2.961000e-20 8.572000e-21 3.247000e-21
 17 8.209000e-17 6.161000e-17 5.006000e-17 4.314000e-17 2.651000e-17 2.206000e-17 1.817000e-17 1.469000e-17 1.185000e-17 1.004000e-17 7.767000e-18 6.344000e-18 5.272000e-18 3.774000e-18 2.925000e-18 2.369000e-18 1.977000e-18 1.685000e-18 1.284000e-18 1.026000e-18 8.823000e-19 6.305000e-19 4.777000e-19 3.775000e-19 3.050000e-19 2.510000e-19 2.102000e-19 1.777000e-19 1.519000e-19 1.307000e-19 1.132000e-19 9.868000e-20 8.212000e-20 3.428000e-20 9.990000e-21 3.799000e-21
 18 8.991000e-17 6.885000e-17 5.596000e-17 4.825000e-17 2.972000e-17 2.477000e-17 2.044000e-17 1.654000e-17 1.335000e-17 1.132000e-17 8.768000e-18 7.170000e-18 5.965000e-18 4.278000e-18 3.318000e-18 2.691000e-18 2.246000e-18 1.914000e-18 1.459000e-18 1.167000e-18 1.003000e-18 7.153000e-19 5.428000e-19 4.276000e-19 3.466000e-19 2.850000e-19 2.384000e-19 2.017000e-19 1.725000e-19 1.487000e-19 1.288000e-19 1.123000e-19 9.352000e-20 3.937000e-20 1.155000e-20 4.409000e-21
 19 1.063000e-16 9.505000e-17 8.185000e-17 7.166000e-17 4.470000e-17 3.734000e-17 3.074000e-17 2.449000e-17 1.911000e-17 1.566000e-17 1.153000e-17 9.122000e-18 7.411000e-18 5.155000e-18 3.935000e-18 3.160000e-18 2.619000e-18 2.221000e-18 1.682000e-18 1.340000e-18 1.149000e-18 8.156000e-19 6.180000e-19 4.846000e-19 3.928000e-19 3.230000e-19 2.696000e-19 2.282000e-19 1.949000e-19 1.680000e-19 1.459000e-19 1.271000e-19 1.059000e-19 4.488000e-20 1.325000e-20 5.076000e-21
 20 1.137000e-16 1.024000e-16 8.948000e-17 7.860000e-17 4.919000e-17 4.114000e-17 3.390000e-17 2.704000e-17 2.114000e-17 1.734000e-17 1.281000e-17 1.016000e-17 8.265000e-18 5.763000e-18 4.406000e-18 3.541000e-18 2.938000e-18 2.493000e-18 1.891000e-18 1.507000e-18 1.291000e-18 9.173000e-19 6.939000e-19 5.451000e-19 4.406000e-19 3.637000e-19 3.037000e-19 2.567000e-19 2.196000e-19 1.891000e-19 1.642000e-19 1.436000e-19 1.195000e-19 5.106000e-20 1.517000e-20 5.837000e-21
 21 1.340000e-16 1.102000e-16 9.537000e-17 8.501000e-17 5.402000e-17 4.519000e-17 3.727000e-17 2.976000e-17 2.327000e-17 1.912000e-17 1.416000e-17 1.129000e-17 9.252000e-18 6.534000e-18 5.039000e-18 4.073000e-18 3.391000e-18 2.883000e-18 2.193000e-18 1.748000e-18 1.499000e-18 1.061000e-18 7.986000e-19 6.266000e-19 5.038000e-19 4.153000e-19 3.464000e-19 2.919000e-19 2.498000e-19 2.166000e-19 1.880000e-19 1.639000e-19 1.366000e-19 6.138000e-20 2.003000e-20 8.152000e-21
 22 1.431000e-16 1.189000e-16 1.036000e-16 9.220000e-17 5.921000e-17 4.957000e-17 4.091000e-17 3.273000e-17 2.565000e-17 2.113000e-17 1.578000e-17 1.269000e-17 1.051000e-17 7.563000e-18 5.915000e-18 4.835000e-18 4.064000e-18 3.483000e-18 2.684000e-18 2.162000e-18 1.867000e-18 1.341000e-18 1.021000e-18 8.091000e-19 6.560000e-19 5.427000e-19 4.577000e-19 3.879000e-19 3.327000e-19 2.890000e-19 2.531000e-19 2.217000e-19 1.860000e-19 8.452000e-20 2.783000e-20 1.129000e-20
 23 1.525000e-16 1.279000e-16 1.119000e-16 9.970000e-17 6.464000e-17 5.414000e-17 4.474000e-17 3.583000e-17 2.815000e-17 2.327000e-17 1.752000e-17 1.422000e-17 1.187000e-17 8.682000e-18 6.865000e-18 5.656000e-18 4.786000e-18 4.126000e-18 3.207000e-18 2.605000e-18 2.257000e-18 1.638000e-18 1.258000e-18 1.001000e-18 8.171000e-19 6.787000e-19 5.742000e-19 4.899000e-19 4.213000e-19 3.660000e-19 3.212000e-19 2.833000e-19 2.381000e-19 1.092000e-19 3.620000e-20 1.470000e-20
 24 1.613000e-16 1.367000e-16 1.199000e-16 1.075000e-16 7.030000e-17 5.892000e-17 4.873000e-17 3.907000e-17 3.078000e-17 2.553000e-17 1.940000e-17 1.588000e-17 1.336000e-17 9.892000e-18 7.885000e-18 6.538000e-18 5.559000e-18 4.811000e-18 3.764000e-18 3.071000e-18 2.673000e-18 1.953000e-18 1.508000e-18 1.204000e-18 9.882000e-19 8.238000e-19 6.967000e-19 5.980000e-19 5.150000e-19 4.478000e-19 3.931000e-19 3.478000e-19 2.935000e-19 1.354000e-19 4.518000e-20 1.836000e-20
 25 1.702000e-16 1.454000e-16 1.281000e-16 1.156000e-16 7.619000e-17 6.390000e-17 5.289000e-17 4.254000e-17 3.381000e-17 2.840000e-17 2.204000e-17 1.829000e-17 1.549000e-17 1.153000e-17 9.202000e-18 7.635000e-18 6.495000e-18 5.626000e-18 4.407000e-18 3.603000e-18 3.140000e-18 2.301000e-18 1.781000e-18 1.426000e-18 1.172000e-18 9.786000e-19 8.286000e-19 7.118000e-19 6.156000e-19 5.356000e-19 4.698000e-19 4.155000e-19 3.526000e-19 1.635000e-19 5.475000e-20 2.229000e-20
 26 1.793000e-16 1.543000e-16 1.365000e-16 1.239000e-16 8.232000e-17 6.909000e-17 5.725000e-17 4.620000e-17 3.701000e-17 3.134000e-17 2.459000e-17 2.051000e-17 1.742000e-17 1.304000e-17 1.043000e-17 8.674000e-18 7.393000e-18 6.415000e-18 5.040000e-18 4.129000e-18 3.605000e-18 2.655000e-18 2.058000e-18 1.653000e-18 1.359000e-18 1.139000e-18 9.658000e-19 8.289000e-19 7.200000e-19 6.267000e-19 5.498000e-19 4.862000e-19 4.138000e-19 1.925000e-19 6.488000e-20 2.648000e-20
 27 2.700000e-16 2.467000e-16 2.214000e-16 2.021000e-16 1.429000e-16 1.237000e-16 1.054000e-16 8.509000e-17 6.757000e-17 5.631000e-17 4.267000e-17 3.459000e-17 2.872000e-17 2.077000e-17 1.630000e-17 1.338000e-17 1.130000e-17 9.729000e-18 7.559000e-18 6.140000e-18 5.331000e-18 3.880000e-18 2.985000e-18 2.374000e-18 1.934000e-18 1.607000e-18 1.354000e-18 1.155000e-18 9.951000e-19 8.665000e-19 7.566000e-19 6.654000e-19 5.615000e-19 2.571000e-19 8.634000e-20 3.788000e-20
 28 2.229000e-16 1.993000e-16 1.806000e-16 1.665000e-16 1.217000e-16 1.063000e-16 9.139000e-17 7.382000e-17 5.868000e-17 4.893000e-17 3.714000e-17 3.018000e-17 2.512000e-17 1.827000e-17 1.441000e-17 1.190000e-17 1.009000e-17 8.725000e-18 6.829000e-18 5.579000e-18 4.864000e-18 3.571000e-18 2.764000e-18 2.215000e-18 1.817000e-18 1.518000e-18 1.286000e-18 1.100000e-18 9.508000e-19 8.304000e-19 7.260000e-19 6.399000e-19 5.407000e-19 2.495000e-19 8.427000e-20 3.733000e-20
 29 2.443000e-16 2.209000e-16 2.024000e-16 1.876000e-16 1.412000e-16 1.250000e-16 1.100000e-16 9.148000e-17 7.551000e-17 6.526000e-17 5.109000e-17 4.183000e-17 3.510000e-17 2.596000e-17 2.079000e-17 1.739000e-17 1.494000e-17 1.308000e-17 1.046000e-17 8.713000e-18 7.701000e-18 5.852000e-18 4.667000e-18 3.840000e-18 3.229000e-18 2.758000e-18 2.386000e-18 2.084000e-18 1.834000e-18 1.628000e-18 1.451000e-18 1.299000e-18 1.121000e-18 5.688000e-19 2.163000e-19 9.993000e-20
 30 2.690000e-16 2.460000e-16 2.271000e-16 2.122000e-16 1.647000e-16 1.472000e-16 1.314000e-16 1.119000e-16 9.462000e-17 8.353000e-17 6.714000e-17 5.522000e-17 4.658000e-17 3.481000e-17 2.813000e-17 2.371000e-17 2.052000e-17 1.808000e-17 1.463000e-17 1.231000e-17 1.095000e-17 8.462000e-18 6.846000e-18 5.699000e-18 4.843000e-18 4.176000e-18 3.645000e-18 3.208000e-18 2.845000e-18 2.539000e-18 2.280000e-18 2.053000e-18 1.785000e-18 9.351000e-19 3.682000e-19 1.721000e-19
