n   Temperature [K]
 36 5.802259e+03 1.160452e+04 1.740678e+04 2.320904e+04 5.802259e+04 8.123163e+04 1.160452e+05 1.740678e+05 2.669039e+05 3.713446e+05 6.034349e+05 8.587343e+05 1.160452e+06 1.914745e+06 2.727062e+06 3.597401e+06 4.525762e+06 5.512146e+06 7.600959e+06 9.805818e+06 1.160452e+07 1.672211e+07 2.233870e+07 2.847749e+07 3.516169e+07 4.241451e+07 5.025917e+07 5.871886e+07 6.781680e+07 7.757620e+07 8.802027e+07 9.917221e+07 1.160452e+08 2.320904e+08 5.802259e+08 1.160452e+09
Q   Rate [m3/s]
  1 6.938000e-17 3.761000e-17 2.417000e-17 1.712000e-17 5.100000e-18 3.190000e-18 1.978000e-18 1.297000e-18 1.016000e-18 8.880000e-19 6.776000e-19 5.116000e-19 3.825000e-19 2.174000e-19 1.396000e-19 9.697000e-20 7.105000e-20 5.414000e-20 3.452000e-20 2.405000e-20 1.891000e-20 1.117000e-20 7.338000e-21 5.148000e-21 3.780000e-21 2.869000e-21 2.234000e-21 1.775000e-21 1.434000e-21 1.175000e-21 9.745000e-22 8.163000e-22 6.462000e-22 2.300000e-22 5.843000e-23 2.069000e-23
  2 1.097000e-33 1.096000e-24 9.944000e-22 2.991000e-20 1.136000e-17 2.967000e-17 5.294000e-17 6.924000e-17 6.759000e-17 5.720000e-17 3.825000e-17 2.634000e-17 1.846000e-17 9.709000e-18 6.005000e-18 4.078000e-18 2.944000e-18 2.218000e-18 1.392000e-18 9.596000e-19 7.493000e-19 4.370000e-19 2.845000e-19 1.984000e-19 1.449000e-19 1.096000e-19 8.506000e-20 6.743000e-20 5.437000e-20 4.447000e-20 3.682000e-20 3.080000e-20 2.435000e-20 8.622000e-21 2.183000e-21 7.722000e-22
  3 1.991000e-31 5.846000e-24 1.401000e-21 1.993000e-20 4.228000e-18 1.525000e-17 3.878000e-17 7.090000e-17 8.969000e-17 8.768000e-17 6.782000e-17 5.011000e-17 3.670000e-17 2.027000e-17 1.282000e-17 8.820000e-18 6.420000e-18 4.866000e-18 3.076000e-18 2.129000e-18 1.666000e-18 9.756000e-19 6.365000e-19 4.443000e-19 3.249000e-19 2.459000e-19 1.910000e-19 1.514000e-19 1.221000e-19 9.993000e-20 8.275000e-20 6.924000e-20 5.474000e-20 1.940000e-20 4.914000e-21 1.738000e-21
  4 2.047000e-43 1.586000e-29 5.827000e-25 1.064000e-22 1.192000e-18 6.498000e-18 2.070000e-17 4.311000e-17 5.844000e-17 5.884000e-17 4.665000e-17 3.482000e-17 2.564000e-17 1.425000e-17 9.036000e-18 6.225000e-18 4.535000e-18 3.440000e-18 2.176000e-18 1.507000e-18 1.180000e-18 6.912000e-19 4.511000e-19 3.150000e-19 2.304000e-19 1.743000e-19 1.354000e-19 1.074000e-19 8.664000e-20 7.088000e-20 5.870000e-20 4.912000e-20 3.883000e-20 1.376000e-20 3.487000e-21 1.233000e-21
  5 2.078000e-36 1.011000e-25 2.874000e-22 1.388000e-20 1.329000e-17 4.804000e-17 1.164000e-16 2.010000e-16 2.426000e-16 2.311000e-16 1.741000e-16 1.270000e-16 9.232000e-17 5.056000e-17 3.186000e-17 2.187000e-17 1.589000e-17 1.203000e-17 7.599000e-18 5.256000e-18 4.112000e-18 2.407000e-18 1.570000e-18 1.096000e-18 8.012000e-19 6.062000e-19 4.708000e-19 3.733000e-19 3.011000e-19 2.464000e-19 2.040000e-19 1.707000e-19 1.349000e-19 4.782000e-20 1.211000e-20 4.285000e-21
  6 1.133000e-59 9.370000e-38 1.472000e-30 5.266000e-27 1.243000e-20 2.212000e-19 1.975000e-18 1.069000e-17 3.144000e-17 4.959000e-17 6.276000e-17 5.904000e-17 5.026000e-17 3.293000e-17 2.254000e-17 1.622000e-17 1.216000e-17 9.402000e-18 6.100000e-18 4.287000e-18 3.383000e-18 2.008000e-18 1.321000e-18 9.269000e-19 6.803000e-19 5.161000e-19 4.017000e-19 3.190000e-19 2.576000e-19 2.110000e-19 1.749000e-19 1.464000e-19 1.159000e-19 4.115000e-20 1.044000e-20 3.694000e-21
  7 1.242000e-28 6.582000e-22 8.835000e-20 9.031000e-19 3.621000e-17 6.434000e-17 9.399000e-17 1.156000e-16 1.152000e-16 1.008000e-16 7.060000e-17 4.995000e-17 3.565000e-17 1.915000e-17 1.197000e-17 8.175000e-18 5.923000e-18 4.475000e-18 2.818000e-18 1.946000e-18 1.521000e-18 8.883000e-19 5.787000e-19 4.036000e-19 2.950000e-19 2.231000e-19 1.732000e-19 1.373000e-19 1.107000e-19 9.056000e-20 7.498000e-20 6.273000e-20 4.958000e-20 1.756000e-20 4.447000e-21 1.573000e-21
  8 8.876000e-28 1.635000e-21 1.542000e-19 1.319000e-18 3.520000e-17 5.462000e-17 7.342000e-17 9.623000e-17 1.180000e-16 1.235000e-16 1.079000e-16 8.593000e-17 6.620000e-17 3.886000e-17 2.531000e-17 1.771000e-17 1.304000e-17 9.958000e-18 6.360000e-18 4.430000e-18 3.479000e-18 2.049000e-18 1.341000e-18 9.384000e-19 6.873000e-19 5.207000e-19 4.048000e-19 3.213000e-19 2.593000e-19 2.123000e-19 1.758000e-19 1.472000e-19 1.164000e-19 4.131000e-20 1.047000e-20 3.706000e-21
  9 1.608000e-22 7.740000e-19 1.006000e-17 3.193000e-17 1.417000e-16 1.528000e-16 1.517000e-16 1.541000e-16 1.633000e-16 1.629000e-16 1.391000e-16 1.104000e-16 8.505000e-17 5.001000e-17 3.262000e-17 2.285000e-17 1.683000e-17 1.286000e-17 8.226000e-18 5.734000e-18 4.506000e-18 2.657000e-18 1.742000e-18 1.219000e-18 8.937000e-19 6.774000e-19 5.268000e-19 4.182000e-19 3.377000e-19 2.765000e-19 2.291000e-19 1.918000e-19 1.517000e-19 5.387000e-20 1.367000e-20 4.836000e-21
 10 2.231000e-29 3.051000e-22 5.618000e-20 6.726000e-19 3.639000e-17 6.931000e-17 1.070000e-16 1.370000e-16 1.394000e-16 1.230000e-16 8.672000e-17 6.148000e-17 4.393000e-17 2.363000e-17 1.477000e-17 1.010000e-17 7.330000e-18 5.549000e-18 3.512000e-18 2.438000e-18 1.913000e-18 1.127000e-18 7.395000e-19 5.185000e-19 3.806000e-19 2.889000e-19 2.250000e-19 1.788000e-19 1.445000e-19 1.184000e-19 9.819000e-20 8.227000e-20 6.514000e-20 2.321000e-20 5.900000e-21 2.090000e-21
 11 9.313000e-17 7.401000e-16 1.137000e-15 1.241000e-15 8.132000e-16 6.163000e-16 4.676000e-16 3.649000e-16 2.920000e-16 2.394000e-16 1.635000e-16 1.158000e-16 8.299000e-17 4.495000e-17 2.823000e-17 1.936000e-17 1.407000e-17 1.067000e-17 6.758000e-18 4.693000e-18 3.683000e-18 2.170000e-18 1.423000e-18 9.978000e-19 7.322000e-19 5.556000e-19 4.326000e-19 3.437000e-19 2.777000e-19 2.276000e-19 1.887000e-19 1.581000e-19 1.252000e-19 4.455000e-20 1.132000e-20 4.010000e-21
 12 2.634000e-20 1.562000e-17 1.010000e-16 2.262000e-16 5.362000e-16 5.116000e-16 4.529000e-16 3.935000e-16 3.431000e-16 2.988000e-16 2.198000e-16 1.621000e-16 1.194000e-16 6.674000e-17 4.254000e-17 2.942000e-17 2.151000e-17 1.637000e-17 1.042000e-17 7.259000e-18 5.705000e-18 3.371000e-18 2.214000e-18 1.554000e-18 1.141000e-18 8.661000e-19 6.745000e-19 5.361000e-19 4.333000e-19 3.551000e-19 2.945000e-19 2.467000e-19 1.953000e-19 6.955000e-20 1.768000e-20 6.261000e-21
 13 7.990000e-24 3.314000e-19 8.832000e-18 4.014000e-17 3.387000e-16 4.072000e-16 4.221000e-16 4.074000e-16 3.837000e-16 3.529000e-16 2.785000e-16 2.138000e-16 1.617000e-16 9.332000e-17 6.039000e-17 4.214000e-17 3.099000e-17 2.367000e-17 1.515000e-17 1.058000e-17 8.330000e-18 4.935000e-18 3.246000e-18 2.280000e-18 1.675000e-18 1.272000e-18 9.908000e-19 7.877000e-19 6.367000e-19 5.218000e-19 4.328000e-19 3.626000e-19 2.871000e-19 1.023000e-19 2.600000e-20 9.207000e-21
 14 2.654000e-27 7.212000e-21 7.748000e-19 7.069000e-18 2.087000e-16 3.161000e-16 3.846000e-16 4.127000e-16 4.173000e-16 4.032000e-16 3.401000e-16 2.715000e-16 2.109000e-16 1.257000e-16 8.259000e-17 5.815000e-17 4.301000e-17 3.299000e-17 2.123000e-17 1.487000e-17 1.173000e-17 6.964000e-18 4.587000e-18 3.224000e-18 2.370000e-18 1.801000e-18 1.403000e-18 1.116000e-18 9.020000e-19 7.394000e-19 6.133000e-19 5.139000e-19 4.069000e-19 1.450000e-19 3.686000e-20 1.305000e-20
 15 1.439000e-30 1.964000e-22 7.786000e-20 1.365000e-18 1.302000e-16 2.455000e-16 3.481000e-16 4.132000e-16 4.444000e-16 4.473000e-16 4.002000e-16 3.315000e-16 2.641000e-16 1.624000e-16 1.084000e-16 7.698000e-17 5.727000e-17 4.411000e-17 2.853000e-17 2.005000e-17 1.583000e-17 9.428000e-18 6.220000e-18 4.376000e-18 3.219000e-18 2.446000e-18 1.907000e-18 1.517000e-18 1.226000e-18 1.005000e-18 8.340000e-19 6.989000e-19 5.535000e-19 1.973000e-19 5.016000e-20 1.777000e-20
 16 1.058000e-33 6.143000e-24 8.498000e-21 2.783000e-19 8.174000e-17 1.903000e-16 3.134000e-16 4.111000e-16 4.676000e-16 4.874000e-16 4.594000e-16 3.938000e-16 3.216000e-16 2.039000e-16 1.381000e-16 9.899000e-17 7.407000e-17 5.729000e-17 3.725000e-17 2.626000e-17 2.077000e-17 1.240000e-17 8.196000e-18 5.772000e-18 4.248000e-18 3.231000e-18 2.519000e-18 2.004000e-18 1.621000e-18 1.329000e-18 1.103000e-18 9.241000e-19 7.320000e-19 2.609000e-19 6.636000e-20 2.350000e-20
 17 4.364000e-38 4.514000e-26 3.514000e-22 2.730000e-20 3.795000e-17 1.185000e-16 2.419000e-16 3.691000e-16 4.590000e-16 5.017000e-16 5.039000e-16 4.500000e-16 3.783000e-16 2.486000e-16 1.715000e-16 1.242000e-16 9.358000e-17 7.274000e-17 4.758000e-17 3.367000e-17 2.669000e-17 1.599000e-17 1.058000e-17 7.461000e-18 5.496000e-18 4.182000e-18 3.262000e-18 2.596000e-18 2.100000e-18 1.722000e-18 1.429000e-18 1.198000e-18 9.490000e-19 3.384000e-19 8.609000e-20 3.050000e-20
 18 7.208000e-41 2.053000e-27 4.827000e-23 6.516000e-21 2.449000e-17 9.232000e-17 2.159000e-16 3.618000e-16 4.713000e-16 5.256000e-16 5.442000e-16 4.978000e-16 4.264000e-16 2.874000e-16 2.007000e-16 1.466000e-16 1.110000e-16 8.660000e-17 5.693000e-17 4.041000e-17 3.208000e-17 1.927000e-17 1.278000e-17 9.019000e-18 6.649000e-18 5.061000e-18 3.950000e-18 3.145000e-18 2.544000e-18 2.087000e-18 1.732000e-18 1.452000e-18 1.151000e-18 4.105000e-19 1.044000e-19 3.700000e-20
 19 2.428000e-43 1.318000e-28 8.278000e-24 1.826000e-21 1.662000e-17 7.407000e-17 1.958000e-16 3.570000e-16 4.854000e-16 5.512000e-16 5.881000e-16 5.520000e-16 4.829000e-16 3.347000e-16 2.373000e-16 1.748000e-16 1.332000e-16 1.043000e-16 6.896000e-17 4.911000e-17 3.906000e-17 2.354000e-17 1.563000e-17 1.104000e-17 8.147000e-18 6.206000e-18 4.845000e-18 3.858000e-18 3.123000e-18 2.562000e-18 2.126000e-18 1.783000e-18 1.413000e-18 5.043000e-19 1.284000e-19 4.548000e-20
 20 2.043000e-45 1.323000e-29 1.898000e-24 6.329000e-22 1.211000e-17 6.218000e-17 1.823000e-16 3.572000e-16 5.026000e-16 5.768000e-16 6.266000e-16 5.997000e-16 5.338000e-16 3.793000e-16 2.724000e-16 2.023000e-16 1.550000e-16 1.219000e-16 8.100000e-17 5.787000e-17 4.611000e-17 2.787000e-17 1.854000e-17 1.311000e-17 9.681000e-18 7.378000e-18 5.763000e-18 4.591000e-18 3.717000e-18 3.050000e-18 2.532000e-18 2.123000e-18 1.683000e-18 6.010000e-19 1.530000e-19 5.421000e-20
 21 1.000000e-76 8.757000e-60 1.679000e-44 6.474000e-37 1.609000e-23 4.492000e-21 2.625000e-19 5.142000e-18 3.375000e-17 8.365000e-17 2.035000e-16 3.191000e-16 4.113000e-16 4.738000e-16 4.343000e-16 3.726000e-16 3.137000e-16 2.634000e-16 1.901000e-16 1.425000e-16 1.164000e-16 7.331000e-17 4.989000e-17 3.579000e-17 2.668000e-17 2.047000e-17 1.607000e-17 1.285000e-17 1.043000e-17 8.582000e-18 7.139000e-18 5.996000e-18 4.761000e-18 1.709000e-18 4.363000e-19 1.547000e-19
 22 1.000000e-76 1.153000e-56 2.076000e-42 2.453000e-35 7.252000e-23 1.350000e-20 5.819000e-19 8.988000e-18 4.959000e-17 1.106000e-16 2.373000e-16 3.508000e-16 4.410000e-16 5.022000e-16 4.609000e-16 3.963000e-16 3.344000e-16 2.814000e-16 2.035000e-16 1.528000e-16 1.249000e-16 7.880000e-17 5.366000e-17 3.851000e-17 2.871000e-17 2.204000e-17 1.730000e-17 1.384000e-17 1.124000e-17 9.243000e-18 7.689000e-18 6.458000e-18 5.128000e-18 1.841000e-18 4.701000e-19 1.667000e-19
 23 1.000000e-76 4.738000e-53 5.453000e-40 1.629000e-33 4.051000e-22 4.707000e-20 1.425000e-18 1.670000e-17 7.557000e-17 1.501000e-16 2.808000e-16 3.881000e-16 4.727000e-16 5.286000e-16 4.846000e-16 4.172000e-16 3.525000e-16 2.970000e-16 2.152000e-16 1.617000e-16 1.324000e-16 8.356000e-17 5.694000e-17 4.088000e-17 3.049000e-17 2.340000e-17 1.838000e-17 1.470000e-17 1.194000e-17 9.821000e-18 8.170000e-18 6.862000e-18 5.450000e-18 1.957000e-18 4.997000e-19 1.772000e-19
 24 1.000000e-76 6.729000e-49 3.255000e-37 1.993000e-31 2.862000e-21 1.931000e-19 3.888000e-18 3.317000e-17 1.199000e-16 2.094000e-16 3.376000e-16 4.323000e-16 5.062000e-16 5.511000e-16 5.028000e-16 4.327000e-16 3.657000e-16 3.083000e-16 2.237000e-16 1.683000e-16 1.378000e-16 8.712000e-17 5.941000e-17 4.268000e-17 3.184000e-17 2.445000e-17 1.920000e-17 1.536000e-17 1.248000e-17 1.027000e-17 8.542000e-18 7.175000e-18 5.699000e-18 2.047000e-18 5.228000e-19 1.855000e-19
 25 6.333000e-75 3.319000e-44 4.439000e-34 4.519000e-29 2.567000e-20 9.363000e-19 1.188000e-17 7.080000e-17 1.986000e-16 3.012000e-16 4.135000e-16 4.860000e-16 5.426000e-16 5.692000e-16 5.145000e-16 4.414000e-16 3.728000e-16 3.142000e-16 2.280000e-16 1.717000e-16 1.406000e-16 8.893000e-17 6.068000e-17 4.361000e-17 3.254000e-17 2.499000e-17 1.963000e-17 1.571000e-17 1.276000e-17 1.050000e-17 8.737000e-18 7.340000e-18 5.830000e-18 2.095000e-18 5.351000e-19 1.898000e-19
 26 1.771000e-64 5.568000e-39 1.353000e-30 1.856000e-26 2.860000e-19 5.248000e-18 3.979000e-17 1.587000e-16 3.361000e-16 4.370000e-16 5.071000e-16 5.469000e-16 5.834000e-16 5.931000e-16 5.334000e-16 4.575000e-16 3.867000e-16 3.263000e-16 2.372000e-16 1.788000e-16 1.466000e-16 9.287000e-17 6.343000e-17 4.561000e-17 3.405000e-17 2.616000e-17 2.056000e-17 1.645000e-17 1.337000e-17 1.100000e-17 9.155000e-18 7.692000e-18 6.111000e-18 2.196000e-18 5.612000e-19 1.991000e-19
 27 2.677000e-62 7.017000e-38 7.449000e-30 6.756000e-26 4.941000e-19 7.866000e-18 5.361000e-17 1.969000e-16 3.928000e-16 4.922000e-16 5.399000e-16 5.585000e-16 5.809000e-16 5.823000e-16 5.250000e-16 4.524000e-16 3.839000e-16 3.250000e-16 2.374000e-16 1.796000e-16 1.475000e-16 9.375000e-17 6.416000e-17 4.620000e-17 3.452000e-17 2.654000e-17 2.087000e-17 1.671000e-17 1.358000e-17 1.118000e-17 9.306000e-18 7.820000e-18 6.214000e-18 2.235000e-18 5.713000e-19 2.027000e-19
 28 5.129000e-50 9.671000e-32 9.198000e-26 7.897000e-23 8.292000e-18 5.883000e-17 2.187000e-16 5.011000e-16 7.193000e-16 7.545000e-16 6.844000e-16 6.393000e-16 6.248000e-16 5.918000e-16 5.243000e-16 4.485000e-16 3.793000e-16 3.206000e-16 2.339000e-16 1.768000e-16 1.452000e-16 9.228000e-17 6.316000e-17 4.549000e-17 3.400000e-17 2.614000e-17 2.056000e-17 1.646000e-17 1.338000e-17 1.102000e-17 9.169000e-18 7.705000e-18 6.123000e-18 2.203000e-18 5.632000e-19 1.998000e-19
 29 1.219000e-36 4.679000e-25 2.618000e-21 1.724000e-19 1.779000e-16 5.234000e-16 1.005000e-15 1.378000e-15 1.383000e-15 1.197000e-15 8.864000e-16 7.437000e-16 6.810000e-16 6.097000e-16 5.321000e-16 4.529000e-16 3.823000e-16 3.229000e-16 2.356000e-16 1.782000e-16 1.464000e-16 9.315000e-17 6.380000e-17 4.598000e-17 3.438000e-17 2.644000e-17 2.080000e-17 1.665000e-17 1.354000e-17 1.115000e-17 9.282000e-18 7.802000e-18 6.200000e-18 2.231000e-18 5.707000e-19 2.025000e-19
 30 4.332000e-22 8.661000e-18 1.810000e-16 7.282000e-16 4.910000e-15 5.539000e-15 5.186000e-15 4.065000e-15 2.763000e-15 1.942000e-15 1.159000e-15 8.691000e-16 7.427000e-16 6.248000e-16 5.356000e-16 4.530000e-16 3.815000e-16 3.219000e-16 2.348000e-16 1.777000e-16 1.461000e-16 9.303000e-17 6.377000e-17 4.598000e-17 3.440000e-17 2.647000e-17 2.082000e-17 1.668000e-17 1.356000e-17 1.117000e-17 9.301000e-18 7.818000e-18 6.214000e-18 2.237000e-18 5.724000e-19 2.031000e-19
 31 1.000000e-76 1.227000e-66 5.410000e-49 3.162000e-40 1.049000e-24 7.441000e-22 8.746000e-20 2.942000e-18 2.736000e-17 7.669000e-17 1.789000e-16 2.541000e-16 3.168000e-16 4.011000e-16 4.157000e-16 3.929000e-16 3.559000e-16 3.161000e-16 2.461000e-16 1.936000e-16 1.624000e-16 1.071000e-16 7.485000e-17 5.464000e-17 4.123000e-17 3.192000e-17 2.523000e-17 2.028000e-17 1.654000e-17 1.366000e-17 1.139000e-17 9.592000e-18 7.638000e-18 2.765000e-18 7.096000e-19 2.521000e-19
 32 2.888000e-72 5.200000e-43 2.260000e-33 1.312000e-28 2.715000e-20 8.273000e-19 9.542000e-18 5.764000e-17 1.803000e-16 2.974000e-16 4.102000e-16 4.349000e-16 4.421000e-16 4.615000e-16 4.736000e-16 4.687000e-16 4.495000e-16 4.215000e-16 3.581000e-16 2.997000e-16 2.608000e-16 1.836000e-16 1.336000e-16 1.002000e-16 7.705000e-17 6.051000e-17 4.835000e-17 3.922000e-17 3.221000e-17 2.674000e-17 2.241000e-17 1.895000e-17 1.516000e-17 5.566000e-18 1.441000e-18 5.134000e-19
 33 1.000000e-76 2.348000e-48 7.613000e-37 3.816000e-31 3.821000e-21 2.407000e-19 4.603000e-18 3.771000e-17 1.310000e-16 2.166000e-16 2.915000e-16 3.105000e-16 3.264000e-16 3.749000e-16 4.099000e-16 4.205000e-16 4.116000e-16 3.908000e-16 3.364000e-16 2.833000e-16 2.472000e-16 1.747000e-16 1.273000e-16 9.554000e-17 7.352000e-17 5.776000e-17 4.617000e-17 3.745000e-17 3.077000e-17 2.555000e-17 2.142000e-17 1.811000e-17 1.449000e-17 5.321000e-18 1.378000e-18 4.910000e-19
 34 5.769000e-63 2.856000e-38 3.748000e-30 3.779000e-26 3.345000e-19 5.522000e-18 3.868000e-17 1.451000e-16 2.926000e-16 3.631000e-16 3.666000e-16 3.394000e-16 3.286000e-16 3.542000e-16 3.853000e-16 3.976000e-16 3.920000e-16 3.744000e-16 3.249000e-16 2.751000e-16 2.408000e-16 1.709000e-16 1.249000e-16 9.393000e-17 7.237000e-17 5.691000e-17 4.553000e-17 3.695000e-17 3.037000e-17 2.523000e-17 2.116000e-17 1.789000e-17 1.432000e-17 5.264000e-18 1.364000e-18 4.862000e-19
 35 1.000000e-76 2.705000e-53 3.495000e-40 1.106000e-33 3.054000e-22 3.619000e-20 1.112000e-18 1.316000e-17 5.907000e-17 1.117000e-16 1.695000e-16 1.891000e-16 2.062000e-16 2.633000e-16 3.159000e-16 3.451000e-16 3.523000e-16 3.442000e-16 3.066000e-16 2.632000e-16 2.320000e-16 1.665000e-16 1.224000e-16 9.234000e-17 7.132000e-17 5.618000e-17 4.500000e-17 3.656000e-17 3.007000e-17 2.500000e-17 2.097000e-17 1.774000e-17 1.421000e-17 5.232000e-18 1.357000e-18 4.839000e-19
 36 1.660000e-71 1.232000e-42 3.984000e-33 1.995000e-28 3.159000e-20 9.033000e-19 9.553000e-18 4.936000e-17 1.244000e-16 1.734000e-16 1.945000e-16 1.884000e-16 1.917000e-16 2.408000e-16 2.940000e-16 3.249000e-16 3.336000e-16 3.268000e-16 2.916000e-16 2.503000e-16 2.205000e-16 1.580000e-16 1.160000e-16 8.745000e-17 6.750000e-17 5.314000e-17 4.255000e-17 3.456000e-17 2.842000e-17 2.362000e-17 1.982000e-17 1.677000e-17 1.343000e-17 4.942000e-18 1.282000e-18 4.570000e-19
 37 1.000000e-76 2.154000e-65 2.387000e-48 6.997000e-40 6.697000e-25 3.749000e-22 3.689000e-20 1.081000e-18 9.106000e-18 2.397000e-17 5.023000e-17 6.740000e-17 8.849000e-17 1.553000e-16 2.164000e-16 2.541000e-16 2.698000e-16 2.698000e-16 2.463000e-16 2.140000e-16 1.897000e-16 1.372000e-16 1.013000e-16 7.659000e-17 5.925000e-17 4.673000e-17 3.746000e-17 3.046000e-17 2.507000e-17 2.085000e-17 1.750000e-17 1.481000e-17 1.187000e-17 4.377000e-18 1.136000e-18 4.053000e-19
 38 1.000000e-76 4.619000e-54 5.860000e-41 1.837000e-34 4.988000e-23 5.893000e-21 1.806000e-19 2.134000e-18 9.566000e-18 1.805000e-17 2.716000e-17 3.005000e-17 3.300000e-17 4.854000e-17 7.214000e-17 9.547000e-17 1.138000e-16 1.256000e-16 1.329000e-16 1.276000e-16 1.196000e-16 9.564000e-17 7.492000e-17 5.896000e-17 4.689000e-17 3.775000e-17 3.075000e-17 2.531000e-17 2.104000e-17 1.764000e-17 1.491000e-17 1.269000e-17 1.023000e-17 3.846000e-18 1.010000e-18 3.617000e-19
 39 3.711000e-65 8.081000e-39 3.742000e-30 7.090000e-26 1.952000e-18 4.001000e-17 3.296000e-16 1.402000e-15 3.087000e-15 4.000000e-15 4.053000e-15 3.399000e-15 2.699000e-15 1.691000e-15 1.212000e-15 9.531000e-16 7.915000e-16 6.776000e-16 5.224000e-16 4.180000e-16 3.568000e-16 2.449000e-16 1.764000e-16 1.317000e-16 1.010000e-16 7.917000e-17 6.319000e-17 5.121000e-17 4.203000e-17 3.488000e-17 2.923000e-17 2.470000e-17 1.975000e-17 7.243000e-18 1.874000e-18 6.674000e-19
 40 4.708000e-47 7.823000e-30 3.311000e-24 1.896000e-21 9.606000e-17 5.932000e-16 1.987000e-15 4.199000e-15 5.682000e-15 5.694000e-15 4.483000e-15 3.335000e-15 2.460000e-15 1.425000e-15 9.967000e-16 7.842000e-16 6.582000e-16 5.713000e-16 4.518000e-16 3.685000e-16 3.181000e-16 2.228000e-16 1.624000e-16 1.222000e-16 9.420000e-17 7.415000e-17 5.937000e-17 4.822000e-17 3.965000e-17 3.295000e-17 2.764000e-17 2.338000e-17 1.872000e-17 6.888000e-18 1.785000e-18 6.363000e-19
 41 1.450000e-27 4.360000e-20 1.044000e-17 1.422000e-16 8.608000e-15 1.475000e-14 1.889000e-14 1.890000e-14 1.520000e-14 1.158000e-14 6.963000e-15 4.555000e-15 3.103000e-15 1.637000e-15 1.094000e-15 8.384000e-16 6.931000e-16 5.963000e-16 4.681000e-16 3.810000e-16 3.287000e-16 2.304000e-16 1.681000e-16 1.266000e-16 9.771000e-17 7.698000e-17 6.167000e-17 5.012000e-17 4.123000e-17 3.428000e-17 2.877000e-17 2.435000e-17 1.950000e-17 7.184000e-18 1.863000e-18 6.644000e-19
 42 1.000000e-76 1.000000e-76 1.000000e-76 1.000000e-76 1.809000e-65 1.023000e-50 1.014000e-39 2.986000e-31 1.871000e-25 1.823000e-22 1.242000e-19 2.321000e-18 1.258000e-17 7.076000e-17 1.412000e-16 1.971000e-16 2.329000e-16 2.511000e-16 2.531000e-16 2.339000e-16 2.145000e-16 1.647000e-16 1.259000e-16 9.745000e-17 7.661000e-17 6.114000e-17 4.946000e-17 4.049000e-17 3.351000e-17 2.799000e-17 2.358000e-17 2.002000e-17 1.610000e-17 5.993000e-18 1.565000e-18 5.590000e-19
 43 1.000000e-76 1.000000e-76 1.000000e-76 1.000000e-76 1.867000e-65 1.048000e-50 1.033000e-39 3.031000e-31 1.893000e-25 1.842000e-22 1.252000e-19 2.336000e-18 1.262000e-17 7.041000e-17 1.396000e-16 1.943000e-16 2.294000e-16 2.474000e-16 2.498000e-16 2.312000e-16 2.123000e-16 1.635000e-16 1.252000e-16 9.709000e-17 7.644000e-17 6.107000e-17 4.945000e-17 4.052000e-17 3.355000e-17 2.804000e-17 2.364000e-17 2.008000e-17 1.615000e-17 6.023000e-18 1.574000e-18 5.627000e-19
 44 1.000000e-76 1.000000e-76 1.000000e-76 1.000000e-76 2.297000e-65 1.215000e-50 1.146000e-39 3.248000e-31 1.981000e-25 1.902000e-22 1.278000e-19 2.366000e-18 1.271000e-17 7.003000e-17 1.377000e-16 1.908000e-16 2.248000e-16 2.423000e-16 2.447000e-16 2.268000e-16 2.084000e-16 1.609000e-16 1.235000e-16 9.589000e-17 7.560000e-17 6.047000e-17 4.901000e-17 4.019000e-17 3.331000e-17 2.786000e-17 2.349000e-17 1.996000e-17 1.607000e-17 6.004000e-18 1.571000e-18 5.620000e-19
 45 1.000000e-76 1.000000e-76 1.000000e-76 1.000000e-76 2.196000e-69 1.642000e-53 1.129000e-41 1.501000e-32 2.681000e-26 4.539000e-23 5.320000e-20 1.283000e-18 8.090000e-18 5.308000e-17 1.127000e-16 1.630000e-16 1.974000e-16 2.171000e-16 2.251000e-16 2.121000e-16 1.968000e-16 1.543000e-16 1.197000e-16 9.358000e-17 7.414000e-17 5.953000e-17 4.840000e-17 3.979000e-17 3.304000e-17 2.768000e-17 2.338000e-17 1.989000e-17 1.603000e-17 6.015000e-18 1.579000e-18 5.651000e-19
 46 1.000000e-76 1.000000e-76 1.000000e-76 1.000000e-76 2.760000e-69 1.920000e-53 1.251000e-41 1.594000e-32 2.765000e-26 4.610000e-23 5.321000e-20 1.273000e-18 7.975000e-18 5.173000e-17 1.089000e-16 1.567000e-16 1.894000e-16 2.081000e-16 2.158000e-16 2.036000e-16 1.891000e-16 1.487000e-16 1.156000e-16 9.058000e-17 7.189000e-17 5.782000e-17 4.706000e-17 3.873000e-17 3.219000e-17 2.699000e-17 2.281000e-17 1.942000e-17 1.566000e-17 5.893000e-18 1.549000e-18 5.549000e-19
 47 1.000000e-76 1.000000e-76 1.000000e-76 1.000000e-76 4.338000e-69 2.634000e-53 1.550000e-41 1.824000e-32 2.994000e-26 4.849000e-23 5.437000e-20 1.282000e-18 7.953000e-18 5.075000e-17 1.057000e-16 1.510000e-16 1.818000e-16 1.992000e-16 2.063000e-16 1.947000e-16 1.809000e-16 1.426000e-16 1.111000e-16 8.724000e-17 6.938000e-17 5.588000e-17 4.555000e-17 3.754000e-17 3.123000e-17 2.621000e-17 2.217000e-17 1.889000e-17 1.525000e-17 5.753000e-18 1.515000e-18 5.431000e-19
 48 1.000000e-76 1.000000e-76 1.000000e-76 1.000000e-76 8.633000e-69 4.243000e-53 2.130000e-41 2.215000e-32 3.338000e-26 5.165000e-23 5.540000e-20 1.278000e-18 7.814000e-18 4.885000e-17 1.005000e-16 1.425000e-16 1.708000e-16 1.867000e-16 1.931000e-16 1.823000e-16 1.696000e-16 1.341000e-16 1.048000e-16 8.248000e-17 6.575000e-17 5.307000e-17 4.334000e-17 3.577000e-17 2.980000e-17 2.504000e-17 2.121000e-17 1.808000e-17 1.461000e-17 5.534000e-18 1.461000e-18 5.242000e-19
 49 3.301000e-63 5.569000e-38 1.100000e-29 1.360000e-25 1.739000e-18 3.080000e-17 2.273000e-16 8.882000e-16 1.843000e-15 2.314000e-15 2.274000e-15 1.878000e-15 1.472000e-15 8.897000e-16 6.139000e-16 4.733000e-16 3.941000e-16 3.441000e-16 2.821000e-16 2.404000e-16 2.142000e-16 1.609000e-16 1.235000e-16 9.650000e-17 7.667000e-17 6.180000e-17 5.045000e-17 4.163000e-17 3.469000e-17 2.916000e-17 2.470000e-17 2.106000e-17 1.703000e-17 6.459000e-18 1.707000e-18 6.128000e-19
 50 5.757000e-17 5.309000e-15 1.846000e-14 3.031000e-14 4.070000e-14 3.376000e-14 2.510000e-14 1.645000e-14 9.855000e-15 6.428000e-15 3.318000e-15 2.018000e-15 1.311000e-15 6.461000e-16 4.169000e-16 3.203000e-16 2.733000e-16 2.463000e-16 2.135000e-16 1.888000e-16 1.718000e-16 1.335000e-16 1.044000e-16 8.265000e-17 6.627000e-17 5.378000e-17 4.413000e-17 3.657000e-17 3.058000e-17 2.577000e-17 2.188000e-17 1.870000e-17 1.516000e-17 5.789000e-18 1.537000e-18 5.526000e-19
 51 1.000000e-76 1.000000e-76 1.000000e-76 1.000000e-76 1.000000e-76 1.537000e-63 1.004000e-48 2.763000e-37 2.016000e-29 2.414000e-25 1.934000e-21 1.160000e-19 1.272000e-18 1.511000e-17 4.122000e-17 6.841000e-17 9.074000e-17 1.067000e-16 1.215000e-16 1.221000e-16 1.177000e-16 9.925000e-17 8.086000e-17 6.560000e-17 5.348000e-17 4.393000e-17 3.638000e-17 3.037000e-17 2.555000e-17 2.164000e-17 1.844000e-17 1.582000e-17 1.287000e-17 4.973000e-18 1.331000e-18 4.795000e-19
 52 1.000000e-76 1.000000e-76 1.000000e-76 1.000000e-76 1.000000e-76 7.356000e-62 1.440000e-47 1.551000e-36 5.897000e-29 5.007000e-25 2.861000e-21 1.461000e-19 1.450000e-18 1.536000e-17 3.967000e-17 6.383000e-17 8.309000e-17 9.657000e-17 1.088000e-16 1.089000e-16 1.048000e-16 8.858000e-17 7.248000e-17 5.908000e-17 4.839000e-17 3.991000e-17 3.318000e-17 2.779000e-17 2.344000e-17 1.990000e-17 1.700000e-17 1.461000e-17 1.191000e-17 4.639000e-18 1.247000e-18 4.504000e-19
 53 2.335000e-67 2.029000e-40 1.491000e-31 3.557000e-27 1.484000e-19 3.291000e-18 2.876000e-17 1.282000e-16 2.914000e-16 3.839000e-16 3.955000e-16 3.341000e-16 2.656000e-16 1.645000e-16 1.205000e-16 1.036000e-16 9.850000e-17 9.774000e-17 9.789000e-17 9.537000e-17 9.164000e-17 7.857000e-17 6.546000e-17 5.422000e-17 4.499000e-17 3.750000e-17 3.145000e-17 2.653000e-17 2.251000e-17 1.921000e-17 1.648000e-17 1.421000e-17 1.163000e-17 4.589000e-18 1.244000e-18 4.505000e-19
 54 8.471000e-17 3.144000e-15 8.074000e-15 1.139000e-14 1.164000e-14 9.168000e-15 6.555000e-15 4.167000e-15 2.444000e-15 1.577000e-15 8.050000e-16 4.870000e-16 3.153000e-16 1.550000e-16 1.027000e-16 8.475000e-17 7.982000e-17 7.954000e-17 8.086000e-17 7.972000e-17 7.714000e-17 6.713000e-17 5.662000e-17 4.738000e-17 3.966000e-17 3.331000e-17 2.810000e-17 2.383000e-17 2.031000e-17 1.739000e-17 1.497000e-17 1.294000e-17 1.063000e-17 4.236000e-18 1.156000e-18 4.195000e-19
 55 1.000000e-76 2.511000e-46 1.065000e-35 1.932000e-30 3.102000e-21 1.379000e-19 2.031000e-18 1.358000e-17 4.093000e-17 6.258000e-17 7.463000e-17 6.759000e-17 5.609000e-17 3.708000e-17 3.102000e-17 3.320000e-17 3.897000e-17 4.528000e-17 5.432000e-17 5.786000e-17 5.805000e-17 5.345000e-17 4.665000e-17 4.000000e-17 3.412000e-17 2.908000e-17 2.482000e-17 2.125000e-17 1.825000e-17 1.573000e-17 1.361000e-17 1.183000e-17 9.768000e-18 3.956000e-18 1.091000e-18 3.973000e-19
 56 7.383000e-23 9.652000e-19 1.750000e-17 6.562000e-17 3.895000e-16 4.289000e-16 3.943000e-16 3.047000e-16 2.048000e-16 1.419000e-16 7.775000e-17 4.864000e-17 3.217000e-17 1.741000e-17 1.723000e-17 2.382000e-17 3.227000e-17 3.983000e-17 4.897000e-17 5.168000e-17 5.133000e-17 4.647000e-17 4.047000e-17 3.494000e-17 3.011000e-17 2.595000e-17 2.240000e-17 1.938000e-17 1.680000e-17 1.460000e-17 1.273000e-17 1.113000e-17 9.266000e-18 3.850000e-18 1.080000e-18 3.959000e-19
 57 1.000000e-76 1.000000e-76 1.000000e-76 1.000000e-76 1.000000e-76 1.000000e-76 1.000000e-76 1.087000e-69 1.578000e-50 1.717000e-40 9.882000e-31 3.615000e-26 2.030000e-23 1.923000e-20 3.690000e-19 1.778000e-18 4.527000e-18 8.200000e-18 1.577000e-17 2.160000e-17 2.476000e-17 2.886000e-17 2.929000e-17 2.792000e-17 2.574000e-17 2.327000e-17 2.079000e-17 1.845000e-17 1.632000e-17 1.440000e-17 1.271000e-17 1.123000e-17 9.450000e-18 4.048000e-18 1.155000e-18 4.255000e-19
 58 1.000000e-76 1.000000e-76 1.000000e-76 1.000000e-76 1.000000e-76 1.000000e-76 1.000000e-76 1.228000e-68 7.339000e-50 5.000000e-40 1.817000e-30 5.340000e-26 2.622000e-23 2.136000e-20 3.825000e-19 1.771000e-18 4.397000e-18 7.822000e-18 1.469000e-17 1.984000e-17 2.256000e-17 2.597000e-17 2.623000e-17 2.496000e-17 2.300000e-17 2.079000e-17 1.859000e-17 1.651000e-17 1.461000e-17 1.290000e-17 1.139000e-17 1.007000e-17 8.482000e-18 3.646000e-18 1.045000e-18 3.864000e-19
 59 1.000000e-76 1.000000e-76 1.000000e-76 1.000000e-76 1.000000e-76 1.000000e-76 1.000000e-76 1.802000e-67 4.048000e-49 1.646000e-39 3.603000e-30 8.322000e-26 3.523000e-23 2.430000e-20 4.033000e-19 1.788000e-18 4.316000e-18 7.527000e-18 1.378000e-17 1.829000e-17 2.061000e-17 2.336000e-17 2.340000e-17 2.217000e-17 2.038000e-17 1.841000e-17 1.645000e-17 1.461000e-17 1.292000e-17 1.142000e-17 1.008000e-17 8.912000e-18 7.510000e-18 3.231000e-18 9.263000e-19 3.422000e-19
 60 1.000000e-76 1.000000e-76 1.000000e-76 1.000000e-76 1.000000e-76 1.000000e-76 1.000000e-76 3.408000e-66 2.609000e-48 6.016000e-39 7.537000e-30 1.335000e-25 4.801000e-23 2.758000e-20 4.210000e-19 1.779000e-18 4.163000e-18 7.106000e-18 1.264000e-17 1.648000e-17 1.838000e-17 2.047000e-17 2.031000e-17 1.915000e-17 1.756000e-17 1.583000e-17 1.413000e-17 1.254000e-17 1.110000e-17 9.804000e-18 8.659000e-18 7.653000e-18 6.451000e-18 2.782000e-18 8.017000e-19 2.971000e-19
 61 1.000000e-76 1.000000e-76 1.000000e-76 1.000000e-76 1.000000e-76 1.000000e-76 1.000000e-76 1.000000e-76 2.003000e-65 2.875000e-51 1.857000e-37 5.734000e-31 4.918000e-27 9.898000e-23 7.708000e-21 8.253000e-20 3.508000e-19 9.057000e-19 2.711000e-18 4.808000e-18 6.313000e-18 9.217000e-18 1.067000e-17 1.110000e-17 1.091000e-17 1.035000e-17 9.601000e-18 8.784000e-18 7.962000e-18 7.175000e-18 6.442000e-18 5.774000e-18 4.946000e-18 2.243000e-18 6.697000e-19 2.517000e-19
 62 1.000000e-76 1.000000e-76 1.000000e-76 1.000000e-76 1.000000e-76 1.000000e-76 1.000000e-76 1.000000e-76 5.395000e-65 5.424000e-51 2.468000e-37 6.454000e-31 4.997000e-27 8.968000e-23 6.627000e-21 6.885000e-20 2.871000e-19 7.310000e-19 2.149000e-18 3.767000e-18 4.914000e-18 7.095000e-18 8.165000e-18 8.480000e-18 8.324000e-18 7.897000e-18 7.330000e-18 6.710000e-18 6.086000e-18 5.489000e-18 4.933000e-18 4.425000e-18 3.795000e-18 1.736000e-18 5.257000e-19 1.992000e-19
 63 1.000000e-76 1.000000e-76 1.000000e-76 1.000000e-76 1.000000e-76 1.000000e-76 1.000000e-76 1.000000e-76 7.403000e-68 4.277000e-53 1.086000e-38 6.431000e-32 8.229000e-28 2.594000e-23 2.482000e-21 2.987000e-20 1.369000e-19 3.721000e-19 1.187000e-18 2.181000e-18 2.915000e-18 4.379000e-18 5.154000e-18 5.434000e-18 5.393000e-18 5.161000e-18 4.824000e-18 4.441000e-18 4.048000e-18 3.666000e-18 3.307000e-18 2.977000e-18 2.566000e-18 1.202000e-18 3.759000e-19 1.449000e-19
 64 1.000000e-76 1.000000e-76 1.000000e-76 1.000000e-76 1.000000e-76 1.000000e-76 1.000000e-76 4.328000e-62 5.834000e-46 1.598000e-37 2.467000e-29 1.614000e-25 3.146000e-23 9.120000e-21 1.027000e-19 3.711000e-19 7.991000e-19 1.307000e-18 2.264000e-18 2.959000e-18 3.324000e-18 3.793000e-18 3.854000e-18 3.716000e-18 3.476000e-18 3.190000e-18 2.892000e-18 2.602000e-18 2.331000e-18 2.083000e-18 1.861000e-18 1.663000e-18 1.424000e-18 6.725000e-19 2.218000e-19 8.831000e-20
 65 1.000000e-76 1.000000e-76 1.000000e-76 1.000000e-76 1.000000e-76 1.000000e-76 1.000000e-76 1.000000e-76 1.000000e-76 1.000000e-76 1.000000e-76 1.000000e-76 1.000000e-76 1.000000e-76 1.107000e-76 1.439000e-62 1.674000e-53 3.217000e-47 2.625000e-39 1.245000e-34 3.807000e-32 4.851000e-28 9.632000e-26 2.689000e-24 2.568000e-23 1.284000e-22 4.225000e-22 1.043000e-21 2.100000e-21 3.635000e-21 5.614000e-21 7.937000e-21 1.151000e-20 2.510000e-20 1.942000e-20 1.001000e-20
 66 1.000000e-76 1.000000e-76 1.000000e-76 1.000000e-76 1.000000e-76 1.000000e-76 1.000000e-76 1.000000e-76 1.000000e-76 1.000000e-76 1.000000e-76 1.000000e-76 1.000000e-76 1.000000e-76 1.000000e-76 1.070000e-62 1.522000e-53 3.363000e-47 3.282000e-39 1.736000e-34 5.635000e-32 7.947000e-28 1.671000e-25 4.823000e-24 4.697000e-23 2.375000e-22 7.853000e-22 1.943000e-21 3.912000e-21 6.768000e-21 1.044000e-20 1.474000e-20 2.133000e-20 4.615000e-20 3.552000e-20 1.828000e-20
 67 1.000000e-76 1.000000e-76 1.000000e-76 1.000000e-76 1.000000e-76 1.000000e-76 1.000000e-76 1.000000e-76 1.000000e-76 1.000000e-76 1.000000e-76 1.000000e-76 1.000000e-76 1.000000e-76 1.000000e-76 1.000000e-76 1.000000e-76 1.000000e-76 1.000000e-76 1.000000e-76 1.000000e-76 1.000000e-76 1.000000e-76 1.000000e-76 1.000000e-76 1.000000e-76 1.000000e-76 1.000000e-76 1.000000e-76 1.000000e-76 1.000000e-76 1.000000e-76 1.000000e-76 1.000000e-76 1.000000e-76 1.000000e-76
