n   Temperature [K]
 36 5.802259e+03 1.160452e+04 1.740678e+04 2.320904e+04 5.802259e+04 8.123163e+04 1.160452e+05 1.740678e+05 2.669039e+05 3.713446e+05 6.034349e+05 8.587343e+05 1.160452e+06 1.914745e+06 2.727062e+06 3.597401e+06 4.525762e+06 5.512146e+06 7.600959e+06 9.805818e+06 1.160452e+07 1.672211e+07 2.233870e+07 2.847749e+07 3.516169e+07 4.241451e+07 5.025917e+07 5.871886e+07 6.781680e+07 7.757620e+07 8.802027e+07 9.917221e+07 1.160452e+08 2.320904e+08 5.802259e+08 1.160452e+09
Q   Rate [m3/s]
  1 1.000000e-76 1.000000e-76 6.260000e-72 2.799000e-58 8.974000e-34 3.645000e-29 9.199000e-26 3.433000e-23 1.720000e-21 1.163000e-20 5.999000e-20 1.092000e-19 1.391000e-19 1.428000e-19 1.201000e-19 9.713000e-20 7.848000e-20 6.398000e-20 4.443000e-20 3.260000e-20 2.637000e-20 1.639000e-20 1.111000e-20 7.969000e-21 5.947000e-21 4.571000e-21 3.595000e-21 2.880000e-21 2.343000e-21 1.931000e-21 1.609000e-21 1.353000e-21 1.077000e-21 3.893000e-22 9.997000e-23 3.553000e-23
  2 1.633000e-17 5.144000e-17 6.393000e-17 6.444000e-17 3.775000e-17 2.693000e-17 1.791000e-17 1.077000e-17 6.082000e-18 3.862000e-18 2.016000e-18 1.319000e-18 9.508000e-19 5.668000e-19 3.874000e-19 2.823000e-19 2.143000e-19 1.677000e-19 1.108000e-19 7.892000e-20 6.282000e-20 3.796000e-20 2.529000e-20 1.792000e-20 1.326000e-20 1.012000e-20 7.919000e-21 6.317000e-21 5.121000e-21 4.208000e-21 3.497000e-21 2.935000e-21 2.329000e-21 8.352000e-22 2.133000e-22 7.567000e-23
  3 5.812000e-16 7.920000e-16 7.159000e-16 6.434000e-16 4.547000e-16 3.749000e-16 2.857000e-16 1.942000e-16 1.203000e-16 8.013000e-17 4.239000e-17 2.621000e-17 1.727000e-17 8.545000e-18 5.164000e-18 3.468000e-18 2.487000e-18 1.867000e-18 1.167000e-18 8.025000e-19 6.261000e-19 3.648000e-19 2.375000e-19 1.655000e-19 1.210000e-19 9.149000e-20 7.104000e-20 5.633000e-20 4.543000e-20 3.717000e-20 3.078000e-20 2.575000e-20 2.036000e-20 7.215000e-21 1.828000e-21 6.468000e-22
  4 3.151000e-20 8.078000e-18 4.076000e-17 8.457000e-17 2.613000e-16 2.918000e-16 2.827000e-16 2.334000e-16 1.664000e-16 1.194000e-16 6.807000e-17 4.358000e-17 2.930000e-17 1.479000e-17 9.000000e-18 6.065000e-18 4.358000e-18 3.275000e-18 2.049000e-18 1.410000e-18 1.100000e-18 6.412000e-19 4.173000e-19 2.909000e-19 2.126000e-19 1.607000e-19 1.248000e-19 9.894000e-20 7.980000e-20 6.527000e-20 5.404000e-20 4.522000e-20 3.575000e-20 1.267000e-20 3.209000e-21 1.135000e-21
  5 2.764000e-16 8.798000e-16 9.981000e-16 9.429000e-16 5.846000e-16 5.035000e-16 4.343000e-16 3.506000e-16 2.557000e-16 1.881000e-16 1.107000e-16 7.207000e-17 4.895000e-17 2.495000e-17 1.525000e-17 1.029000e-17 7.404000e-18 5.567000e-18 3.485000e-18 2.399000e-18 1.872000e-18 1.091000e-18 7.100000e-19 4.949000e-19 3.616000e-19 2.734000e-19 2.123000e-19 1.683000e-19 1.357000e-19 1.110000e-19 9.190000e-20 7.689000e-20 6.078000e-20 2.153000e-20 5.454000e-21 1.929000e-21
  6 4.522000e-19 4.091000e-17 1.415000e-16 2.324000e-16 3.670000e-16 3.701000e-16 3.637000e-16 3.326000e-16 2.693000e-16 2.107000e-16 1.323000e-16 8.894000e-17 6.163000e-17 3.213000e-17 1.984000e-17 1.347000e-17 9.721000e-18 7.327000e-18 4.601000e-18 3.172000e-18 2.478000e-18 1.446000e-18 9.423000e-19 6.573000e-19 4.804000e-19 3.634000e-19 2.822000e-19 2.238000e-19 1.805000e-19 1.477000e-19 1.223000e-19 1.023000e-19 8.087000e-20 2.866000e-20 7.261000e-21 2.568000e-21
  7 1.254000e-23 2.525000e-19 5.287000e-18 2.134000e-17 1.615000e-16 2.136000e-16 2.579000e-16 2.823000e-16 2.643000e-16 2.250000e-16 1.543000e-16 1.084000e-16 7.717000e-17 4.146000e-17 2.593000e-17 1.774000e-17 1.287000e-17 9.729000e-18 6.134000e-18 4.240000e-18 3.316000e-18 1.939000e-18 1.265000e-18 8.830000e-19 6.457000e-19 4.886000e-19 3.795000e-19 3.010000e-19 2.428000e-19 1.987000e-19 1.645000e-19 1.377000e-19 1.088000e-19 3.859000e-20 9.777000e-21 3.459000e-21
  8 4.479000e-26 1.578000e-20 8.579000e-19 5.572000e-18 9.579000e-17 1.443000e-16 1.911000e-16 2.285000e-16 2.324000e-16 2.088000e-16 1.520000e-16 1.101000e-16 7.990000e-17 4.387000e-17 2.772000e-17 1.907000e-17 1.388000e-17 1.052000e-17 6.657000e-18 4.609000e-18 3.609000e-18 2.115000e-18 1.381000e-18 9.646000e-19 7.058000e-19 5.343000e-19 4.152000e-19 3.294000e-19 2.658000e-19 2.175000e-19 1.801000e-19 1.507000e-19 1.192000e-19 4.228000e-20 1.071000e-20 3.791000e-21
  9 4.867000e-28 1.744000e-21 2.054000e-19 1.963000e-18 6.586000e-17 1.098000e-16 1.551000e-16 1.965000e-16 2.124000e-16 1.992000e-16 1.525000e-16 1.135000e-16 8.379000e-17 4.695000e-17 2.996000e-17 2.072000e-17 1.514000e-17 1.150000e-17 7.301000e-18 5.065000e-18 3.970000e-18 2.331000e-18 1.524000e-18 1.065000e-18 7.800000e-19 5.907000e-19 4.592000e-19 3.643000e-19 2.940000e-19 2.407000e-19 1.994000e-19 1.669000e-19 1.320000e-19 4.683000e-20 1.187000e-20 4.201000e-21
 10 5.169000e-57 2.286000e-36 1.341000e-29 2.859000e-26 1.694000e-20 2.171000e-19 1.794000e-18 1.097000e-17 4.092000e-17 8.051000e-17 1.415000e-16 1.637000e-16 1.611000e-16 1.264000e-16 9.451000e-17 7.166000e-17 5.556000e-17 4.401000e-17 2.942000e-17 2.106000e-17 1.678000e-17 1.013000e-17 6.725000e-18 4.748000e-18 3.500000e-18 2.663000e-18 2.078000e-18 1.654000e-18 1.337000e-18 1.097000e-18 9.099000e-19 7.625000e-19 6.040000e-19 2.152000e-19 5.469000e-20 1.937000e-20
 11 1.000000e-76 5.712000e-48 6.381000e-37 1.878000e-31 7.479000e-22 4.250000e-20 8.403000e-19 8.465000e-18 4.112000e-17 8.860000e-17 1.586000e-16 1.784000e-16 1.703000e-16 1.274000e-16 9.277000e-17 6.919000e-17 5.306000e-17 4.170000e-17 2.760000e-17 1.963000e-17 1.559000e-17 9.359000e-18 6.194000e-18 4.365000e-18 3.213000e-18 2.443000e-18 1.904000e-18 1.515000e-18 1.224000e-18 1.004000e-18 8.324000e-19 6.974000e-19 5.522000e-19 1.966000e-19 4.993000e-20 1.768000e-20
 12 1.000000e-76 4.323000e-46 1.039000e-35 1.444000e-30 1.748000e-21 8.115000e-20 1.350000e-18 1.164000e-17 5.065000e-17 1.033000e-16 1.759000e-16 1.935000e-16 1.821000e-16 1.341000e-16 9.699000e-17 7.205000e-17 5.511000e-17 4.323000e-17 2.855000e-17 2.028000e-17 1.610000e-17 9.652000e-18 6.385000e-18 4.497000e-18 3.310000e-18 2.516000e-18 1.961000e-18 1.560000e-18 1.261000e-18 1.033000e-18 8.571000e-19 7.181000e-19 5.686000e-19 2.024000e-19 5.140000e-20 1.820000e-20
 13 1.006000e-66 1.219000e-40 4.641000e-32 7.975000e-28 1.871000e-20 3.890000e-19 3.563000e-18 2.004000e-17 6.853000e-17 1.271000e-16 2.018000e-16 2.163000e-16 2.009000e-16 1.461000e-16 1.051000e-16 7.781000e-17 5.940000e-17 4.654000e-17 3.070000e-17 2.179000e-17 1.729000e-17 1.036000e-17 6.850000e-18 4.824000e-18 3.550000e-18 2.699000e-18 2.103000e-18 1.673000e-18 1.352000e-18 1.108000e-18 9.192000e-19 7.701000e-19 6.097000e-19 2.170000e-19 5.513000e-20 1.952000e-20
 14 1.298000e-55 4.686000e-35 2.568000e-28 5.294000e-25 2.693000e-19 2.606000e-18 1.273000e-17 4.138000e-17 9.741000e-17 1.548000e-16 2.226000e-16 2.329000e-16 2.149000e-16 1.562000e-16 1.126000e-16 8.363000e-17 6.396000e-17 5.019000e-17 3.317000e-17 2.357000e-17 1.872000e-17 1.123000e-17 7.432000e-18 5.237000e-18 3.856000e-18 2.932000e-18 2.286000e-18 1.818000e-18 1.470000e-18 1.205000e-18 9.994000e-19 8.373000e-19 6.631000e-19 2.361000e-19 5.998000e-20 2.124000e-20
 15 3.703000e-37 8.158000e-26 3.793000e-22 2.277000e-20 1.992000e-17 5.721000e-17 1.114000e-16 1.721000e-16 2.322000e-16 2.732000e-16 2.973000e-16 2.766000e-16 2.392000e-16 1.631000e-16 1.147000e-16 8.398000e-17 6.370000e-17 4.971000e-17 3.263000e-17 2.310000e-17 1.831000e-17 1.095000e-17 7.235000e-18 5.093000e-18 3.747000e-18 2.847000e-18 2.219000e-18 1.765000e-18 1.426000e-18 1.169000e-18 9.695000e-19 8.122000e-19 6.431000e-19 2.289000e-19 5.814000e-20 2.058000e-20
 16 1.654000e-21 5.610000e-18 6.488000e-17 1.943000e-16 7.696000e-16 7.882000e-16 7.012000e-16 5.736000e-16 4.811000e-16 4.358000e-16 3.695000e-16 3.097000e-16 2.542000e-16 1.664000e-16 1.158000e-16 8.457000e-17 6.412000e-17 5.005000e-17 3.289000e-17 2.332000e-17 1.849000e-17 1.108000e-17 7.328000e-18 5.163000e-18 3.800000e-18 2.890000e-18 2.253000e-18 1.792000e-18 1.449000e-18 1.188000e-18 9.851000e-19 8.254000e-19 6.537000e-19 2.327000e-19 5.914000e-20 2.094000e-20
 17 1.000000e-76 1.000000e-76 1.060000e-58 7.553000e-48 1.435000e-28 5.491000e-25 2.526000e-22 2.975000e-20 8.359000e-19 5.000000e-18 3.064000e-17 7.112000e-17 1.116000e-16 1.526000e-16 1.488000e-16 1.315000e-16 1.126000e-16 9.564000e-17 6.986000e-17 5.271000e-17 4.322000e-17 2.736000e-17 1.868000e-17 1.342000e-17 1.002000e-17 7.696000e-18 6.046000e-18 4.837000e-18 3.930000e-18 3.234000e-18 2.690000e-18 2.260000e-18 1.795000e-18 6.449000e-19 1.647000e-19 5.842000e-20
 18 6.822000e-48 1.019000e-30 4.163000e-25 2.342000e-22 1.150000e-17 7.062000e-17 2.369000e-16 5.138000e-16 7.588000e-16 8.612000e-16 8.683000e-16 7.780000e-16 6.591000e-16 4.404000e-16 3.069000e-16 2.237000e-16 1.692000e-16 1.318000e-16 8.623000e-17 6.093000e-17 4.822000e-17 2.876000e-17 1.897000e-17 1.333000e-17 9.795000e-18 7.436000e-18 5.791000e-18 4.602000e-18 3.718000e-18 3.046000e-18 2.525000e-18 2.114000e-18 1.673000e-18 5.947000e-19 1.509000e-19 5.342000e-20
 19 2.616000e-52 4.977000e-33 1.023000e-26 1.291000e-23 2.711000e-18 2.197000e-17 9.065000e-17 2.315000e-16 3.889000e-16 4.845000e-16 5.592000e-16 5.457000e-16 4.904000e-16 3.516000e-16 2.534000e-16 1.884000e-16 1.442000e-16 1.133000e-16 7.498000e-17 5.334000e-17 4.237000e-17 2.543000e-17 1.683000e-17 1.185000e-17 8.725000e-18 6.633000e-18 5.170000e-18 4.111000e-18 3.323000e-18 2.724000e-18 2.259000e-18 1.892000e-18 1.498000e-18 5.332000e-19 1.354000e-19 4.794000e-20
 20 4.240000e-56 7.099000e-35 6.490000e-28 1.727000e-24 1.390000e-18 1.454000e-17 7.258000e-17 2.136000e-16 3.914000e-16 5.078000e-16 6.145000e-16 6.201000e-16 5.720000e-16 4.248000e-16 3.118000e-16 2.343000e-16 1.807000e-16 1.427000e-16 9.506000e-17 6.790000e-17 5.405000e-17 3.257000e-17 2.161000e-17 1.525000e-17 1.123000e-17 8.547000e-18 6.667000e-18 5.304000e-18 4.290000e-18 3.517000e-18 2.918000e-18 2.445000e-18 1.937000e-18 6.897000e-19 1.753000e-19 6.207000e-20
 21 1.153000e-59 1.297000e-36 4.820000e-29 2.587000e-25 7.356000e-19 9.784000e-18 5.840000e-17 1.965000e-16 3.907000e-16 5.240000e-16 6.533000e-16 6.725000e-16 6.307000e-16 4.797000e-16 3.567000e-16 2.701000e-16 2.095000e-16 1.660000e-16 1.112000e-16 7.965000e-17 6.352000e-17 3.839000e-17 2.551000e-17 1.803000e-17 1.329000e-17 1.012000e-17 7.900000e-18 6.288000e-18 5.087000e-18 4.172000e-18 3.462000e-18 2.902000e-18 2.299000e-18 8.194000e-19 2.083000e-19 7.378000e-20
 22 6.476000e-63 3.377000e-38 4.508000e-30 4.586000e-26 4.123000e-19 6.827000e-18 4.799000e-17 1.826000e-16 3.916000e-16 5.423000e-16 6.984000e-16 7.368000e-16 7.062000e-16 5.544000e-16 4.194000e-16 3.210000e-16 2.507000e-16 1.997000e-16 1.346000e-16 9.684000e-17 7.740000e-17 4.696000e-17 3.128000e-17 2.213000e-17 1.634000e-17 1.245000e-17 9.724000e-18 7.744000e-18 6.267000e-18 5.142000e-18 4.268000e-18 3.578000e-18 2.835000e-18 1.011000e-18 2.573000e-19 9.112000e-20
 23 7.485000e-66 1.248000e-39 5.288000e-31 9.583000e-27 2.436000e-19 4.917000e-18 4.008000e-17 1.706000e-16 3.919000e-16 5.578000e-16 7.344000e-16 7.877000e-16 7.668000e-16 6.171000e-16 4.734000e-16 3.656000e-16 2.872000e-16 2.298000e-16 1.558000e-16 1.124000e-16 9.004000e-17 5.482000e-17 3.659000e-17 2.593000e-17 1.916000e-17 1.461000e-17 1.142000e-17 9.094000e-18 7.363000e-18 6.043000e-18 5.016000e-18 4.206000e-18 3.334000e-18 1.190000e-18 3.029000e-19 1.073000e-19
 24 2.190000e-68 7.281000e-41 8.365000e-32 2.496000e-27 1.557000e-19 3.730000e-18 3.455000e-17 1.620000e-16 3.952000e-16 5.758000e-16 7.725000e-16 8.422000e-16 8.341000e-16 6.905000e-16 5.385000e-16 4.203000e-16 3.326000e-16 2.674000e-16 1.825000e-16 1.323000e-16 1.062000e-16 6.489000e-17 4.341000e-17 3.081000e-17 2.279000e-17 1.739000e-17 1.360000e-17 1.084000e-17 8.778000e-18 7.206000e-18 5.984000e-18 5.019000e-18 3.979000e-18 1.421000e-18 3.619000e-19 1.282000e-19
 25 1.627000e-70 6.720000e-42 1.788000e-32 8.120000e-28 1.079000e-19 2.983000e-18 3.077000e-17 1.567000e-16 4.019000e-16 5.965000e-16 8.075000e-16 8.860000e-16 8.855000e-16 7.464000e-16 5.889000e-16 4.631000e-16 3.684000e-16 2.974000e-16 2.040000e-16 1.483000e-16 1.193000e-16 7.313000e-17 4.902000e-17 3.483000e-17 2.579000e-17 1.969000e-17 1.540000e-17 1.228000e-17 9.953000e-18 8.172000e-18 6.788000e-18 5.694000e-18 4.515000e-18 1.614000e-18 4.112000e-19 1.457000e-19
 26 1.000000e-76 5.570000e-45 1.659000e-34 2.520000e-29 2.942000e-20 1.231000e-18 1.732000e-17 1.121000e-16 3.380000e-16 5.421000e-16 7.842000e-16 8.889000e-16 9.108000e-16 7.963000e-16 6.413000e-16 5.107000e-16 4.098000e-16 3.329000e-16 2.302000e-16 1.683000e-16 1.356000e-16 8.356000e-17 5.617000e-17 3.998000e-17 2.964000e-17 2.266000e-17 1.774000e-17 1.415000e-17 1.147000e-17 9.423000e-18 7.829000e-18 6.569000e-18 5.211000e-18 1.864000e-18 4.752000e-19 1.684000e-19
 27 1.000000e-76 8.760000e-46 5.031000e-35 1.061000e-29 2.238000e-20 1.048000e-18 1.605000e-17 1.108000e-16 3.478000e-16 5.659000e-16 8.211000e-16 9.310000e-16 9.580000e-16 8.485000e-16 6.901000e-16 5.534000e-16 4.462000e-16 3.638000e-16 2.528000e-16 1.853000e-16 1.497000e-16 9.250000e-17 6.229000e-17 4.439000e-17 3.294000e-17 2.520000e-17 1.973000e-17 1.575000e-17 1.277000e-17 1.050000e-17 8.721000e-18 7.319000e-18 5.807000e-18 2.079000e-18 5.302000e-19 1.879000e-19
 28 1.000000e-76 2.165000e-46 2.047000e-35 5.539000e-30 1.829000e-20 9.329000e-19 1.523000e-17 1.104000e-16 3.573000e-16 5.871000e-16 8.494000e-16 9.582000e-16 9.854000e-16 8.787000e-16 7.197000e-16 5.802000e-16 4.696000e-16 3.840000e-16 2.680000e-16 1.970000e-16 1.594000e-16 9.876000e-17 6.663000e-17 4.754000e-17 3.531000e-17 2.702000e-17 2.117000e-17 1.691000e-17 1.371000e-17 1.127000e-17 9.369000e-18 7.865000e-18 6.241000e-18 2.236000e-18 5.704000e-19 2.022000e-19
 29 1.000000e-76 8.583000e-47 1.139000e-35 3.653000e-30 1.637000e-20 8.848000e-19 1.509000e-17 1.131000e-16 3.735000e-16 6.171000e-16 8.876000e-16 9.943000e-16 1.021000e-15 9.147000e-16 7.539000e-16 6.108000e-16 4.963000e-16 4.070000e-16 2.852000e-16 2.103000e-16 1.704000e-16 1.059000e-16 7.153000e-17 5.110000e-17 3.799000e-17 2.909000e-17 2.281000e-17 1.822000e-17 1.478000e-17 1.215000e-17 1.010000e-17 8.482000e-18 6.732000e-18 2.414000e-18 6.160000e-19 2.184000e-19
 30 1.000000e-76 6.006000e-47 9.230000e-36 3.186000e-30 1.629000e-20 9.031000e-19 1.569000e-17 1.194000e-16 3.970000e-16 6.555000e-16 9.316000e-16 1.031000e-15 1.051000e-15 9.382000e-16 7.745000e-16 6.289000e-16 5.120000e-16 4.206000e-16 2.954000e-16 2.182000e-16 1.770000e-16 1.102000e-16 7.457000e-17 5.332000e-17 3.966000e-17 3.039000e-17 2.384000e-17 1.905000e-17 1.546000e-17 1.271000e-17 1.057000e-17 8.876000e-18 7.046000e-18 2.528000e-18 6.453000e-19 2.289000e-19
 31 1.000000e-76 6.725000e-47 1.020000e-35 3.499000e-30 1.769000e-20 9.785000e-19 1.697000e-17 1.289000e-16 4.276000e-16 7.020000e-16 9.828000e-16 1.076000e-15 1.091000e-15 9.775000e-16 8.123000e-16 6.632000e-16 5.423000e-16 4.470000e-16 3.155000e-16 2.338000e-16 1.900000e-16 1.187000e-16 8.046000e-17 5.761000e-17 4.289000e-17 3.289000e-17 2.581000e-17 2.063000e-17 1.675000e-17 1.378000e-17 1.146000e-17 9.625000e-18 7.643000e-18 2.744000e-18 7.008000e-19 2.486000e-19
 32 1.000000e-76 1.134000e-53 3.138000e-40 1.453000e-33 7.965000e-22 1.076000e-19 3.644000e-18 4.656000e-17 2.204000e-16 4.288000e-16 6.718000e-16 7.552000e-16 7.990000e-16 8.488000e-16 8.274000e-16 7.610000e-16 6.790000e-16 5.973000e-16 4.599000e-16 3.596000e-16 3.009000e-16 1.974000e-16 1.377000e-16 1.004000e-16 7.566000e-17 5.854000e-17 4.624000e-17 3.716000e-17 3.030000e-17 2.500000e-17 2.085000e-17 1.755000e-17 1.398000e-17 5.056000e-18 1.297000e-18 4.607000e-19
 33 1.000000e-76 1.194000e-46 1.516000e-35 4.754000e-30 2.046000e-20 1.098000e-18 1.861000e-17 1.388000e-16 4.516000e-16 7.205000e-16 9.228000e-16 9.337000e-16 9.201000e-16 9.044000e-16 8.577000e-16 7.799000e-16 6.921000e-16 6.071000e-16 4.662000e-16 3.641000e-16 3.045000e-16 1.996000e-16 1.392000e-16 1.014000e-16 7.645000e-17 5.914000e-17 4.672000e-17 3.754000e-17 3.060000e-17 2.525000e-17 2.106000e-17 1.773000e-17 1.411000e-17 5.105000e-18 1.310000e-18 4.651000e-19
 34 4.499000e-65 4.932000e-39 1.817000e-30 3.070000e-26 6.882000e-19 1.356000e-17 1.085000e-16 4.511000e-16 9.775000e-16 1.258000e-15 1.297000e-15 1.174000e-15 1.073000e-15 9.697000e-16 8.922000e-16 8.009000e-16 7.062000e-16 6.172000e-16 4.723000e-16 3.683000e-16 3.077000e-16 2.016000e-16 1.405000e-16 1.024000e-16 7.714000e-17 5.967000e-17 4.713000e-17 3.787000e-17 3.087000e-17 2.547000e-17 2.125000e-17 1.788000e-17 1.424000e-17 5.149000e-18 1.321000e-18 4.691000e-19
 35 9.484000e-49 7.137000e-31 4.997000e-25 3.681000e-22 2.934000e-17 1.975000e-16 7.060000e-16 1.569000e-15 2.199000e-15 2.247000e-15 1.840000e-15 1.480000e-15 1.251000e-15 1.036000e-15 9.227000e-16 8.166000e-16 7.150000e-16 6.224000e-16 4.745000e-16 3.694000e-16 3.085000e-16 2.020000e-16 1.407000e-16 1.025000e-16 7.727000e-17 5.977000e-17 4.721000e-17 3.794000e-17 3.093000e-17 2.552000e-17 2.129000e-17 1.792000e-17 1.427000e-17 5.160000e-18 1.324000e-18 4.702000e-19
 36 3.095000e-31 4.050000e-22 3.410000e-19 8.712000e-18 1.636000e-15 3.478000e-15 5.236000e-15 5.940000e-15 5.215000e-15 4.164000e-15 2.665000e-15 1.893000e-15 1.474000e-15 1.114000e-15 9.587000e-16 8.366000e-16 7.276000e-16 6.313000e-16 4.799000e-16 3.732000e-16 3.116000e-16 2.040000e-16 1.421000e-16 1.036000e-16 7.809000e-17 6.041000e-17 4.773000e-17 3.836000e-17 3.127000e-17 2.581000e-17 2.153000e-17 1.812000e-17 1.443000e-17 5.221000e-18 1.340000e-18 4.759000e-19
 37 9.960000e-13 7.005000e-13 4.795000e-13 3.493000e-13 1.086000e-13 6.819000e-14 4.113000e-14 2.291000e-14 1.226000e-14 7.538000e-15 3.723000e-15 2.329000e-15 1.674000e-15 1.163000e-15 9.725000e-16 8.388000e-16 7.256000e-16 6.279000e-16 4.763000e-16 3.702000e-16 3.091000e-16 2.024000e-16 1.411000e-16 1.029000e-16 7.757000e-17 6.003000e-17 4.743000e-17 3.813000e-17 3.109000e-17 2.566000e-17 2.141000e-17 1.802000e-17 1.435000e-17 5.195000e-18 1.333000e-18 4.736000e-19
 38 3.861000e-15 4.376000e-14 7.567000e-14 8.760000e-14 6.272000e-14 4.616000e-14 3.136000e-14 1.916000e-14 1.094000e-14 6.957000e-15 3.542000e-15 2.234000e-15 1.602000e-15 1.100000e-15 9.173000e-16 7.929000e-16 6.884000e-16 5.979000e-16 4.565000e-16 3.565000e-16 2.985000e-16 1.965000e-16 1.374000e-16 1.004000e-16 7.583000e-17 5.875000e-17 4.647000e-17 3.738000e-17 3.050000e-17 2.519000e-17 2.102000e-17 1.770000e-17 1.410000e-17 5.111000e-18 1.313000e-18 4.665000e-19
 39 1.000000e-76 1.000000e-76 1.000000e-76 4.997000e-70 3.054000e-36 6.530000e-30 3.127000e-25 1.132000e-21 2.741000e-19 4.274000e-18 5.177000e-17 1.497000e-16 2.699000e-16 4.666000e-16 5.380000e-16 5.370000e-16 5.032000e-16 4.576000e-16 3.673000e-16 2.945000e-16 2.498000e-16 1.678000e-16 1.186000e-16 8.729000e-17 6.623000e-17 5.148000e-17 4.082000e-17 3.290000e-17 2.689000e-17 2.223000e-17 1.857000e-17 1.565000e-17 1.248000e-17 4.537000e-18 1.167000e-18 4.151000e-19
 40 1.000000e-76 1.000000e-76 1.000000e-76 7.283000e-64 2.844000e-34 1.177000e-28 1.964000e-24 3.566000e-21 5.661000e-19 7.144000e-18 7.008000e-17 1.819000e-16 3.052000e-16 4.862000e-16 5.424000e-16 5.329000e-16 4.952000e-16 4.481000e-16 3.580000e-16 2.864000e-16 2.428000e-16 1.630000e-16 1.153000e-16 8.480000e-17 6.434000e-17 5.003000e-17 3.967000e-17 3.198000e-17 2.613000e-17 2.161000e-17 1.806000e-17 1.522000e-17 1.214000e-17 4.414000e-18 1.136000e-18 4.040000e-19
 41 1.000000e-76 1.000000e-76 5.140000e-66 4.881000e-53 6.147000e-30 1.213000e-25 1.755000e-22 4.550000e-20 2.150000e-18 1.623000e-17 1.063000e-16 2.340000e-16 3.565000e-16 5.128000e-16 5.493000e-16 5.294000e-16 4.868000e-16 4.379000e-16 3.478000e-16 2.777000e-16 2.352000e-16 1.578000e-16 1.116000e-16 8.211000e-17 6.232000e-17 4.847000e-17 3.844000e-17 3.099000e-17 2.533000e-17 2.095000e-17 1.751000e-17 1.476000e-17 1.177000e-17 4.283000e-18 1.103000e-18 3.922000e-19
 42 1.755000e-75 2.823000e-44 5.487000e-34 6.734000e-29 5.355000e-20 2.083000e-18 2.776000e-17 1.728000e-16 5.047000e-16 7.741000e-16 9.583000e-16 9.174000e-16 8.292000e-16 6.967000e-16 6.386000e-16 6.019000e-16 5.687000e-16 5.347000e-16 4.662000e-16 4.024000e-16 3.582000e-16 2.644000e-16 1.988000e-16 1.527000e-16 1.195000e-16 9.510000e-17 7.680000e-17 6.280000e-17 5.193000e-17 4.336000e-17 3.652000e-17 3.100000e-17 2.491000e-17 9.278000e-18 2.424000e-18 8.663000e-19
 43 1.261000e-48 6.816000e-31 4.274000e-25 2.979000e-22 2.150000e-17 1.420000e-16 5.005000e-16 1.100000e-15 1.530000e-15 1.556000e-15 1.247000e-15 9.564000e-16 7.559000e-16 5.698000e-16 5.214000e-16 5.027000e-16 4.863000e-16 4.662000e-16 4.167000e-16 3.645000e-16 3.264000e-16 2.429000e-16 1.832000e-16 1.409000e-16 1.103000e-16 8.784000e-17 7.094000e-17 5.802000e-17 4.797000e-17 4.005000e-17 3.373000e-17 2.863000e-17 2.301000e-17 8.569000e-18 2.238000e-18 8.000000e-19
 44 1.834000e-20 7.535000e-17 9.290000e-16 2.872000e-15 1.204000e-14 1.241000e-14 1.086000e-14 8.076000e-15 5.284000e-15 3.611000e-15 1.957000e-15 1.243000e-15 8.717000e-16 5.775000e-16 5.068000e-16 4.823000e-16 4.649000e-16 4.451000e-16 3.976000e-16 3.478000e-16 3.113000e-16 2.315000e-16 1.746000e-16 1.342000e-16 1.050000e-16 8.360000e-17 6.751000e-17 5.520000e-17 4.564000e-17 3.811000e-17 3.209000e-17 2.724000e-17 2.189000e-17 8.151000e-18 2.129000e-18 7.610000e-19
 45 1.000000e-76 1.000000e-76 1.000000e-76 1.000000e-76 4.898000e-43 8.318000e-35 1.058000e-28 4.887000e-24 6.906000e-21 2.708000e-19 7.923000e-18 3.399000e-17 7.729000e-17 1.807000e-16 2.580000e-16 3.067000e-16 3.323000e-16 3.408000e-16 3.274000e-16 2.970000e-16 2.706000e-16 2.066000e-16 1.579000e-16 1.223000e-16 9.630000e-17 7.694000e-17 6.231000e-17 5.107000e-17 4.230000e-17 3.537000e-17 2.982000e-17 2.533000e-17 2.038000e-17 7.616000e-18 1.994000e-18 7.132000e-19
 46 1.661000e-76 5.824000e-45 1.468000e-34 2.051000e-29 2.060000e-20 8.378000e-19 1.154000e-17 7.319000e-17 2.128000e-16 3.192000e-16 3.744000e-16 3.420000e-16 2.996000e-16 2.640000e-16 2.792000e-16 3.028000e-16 3.192000e-16 3.254000e-16 3.139000e-16 2.867000e-16 2.624000e-16 2.021000e-16 1.553000e-16 1.207000e-16 9.528000e-17 7.626000e-17 6.184000e-17 5.074000e-17 4.206000e-17 3.519000e-17 2.969000e-17 2.523000e-17 2.032000e-17 7.604000e-18 1.993000e-18 7.131000e-19
 47 5.438000e-47 2.732000e-30 7.760000e-25 3.641000e-22 1.288000e-17 7.430000e-17 2.365000e-16 4.801000e-16 6.319000e-16 6.241000e-16 4.853000e-16 3.645000e-16 2.849000e-16 2.341000e-16 2.526000e-16 2.797000e-16 2.984000e-16 3.060000e-16 2.961000e-16 2.701000e-16 2.469000e-16 1.893000e-16 1.450000e-16 1.124000e-16 8.856000e-17 7.078000e-17 5.733000e-17 4.700000e-17 3.893000e-17 3.256000e-17 2.745000e-17 2.332000e-17 1.877000e-17 7.017000e-18 1.838000e-18 6.575000e-19
 48 1.000000e-76 5.554000e-60 1.075000e-44 4.164000e-37 1.044000e-23 2.919000e-21 1.707000e-19 3.336000e-18 2.121000e-17 4.807000e-17 8.457000e-17 9.443000e-17 9.782000e-17 1.260000e-16 1.686000e-16 2.046000e-16 2.283000e-16 2.400000e-16 2.385000e-16 2.206000e-16 2.030000e-16 1.573000e-16 1.212000e-16 9.431000e-17 7.446000e-17 5.962000e-17 4.836000e-17 3.969000e-17 3.291000e-17 2.754000e-17 2.324000e-17 1.976000e-17 1.591000e-17 5.961000e-18 1.563000e-18 5.597000e-19
 49 1.569000e-74 1.989000e-44 1.657000e-34 1.331000e-29 4.938000e-21 1.661000e-19 1.984000e-18 1.127000e-17 3.033000e-17 4.369000e-17 4.920000e-17 4.400000e-17 3.815000e-17 3.594000e-17 4.640000e-17 6.229000e-17 7.853000e-17 9.253000e-17 1.103000e-16 1.162000e-16 1.156000e-16 1.032000e-16 8.674000e-17 7.163000e-17 5.899000e-17 4.874000e-17 4.050000e-17 3.388000e-17 2.853000e-17 2.418000e-17 2.061000e-17 1.768000e-17 1.438000e-17 5.553000e-18 1.483000e-18 5.342000e-19
 50 1.000000e-76 1.000000e-76 1.000000e-76 1.000000e-76 1.000000e-76 1.800000e-64 2.797000e-49 1.509000e-37 1.760000e-29 2.699000e-25 2.757000e-21 1.856000e-19 2.184000e-18 2.795000e-17 7.833000e-17 1.313000e-16 1.745000e-16 2.049000e-16 2.319000e-16 2.311000e-16 2.213000e-16 1.835000e-16 1.469000e-16 1.173000e-16 9.425000e-17 7.644000e-17 6.260000e-17 5.175000e-17 4.316000e-17 3.629000e-17 3.074000e-17 2.621000e-17 2.118000e-17 8.010000e-18 2.111000e-18 7.569000e-19
 51 1.000000e-76 1.000000e-76 1.000000e-76 1.000000e-76 1.000000e-76 1.741000e-64 2.652000e-49 1.410000e-37 1.626000e-29 2.480000e-25 2.520000e-21 1.692000e-19 1.986000e-18 2.536000e-17 7.114000e-17 1.197000e-16 1.598000e-16 1.886000e-16 2.156000e-16 2.165000e-16 2.083000e-16 1.743000e-16 1.404000e-16 1.125000e-16 9.064000e-17 7.366000e-17 6.041000e-17 5.000000e-17 4.173000e-17 3.511000e-17 2.975000e-17 2.538000e-17 2.052000e-17 7.768000e-18 2.048000e-18 7.343000e-19
 52 1.000000e-76 1.000000e-76 1.000000e-76 1.000000e-76 1.000000e-76 2.197000e-64 3.139000e-49 1.587000e-37 1.769000e-29 2.648000e-25 2.642000e-21 1.759000e-19 2.052000e-18 2.598000e-17 7.243000e-17 1.213000e-16 1.617000e-16 1.906000e-16 2.177000e-16 2.189000e-16 2.107000e-16 1.766000e-16 1.425000e-16 1.143000e-16 9.223000e-17 7.502000e-17 6.158000e-17 5.101000e-17 4.260000e-17 3.586000e-17 3.040000e-17 2.595000e-17 2.099000e-17 7.959000e-18 2.101000e-18 7.536000e-19
 53 1.000000e-76 1.000000e-76 1.000000e-76 1.000000e-76 1.000000e-76 3.201000e-64 4.084000e-49 1.891000e-37 1.982000e-29 2.874000e-25 2.778000e-21 1.821000e-19 2.104000e-18 2.628000e-17 7.266000e-17 1.210000e-16 1.607000e-16 1.890000e-16 2.155000e-16 2.166000e-16 2.086000e-16 1.750000e-16 1.414000e-16 1.136000e-16 9.175000e-17 7.470000e-17 6.137000e-17 5.087000e-17 4.251000e-17 3.581000e-17 3.037000e-17 2.594000e-17 2.099000e-17 7.976000e-18 2.109000e-18 7.567000e-19
 54 1.000000e-76 1.000000e-76 1.000000e-76 1.000000e-76 1.000000e-76 5.352000e-64 5.832000e-49 2.388000e-37 2.298000e-29 3.185000e-25 2.946000e-21 1.890000e-19 2.155000e-18 2.645000e-17 7.238000e-17 1.197000e-16 1.582000e-16 1.855000e-16 2.109000e-16 2.118000e-16 2.040000e-16 1.714000e-16 1.386000e-16 1.115000e-16 9.015000e-17 7.347000e-17 6.041000e-17 5.011000e-17 4.192000e-17 3.533000e-17 2.999000e-17 2.562000e-17 2.075000e-17 7.900000e-18 2.092000e-18 7.512000e-19
 55 1.000000e-76 1.000000e-76 1.000000e-76 1.000000e-76 1.000000e-76 1.050000e-63 9.301000e-49 3.242000e-37 2.790000e-29 3.644000e-25 3.180000e-21 1.985000e-19 2.224000e-18 2.670000e-17 7.215000e-17 1.183000e-16 1.554000e-16 1.815000e-16 2.056000e-16 2.062000e-16 1.985000e-16 1.667000e-16 1.350000e-16 1.087000e-16 8.796000e-17 7.176000e-17 5.907000e-17 4.904000e-17 4.105000e-17 3.462000e-17 2.941000e-17 2.513000e-17 2.037000e-17 7.776000e-18 2.063000e-18 7.413000e-19
 56 1.000000e-76 1.000000e-76 1.000000e-76 1.000000e-76 1.000000e-76 1.631000e-69 7.984000e-53 6.306000e-40 4.756000e-31 1.952000e-26 5.247000e-22 5.593000e-20 8.703000e-19 1.507000e-17 4.802000e-17 8.635000e-17 1.203000e-16 1.463000e-16 1.744000e-16 1.804000e-16 1.767000e-16 1.529000e-16 1.260000e-16 1.027000e-16 8.379000e-17 6.881000e-17 5.693000e-17 4.746000e-17 3.986000e-17 3.371000e-17 2.870000e-17 2.458000e-17 1.997000e-17 7.682000e-18 2.048000e-18 7.370000e-19
 57 1.000000e-76 1.000000e-76 1.000000e-76 1.000000e-76 1.000000e-76 2.679000e-69 1.117000e-52 7.787000e-40 5.385000e-31 2.111000e-26 5.426000e-22 5.661000e-20 8.691000e-19 1.480000e-17 4.667000e-17 8.333000e-17 1.155000e-16 1.400000e-16 1.663000e-16 1.719000e-16 1.683000e-16 1.458000e-16 1.203000e-16 9.822000e-17 8.030000e-17 6.604000e-17 5.471000e-17 4.566000e-17 3.840000e-17 3.251000e-17 2.770000e-17 2.375000e-17 1.931000e-17 7.451000e-18 1.991000e-18 7.171000e-19
 58 1.000000e-76 1.000000e-76 1.000000e-76 1.000000e-76 1.000000e-76 5.182000e-69 1.751000e-52 1.037000e-39 6.400000e-31 2.363000e-26 5.726000e-22 5.809000e-20 8.763000e-19 1.460000e-17 4.549000e-17 8.052000e-17 1.109000e-16 1.339000e-16 1.582000e-16 1.632000e-16 1.597000e-16 1.384000e-16 1.143000e-16 9.350000e-17 7.657000e-17 6.307000e-17 5.233000e-17 4.374000e-17 3.683000e-17 3.121000e-17 2.662000e-17 2.284000e-17 1.860000e-17 7.203000e-18 1.930000e-18 6.959000e-19
 59 1.000000e-76 1.000000e-76 1.000000e-76 1.000000e-76 1.000000e-76 1.185000e-68 3.063000e-52 1.472000e-39 7.855000e-31 2.686000e-26 6.037000e-22 5.909000e-20 8.718000e-19 1.415000e-17 4.345000e-17 7.618000e-17 1.042000e-16 1.252000e-16 1.473000e-16 1.517000e-16 1.484000e-16 1.287000e-16 1.066000e-16 8.734000e-17 7.169000e-17 5.919000e-17 4.920000e-17 4.120000e-17 3.475000e-17 2.950000e-17 2.519000e-17 2.164000e-17 1.765000e-17 6.869000e-18 1.847000e-18 6.669000e-19
 60 1.000000e-76 1.000000e-76 1.000000e-76 1.000000e-76 1.000000e-76 1.000000e-76 1.096000e-63 3.410000e-47 8.153000e-36 6.974000e-30 3.710000e-24 1.636000e-21 6.085000e-20 2.780000e-18 1.368000e-17 3.134000e-17 5.085000e-17 6.873000e-17 9.384000e-17 1.056000e-16 1.085000e-16 1.021000e-16 8.878000e-17 7.514000e-17 6.312000e-17 5.301000e-17 4.467000e-17 3.780000e-17 3.216000e-17 2.749000e-17 2.362000e-17 2.039000e-17 1.672000e-17 6.625000e-18 1.801000e-18 6.527000e-19
 61 1.000000e-76 1.000000e-76 1.000000e-76 1.000000e-76 1.000000e-76 1.000000e-76 2.397000e-62 2.601000e-46 2.988000e-35 1.737000e-29 6.319000e-24 2.325000e-21 7.740000e-20 3.117000e-18 1.445000e-17 3.192000e-17 5.058000e-17 6.726000e-17 9.005000e-17 1.004000e-16 1.026000e-16 9.604000e-17 8.337000e-17 7.059000e-17 5.935000e-17 4.992000e-17 4.212000e-17 3.570000e-17 3.040000e-17 2.603000e-17 2.239000e-17 1.934000e-17 1.588000e-17 6.318000e-18 1.722000e-18 6.249000e-19
 62 1.000000e-76 1.000000e-76 1.000000e-76 1.000000e-76 1.000000e-76 1.000000e-76 6.099000e-61 2.160000e-45 1.139000e-34 4.391000e-29 1.067000e-23 3.241000e-21 9.586000e-20 3.378000e-18 1.470000e-17 3.131000e-17 4.846000e-17 6.345000e-17 8.348000e-17 9.225000e-17 9.396000e-17 8.768000e-17 7.613000e-17 6.456000e-17 5.440000e-17 4.586000e-17 3.878000e-17 3.294000e-17 2.811000e-17 2.411000e-17 2.077000e-17 1.797000e-17 1.478000e-17 5.917000e-18 1.620000e-18 5.888000e-19
 63 1.000000e-76 1.000000e-76 1.000000e-76 1.000000e-76 1.000000e-76 1.000000e-76 1.843000e-59 1.989000e-44 4.588000e-34 1.143000e-28 1.810000e-23 4.484000e-21 1.170000e-19 3.579000e-18 1.457000e-17 2.986000e-17 4.509000e-17 5.807000e-17 7.505000e-17 8.229000e-17 8.357000e-17 7.787000e-17 6.777000e-17 5.769000e-17 4.882000e-17 4.133000e-17 3.510000e-17 2.992000e-17 2.562000e-17 2.204000e-17 1.904000e-17 1.652000e-17 1.362000e-17 5.507000e-18 1.518000e-18 5.532000e-19
 64 1.000000e-76 1.000000e-76 7.533000e-60 2.185000e-48 5.157000e-28 3.073000e-24 1.782000e-21 2.073000e-19 4.561000e-18 1.989000e-17 6.646000e-17 9.826000e-17 1.101000e-16 9.815000e-17 7.897000e-17 6.624000e-17 5.996000e-17 5.798000e-17 5.959000e-17 6.215000e-17 6.310000e-17 6.099000e-17 5.523000e-17 4.857000e-17 4.217000e-17 3.644000e-17 3.146000e-17 2.718000e-17 2.353000e-17 2.043000e-17 1.778000e-17 1.553000e-17 1.291000e-17 5.338000e-18 1.493000e-18 5.465000e-19
 65 1.000000e-76 3.067000e-53 3.764000e-40 1.161000e-33 3.058000e-22 3.592000e-20 1.096000e-18 1.291000e-17 5.774000e-17 1.087000e-16 1.590000e-16 1.587000e-16 1.397000e-16 9.499000e-17 6.762000e-17 5.346000e-17 4.760000e-17 4.645000e-17 4.953000e-17 5.297000e-17 5.438000e-17 5.327000e-17 4.856000e-17 4.294000e-17 3.749000e-17 3.255000e-17 2.822000e-17 2.448000e-17 2.127000e-17 1.851000e-17 1.616000e-17 1.414000e-17 1.179000e-17 4.916000e-18 1.383000e-18 5.073000e-19
 66 1.000000e-76 1.000000e-76 6.594000e-68 1.389000e-54 7.344000e-31 1.902000e-26 3.320000e-23 9.103000e-21 3.635000e-19 2.171000e-18 9.880000e-18 1.692000e-17 2.075000e-17 2.057000e-17 1.843000e-17 1.906000e-17 2.253000e-17 2.744000e-17 3.680000e-17 4.270000e-17 4.499000e-17 4.514000e-17 4.155000e-17 3.705000e-17 3.260000e-17 2.853000e-17 2.490000e-17 2.173000e-17 1.898000e-17 1.661000e-17 1.455000e-17 1.278000e-17 1.070000e-17 4.526000e-18 1.285000e-18 4.729000e-19
 67 1.000000e-76 1.067000e-61 4.903000e-46 2.926000e-38 1.596000e-24 5.177000e-22 3.384000e-20 7.209000e-19 4.868000e-18 1.139000e-17 2.063000e-17 2.279000e-17 2.136000e-17 1.612000e-17 1.518000e-17 1.926000e-17 2.588000e-17 3.266000e-17 4.230000e-17 4.632000e-17 4.686000e-17 4.342000e-17 3.812000e-17 3.312000e-17 2.880000e-17 2.511000e-17 2.194000e-17 1.922000e-17 1.688000e-17 1.484000e-17 1.308000e-17 1.156000e-17 9.744000e-18 4.234000e-18 1.227000e-18 4.552000e-19
 68 1.000000e-76 1.000000e-76 1.000000e-76 1.000000e-76 1.000000e-76 1.000000e-76 1.000000e-76 1.000000e-76 2.610000e-62 6.029000e-49 6.464000e-36 8.498000e-30 4.312000e-26 4.819000e-22 2.865000e-20 2.630000e-19 1.012000e-18 2.435000e-18 6.631000e-18 1.101000e-17 1.388000e-17 1.869000e-17 2.054000e-17 2.074000e-17 2.003000e-17 1.883000e-17 1.740000e-17 1.589000e-17 1.441000e-17 1.299000e-17 1.168000e-17 1.049000e-17 9.000000e-18 4.099000e-18 1.218000e-18 4.552000e-19
 69 1.000000e-76 1.000000e-76 1.000000e-76 1.000000e-76 1.000000e-76 1.000000e-76 1.000000e-76 1.000000e-76 1.997000e-61 2.512000e-48 1.482000e-35 1.467000e-29 6.250000e-26 5.742000e-22 3.121000e-20 2.722000e-19 1.014000e-18 2.384000e-18 6.304000e-18 1.028000e-17 1.283000e-17 1.698000e-17 1.849000e-17 1.857000e-17 1.788000e-17 1.678000e-17 1.550000e-17 1.415000e-17 1.283000e-17 1.157000e-17 1.041000e-17 9.346000e-18 8.025000e-18 3.664000e-18 1.094000e-18 4.107000e-19
 70 1.000000e-76 1.000000e-76 1.000000e-76 1.000000e-76 1.000000e-76 1.000000e-76 1.000000e-76 1.000000e-76 1.816000e-60 1.183000e-47 3.657000e-35 2.660000e-29 9.382000e-26 6.973000e-22 3.440000e-20 2.838000e-19 1.020000e-18 2.340000e-18 5.995000e-18 9.591000e-18 1.184000e-17 1.537000e-17 1.654000e-17 1.650000e-17 1.582000e-17 1.481000e-17 1.365000e-17 1.246000e-17 1.129000e-17 1.018000e-17 9.154000e-18 8.217000e-18 7.056000e-18 3.223000e-18 9.619000e-19 3.607000e-19
 71 1.000000e-76 1.000000e-76 1.000000e-76 1.000000e-76 1.000000e-76 1.000000e-76 1.000000e-76 1.000000e-76 1.980000e-59 6.298000e-47 9.619000e-35 5.004000e-29 1.436000e-25 8.474000e-22 3.760000e-20 2.921000e-19 1.010000e-18 2.255000e-18 5.582000e-18 8.745000e-18 1.067000e-17 1.356000e-17 1.442000e-17 1.427000e-17 1.361000e-17 1.271000e-17 1.169000e-17 1.065000e-17 9.646000e-18 8.695000e-18 7.817000e-18 7.016000e-18 6.023000e-18 2.755000e-18 8.264000e-19 3.112000e-19
 72 1.000000e-76 1.000000e-76 1.000000e-76 1.000000e-76 1.000000e-76 1.000000e-76 1.000000e-76 1.000000e-76 1.000000e-76 6.502000e-72 3.786000e-50 7.110000e-40 1.290000e-33 1.051000e-26 1.282000e-23 6.591000e-22 7.675000e-21 3.979000e-20 2.847000e-19 8.369000e-19 1.428000e-18 3.173000e-18 4.630000e-18 5.612000e-18 6.163000e-18 6.374000e-18 6.341000e-18 6.141000e-18 5.837000e-18 5.475000e-18 5.086000e-18 4.693000e-18 4.159000e-18 2.093000e-18 6.695000e-19 2.584000e-19
 73 1.000000e-76 1.000000e-76 1.000000e-76 1.000000e-76 1.000000e-76 1.000000e-76 1.000000e-76 1.000000e-76 1.000000e-76 9.563000e-72 4.314000e-50 7.175000e-40 1.208000e-33 9.057000e-27 1.063000e-23 5.346000e-22 6.139000e-21 3.151000e-20 2.227000e-19 6.493000e-19 1.103000e-18 2.429000e-18 3.526000e-18 4.262000e-18 4.674000e-18 4.832000e-18 4.808000e-18 4.658000e-18 4.431000e-18 4.159000e-18 3.866000e-18 3.570000e-18 3.167000e-18 1.606000e-18 5.218000e-19 2.036000e-19
 74 1.000000e-76 1.000000e-76 1.000000e-76 1.000000e-76 1.000000e-76 1.000000e-76 1.000000e-76 1.000000e-76 1.000000e-76 1.460000e-74 6.885000e-52 3.497000e-41 1.170000e-34 1.892000e-27 3.160000e-24 1.943000e-22 2.539000e-21 1.425000e-20 1.127000e-19 3.512000e-19 6.179000e-19 1.440000e-18 2.158000e-18 2.661000e-18 2.960000e-18 3.094000e-18 3.104000e-18 3.029000e-18 2.898000e-18 2.733000e-18 2.552000e-18 2.365000e-18 2.109000e-18 1.095000e-18 3.689000e-19 1.473000e-19
 75 1.000000e-76 1.000000e-76 1.000000e-76 1.000000e-76 1.000000e-76 1.000000e-76 1.000000e-76 1.000000e-76 7.226000e-57 2.359000e-45 3.845000e-34 6.900000e-29 1.030000e-25 2.918000e-22 9.254000e-21 5.942000e-20 1.824000e-19 3.771000e-19 8.634000e-19 1.321000e-18 1.610000e-18 2.103000e-18 2.321000e-18 2.382000e-18 2.348000e-18 2.257000e-18 2.130000e-18 1.985000e-18 1.833000e-18 1.681000e-18 1.535000e-18 1.397000e-18 1.222000e-18 6.148000e-19 2.164000e-19 8.996000e-20
 76 1.000000e-76 1.000000e-76 1.000000e-76 1.000000e-76 1.000000e-76 1.000000e-76 1.000000e-76 1.000000e-76 1.000000e-76 1.000000e-76 1.000000e-76 1.000000e-76 1.000000e-76 1.000000e-76 1.000000e-76 1.000000e-76 4.411000e-67 2.050000e-58 1.656000e-47 4.791000e-41 1.342000e-37 7.232000e-32 1.253000e-28 1.415000e-26 3.553000e-25 3.587000e-24 2.005000e-23 7.483000e-23 2.096000e-22 4.753000e-22 9.189000e-22 1.570000e-21 2.837000e-21 1.208000e-20 1.426000e-20 8.504000e-21
 77 1.000000e-76 1.000000e-76 1.000000e-76 1.000000e-76 1.000000e-76 1.000000e-76 1.000000e-76 1.000000e-76 1.000000e-76 1.000000e-76 1.000000e-76 1.000000e-76 1.000000e-76 1.000000e-76 1.000000e-76 1.000000e-76 3.803000e-67 2.059000e-58 2.010000e-47 6.491000e-41 1.930000e-37 1.152000e-31 2.121000e-28 2.495000e-26 6.437000e-25 6.619000e-24 3.746000e-23 1.410000e-22 3.970000e-22 9.032000e-22 1.749000e-21 2.992000e-21 5.411000e-21 2.300000e-20 2.711000e-20 1.615000e-20
 78 1.000000e-76 1.000000e-76 1.000000e-76 1.000000e-76 1.000000e-76 1.000000e-76 1.000000e-76 1.000000e-76 1.000000e-76 1.000000e-76 1.000000e-76 1.000000e-76 1.000000e-76 1.000000e-76 1.000000e-76 1.000000e-76 1.000000e-76 1.000000e-76 1.000000e-76 1.000000e-76 1.000000e-76 1.000000e-76 1.000000e-76 1.000000e-76 1.000000e-76 1.000000e-76 1.000000e-76 1.000000e-76 1.000000e-76 1.000000e-76 1.000000e-76 1.000000e-76 1.000000e-76 1.000000e-76 1.000000e-76 1.000000e-76
